1138 1138 4054
1 1 1474.7789999999999964
5 1 -9.0171329999999994
563 1 -5.7306590000000002
2 2 9.1366540000000001
10 2 -3.4059949999999999
563 2 -5.7306590000000002
3 3 69.6146800000000070
11 3 -8.8105729999999998
34 3 -31.1526500000000013
35 3 -16.0668399999999991
104 3 -4.8692599999999997
475 3 -8.7153569999999991
4 4 68.6010600000000039
7 4 -34.6202499999999986
27 4 -0.4755112000000000
101 4 -28.6649700000000003
102 4 -0.7463244000000000
103 4 -4.0939980000000000
1 5 -9.0171329999999994
5 5 13.8880499999999998
9 5 -4.8709210000000001
6 6 116.8288000000000011
7 6 -10.9612400000000001
37 6 -56.8181799999999981
98 6 -10.8813899999999997
103 6 -38.1679400000000015
4 7 -34.6202499999999986
6 7 -10.9612400000000001
7 7 52.7672600000000003
37 7 -4.7737259999999999
101 7 -0.7772424000000000
102 7 -1.0729730000000000
103 7 -0.5618293000000000
8 8 30.2578800000000001
26 8 -3.7524860000000002
35 8 -0.4975867000000000
724 8 -26.0077999999999996
5 9 -4.8709210000000001
9 9 7.1744510000000004
10 9 -0.9056330000000000
104 9 -1.3978980000000001
2 10 -3.4059949999999999
9 10 -0.9056330000000000
10 10 5.7095260000000003
104 10 -1.3978980000000001
3 11 -8.8105729999999998
11 11 27.1858399999999989
12 11 -1.2386969999999999
38 11 -7.4183969999999997
566 11 -9.7181730000000002
11 12 -1.2386969999999999
12 12 1.2386969999999999
13 13 7.1426460000000001
34 13 -1.8519200000000000
104 13 -5.2907260000000003
14 14 12.9533699999999996
413 14 -12.9533699999999996
15 15 1696.7560000000000855
16 15 -30.6748499999999993
17 15 -30.4878000000000000
18 15 -30.3951400000000014
19 15 -30.3951400000000014
411 15 -1574.8030000000001110
15 16 -30.6748499999999993
16 16 30.6748499999999993
15 17 -30.4878000000000000
17 17 30.4878000000000000
15 18 -30.3951400000000014
18 18 30.3951400000000014
15 19 -30.3951400000000014
19 19 30.3951400000000014
20 20 5746.1220000000002983
21 20 -5714.2870000000002619
37 20 -18.2481699999999982
102 20 -13.5869599999999995
20 21 -5714.2870000000002619
21 21 5735.0219999999999345
22 21 -5.2056220000000000
23 21 -5.1867219999999996
24 21 -5.1813469999999997
25 21 -5.1626219999999998
21 22 -5.2056220000000000
22 22 5.2056220000000000
21 23 -5.1867219999999996
23 23 5.1867219999999996
21 24 -5.1813469999999997
24 24 5.1813469999999997
21 25 -5.1626219999999998
25 25 5.1626219999999998
8 26 -3.7524860000000002
26 26 4.3713360000000003
35 26 -0.6188502000000000
4 27 -0.4755112000000000
27 27 9.1234739999999999
28 27 -2.3736050000000000
29 27 -2.4390239999999999
30 27 -1.1903340000000000
101 27 -2.6449989999999999
27 28 -2.3736050000000000
28 28 2.3736050000000000
27 29 -2.4390239999999999
29 29 2.4390239999999999
27 30 -1.1903340000000000
30 30 1.1903340000000000
31 31 1.6882140000000001
32 31 -0.6254691000000000
100 31 -1.0627439999999999
31 32 -0.6254691000000000
32 32 1.6882140000000001
100 32 -1.0627439999999999
33 33 0.6581979000000000
100 33 -0.6581979000000000
3 34 -31.1526500000000013
13 34 -1.8519200000000000
34 34 56.3145900000000026
104 34 -10.1347900000000006
553 34 -13.1752300000000009
3 35 -16.0668399999999991
8 35 -0.4975867000000000
26 35 -0.6188502000000000
35 35 10018.2999999999992724
104 35 -1.1127560000000001
710 35 -10000.0000000000000000
36 36 10000.0000000000000000
711 36 -10000.0000000000000000
6 37 -56.8181799999999981
7 37 -4.7737259999999999
20 37 -18.2481699999999982
37 37 80.3335299999999961
102 37 -0.4934373000000000
11 38 -7.4183969999999997
38 38 74.9912300000000016
39 38 -15.6739800000000002
98 38 -46.2963000000000022
412 38 -5.6025549999999997
38 39 -15.6739800000000002
39 39 16.4174199999999999
99 39 -0.7434391000000000
40 40 245.9335000000000093
41 40 -126.5823000000000036
43 40 -55.2486200000000025
45 40 -64.1025700000000001
40 41 -126.5823000000000036
41 41 988.9011000000000422
42 41 -28.9855100000000014
44 41 -833.3333000000000084
41 42 -28.9855100000000014
42 42 28.9855100000000014
40 43 -55.2486200000000025
43 43 4403.0749999999998181
146 43 -4347.8260000000000218
41 44 -833.3333000000000084
44 44 10833.3299999999999272
486 44 -10000.0000000000000000
40 45 -64.1025700000000001
45 45 118.7473999999999990
49 45 -54.6448099999999997
46 46 10000.0000000000000000
48 46 -10000.0000000000000000
47 47 104.9317999999999955
48 47 -104.9317999999999955
46 48 -10000.0000000000000000
47 48 -104.9317999999999955
48 48 20183.3600000000005821
54 48 -78.4313700000000011
506 48 -10000.0000000000000000
45 49 -54.6448099999999997
49 49 288.7540000000000191
50 49 -126.5823000000000036
53 49 -107.5268999999999977
49 50 -126.5823000000000036
50 50 988.9011000000000422
51 50 -28.9855100000000014
52 50 -833.3333000000000084
50 51 -28.9855100000000014
51 51 28.9855100000000014
50 52 -833.3333000000000084
52 52 874.3169000000000324
125 52 -40.9836099999999988
49 53 -107.5268999999999977
53 53 1586.0979999999999563
54 53 -1428.5719999999998890
55 53 -50.0000000000000000
48 54 -78.4313700000000011
53 54 -1428.5719999999998890
54 54 1957.6330000000000382
425 54 -119.0476000000000028
445 54 -184.5237999999999943
447 54 -147.0587999999999909
53 55 -50.0000000000000000
55 55 50.0000000000000000
56 56 29.3255100000000013
63 56 -29.3255100000000013
57 57 112.3596000000000004
66 57 -112.3596000000000004
58 58 15.6494499999999999
70 58 -15.6494499999999999
59 59 24.3308999999999997
67 59 -24.3308999999999997
60 60 104.1667000000000058
68 60 -104.1667000000000058
61 61 125.0000000000000000
130 61 -125.0000000000000000
62 62 50.7614200000000011
129 62 -50.7614200000000011
56 63 -29.3255100000000013
63 63 10059.5400000000008731
64 63 -30.2114800000000017
65 63 -10000.0000000000000000
63 64 -30.2114800000000017
64 64 159.7101999999999862
71 64 -40.9836099999999988
131 64 -16.0513599999999990
226 64 -72.4637699999999967
63 65 -10000.0000000000000000
65 65 10015.9200000000000728
1095 65 -15.9235699999999998
57 66 -112.3596000000000004
66 66 442.0022999999999911
67 66 -97.0873799999999960
68 66 -24.2718400000000010
74 66 -32.6532600000000031
183 66 -147.0587999999999909
226 66 -28.5714299999999994
59 67 -24.3308999999999997
66 67 -97.0873799999999960
67 67 167.4071000000000140
68 67 -30.6748499999999993
69 67 -15.3139400000000006
60 68 -104.1667000000000058
66 68 -24.2718400000000010
67 68 -30.6748499999999993
68 68 289.2932000000000130
74 68 -47.5921000000000021
90 68 -32.3364899999999977
201 68 -50.2512600000000020
67 69 -15.3139400000000006
69 69 190.7524999999999977
70 69 -175.4386000000000081
58 70 -15.6494499999999999
69 70 -175.4386000000000081
70 70 225.5076999999999998
182 70 -4.9554010000000002
196 70 -5.1706310000000002
1063 70 -4.6232090000000001
1065 70 -16.4744600000000005
1074 70 -3.1959089999999999
64 71 -40.9836099999999988
71 71 96.5391699999999986
72 71 -55.5555599999999998
71 72 -55.5555599999999998
72 72 84.9206400000000059
73 72 -5.5555550000000000
121 72 -23.8095199999999991
72 73 -5.5555550000000000
73 73 5.5555550000000000
66 74 -32.6532600000000031
68 74 -47.5921000000000021
74 74 384.9024000000000001
75 74 -40.3225800000000021
76 74 -25.4452900000000000
78 74 -34.3870999999999967
80 74 -15.8227899999999995
119 74 -188.6792000000000087
74 75 -40.3225800000000021
75 75 693.1041000000000167
204 75 -645.1612999999999829
810 75 -4.6082950000000000
918 75 -3.0120480000000001
74 76 -25.4452900000000000
76 76 147.3944999999999936
77 76 -30.0300300000000000
78 76 -36.3636399999999966
127 76 -55.5555599999999998
76 77 -30.0300300000000000
77 77 5030.0299999999997453
1050 77 -5000.0000000000000000
74 78 -34.3870999999999967
76 78 -36.3636399999999966
78 78 262.6700000000000159
79 78 -90.9090900000000062
452 78 -101.0100999999999942
78 79 -90.9090900000000062
79 79 564.4213999999999487
416 79 -48.0769200000000012
417 79 -48.0769200000000012
454 79 -377.3584999999999923
74 80 -15.8227899999999995
80 80 657.1666000000000167
81 80 -67.1140999999999934
447 80 -476.1904999999999859
452 80 -98.0392200000000003
80 81 -67.1140999999999934
81 81 420.0095000000000027
448 81 -158.7301999999999964
450 81 -175.4386000000000081
464 81 -18.7265900000000016
82 82 4.9751240000000001
94 82 -4.9751240000000001
83 83 17.2413799999999995
94 83 -17.2413799999999995
84 84 17.5746900000000004
95 84 -17.5746900000000004
85 85 439.0804999999999723
87 85 -172.4138000000000090
126 85 -266.6666999999999916
86 86 6807.4960000000000946
87 86 -5000.0000000000000000
241 86 -46.5116299999999967
251 86 -71.9424499999999938
253 86 -74.6268699999999967
267 86 -94.7867399999999947
269 86 -277.7778000000000134
283 86 -138.8889000000000067
291 86 -49.0196100000000001
293 86 -57.1428599999999989
294 86 -57.1428599999999989
302 86 -689.6552000000000362
315 86 -250.0000000000000000
85 87 -172.4138000000000090
86 87 -5000.0000000000000000
87 87 5319.4719999999997526
88 87 -147.0587999999999909
87 88 -147.0587999999999909
88 88 147.0587999999999909
89 89 65.3412000000000006
105 89 -38.3141699999999972
115 89 -27.0270299999999999
68 90 -32.3364899999999977
90 90 64.8305900000000008
91 90 -32.4941000000000031
90 91 -32.4941000000000031
91 91 645.0560000000000400
92 91 -163.6514999999999986
108 91 -67.5675700000000035
115 91 -24.1999199999999988
116 91 -357.1428999999999974
91 92 -163.6514999999999986
92 92 258.8895999999999731
93 92 -95.2381000000000029
92 93 -95.2381000000000029
93 93 612.1848999999999705
94 93 -10.9051200000000001
252 93 -131.5789000000000044
264 93 -12.6742699999999999
271 93 -66.0066000000000059
288 93 -65.3594700000000017
292 93 -31.8471399999999996
293 93 -38.3141699999999972
294 93 -38.3141699999999972
322 93 -32.1543399999999977
323 93 -34.8432000000000031
324 93 -24.0384600000000006
325 93 -14.4092199999999995
326 93 -16.5016500000000015
82 94 -4.9751240000000001
83 94 -17.2413799999999995
93 94 -10.9051200000000001
94 94 464.0851999999999862
96 94 -4.8007679999999997
264 94 -239.4474999999999909
318 94 -110.6696000000000026
325 94 -76.0456199999999995
84 95 -17.5746900000000004
95 95 76.5720400000000012
97 95 -8.2850040000000007
262 95 -9.6711799999999997
268 95 -7.1428570000000002
300 95 -33.8982999999999990
94 96 -4.8007679999999997
96 96 10022.8999999999996362
145 96 -7.2411300000000001
704 96 -10.8577600000000007
705 96 -10000.0000000000000000
95 97 -8.2850040000000007
97 97 12.1208299999999998
268 97 -3.8358270000000001
6 98 -10.8813899999999997
38 98 -46.2963000000000022
98 98 57.1776899999999983
39 99 -0.7434391000000000
99 99 3.1340680000000001
413 99 -2.3906290000000001
31 100 -1.0627439999999999
32 100 -1.0627439999999999
33 100 -0.6581979000000000
100 100 40.7399800000000027
725 100 -35.5871899999999997
732 100 -2.3691070000000001
4 101 -28.6649700000000003
7 101 -0.7772424000000000
27 101 -2.6449989999999999
101 101 34.2926000000000002
102 101 -0.7540910000000000
103 101 -1.4512950000000000
4 102 -0.7463244000000000
7 102 -1.0729730000000000
20 102 -13.5869599999999995
37 102 -0.4934373000000000
101 102 -0.7540910000000000
102 102 47.0413100000000028
103 102 -30.3875300000000017
4 103 -4.0939980000000000
6 103 -38.1679400000000015
7 103 -0.5618293000000000
101 103 -1.4512950000000000
102 103 -30.3875300000000017
103 103 10074.6599999999998545
478 103 -10000.0000000000000000
3 104 -4.8692599999999997
9 104 -1.3978980000000001
10 104 -1.3978980000000001
13 104 -5.2907260000000003
34 104 -10.1347900000000006
35 104 -1.1127560000000001
104 104 24.2033300000000011
89 105 -38.3141699999999972
105 105 420.7617999999999938
106 105 -12.0772899999999996
109 105 -370.3704000000000178
105 106 -12.0772899999999996
106 106 12.0772899999999996
107 107 32.1543399999999977
108 107 -32.1543399999999977
91 108 -67.5675700000000035
107 108 -32.1543399999999977
108 108 1008.8129999999999882
110 108 -909.0909000000000333
105 109 -370.3704000000000178
109 109 10370.3700000000008004
1029 109 -10000.0000000000000000
108 110 -909.0909000000000333
110 110 10974.7900000000008731
111 110 -41.8455799999999982
328 110 -10000.0000000000000000
367 110 -10.7700600000000009
370 110 -13.0804500000000008
110 111 -41.8455799999999982
111 111 10056.9500000000007276
367 111 -7.2780199999999997
368 111 -7.8247260000000001
701 111 -10000.0000000000000000
112 112 301.7592000000000212
113 112 -7.4204910000000002
370 112 -8.6244069999999997
686 112 -285.7142999999999802
112 113 -7.4204910000000002
113 113 10040.4899999999997817
114 113 -7.6248560000000003
115 113 -25.4452900000000000
690 113 -10000.0000000000000000
113 114 -7.6248560000000003
114 114 10007.6299999999991996
1009 114 -10000.0000000000000000
89 115 -27.0270299999999999
91 115 -24.1999199999999988
113 115 -25.4452900000000000
115 115 76.6722500000000053
91 116 -357.1428999999999974
116 116 436.1229999999999905
117 116 -10.9528999999999996
126 116 -68.0272099999999966
116 117 -10.9528999999999996
117 117 10.9528999999999996
118 118 5.5218109999999996
119 118 -5.5218109999999996
74 119 -188.6792000000000087
118 119 -5.5218109999999996
119 119 228.3307000000000073
123 119 -34.1296899999999965
120 120 126.5823000000000036
121 120 -126.5823000000000036
72 121 -23.8095199999999991
120 121 -126.5823000000000036
121 121 272.2887999999999806
122 121 -70.8766099999999994
504 121 -51.0204099999999983
121 122 -70.8766099999999994
122 122 152.6847999999999956
123 122 -40.4858300000000000
124 122 -41.3223199999999977
119 123 -34.1296899999999965
122 123 -40.4858300000000000
123 123 111.9290000000000020
125 123 -37.3134299999999968
122 124 -41.3223199999999977
124 124 97.8115800000000064
125 124 -32.6797400000000025
127 124 -23.8095199999999991
52 125 -40.9836099999999988
123 125 -37.3134299999999968
124 125 -32.6797400000000025
125 125 363.2857000000000198
126 125 -81.3868899999999940
129 125 -70.9219800000000049
546 125 -100.0000000000000000
85 126 -266.6666999999999916
116 126 -68.0272099999999966
125 126 -81.3868899999999940
126 126 478.1926000000000272
129 126 -62.1118000000000023
76 127 -55.5555599999999998
124 127 -23.8095199999999991
127 127 84.9206400000000059
128 127 -5.5555550000000000
127 128 -5.5555550000000000
128 128 5.5555550000000000
62 129 -50.7614200000000011
125 129 -70.9219800000000049
126 129 -62.1118000000000023
129 129 183.7951999999999941
61 130 -125.0000000000000000
130 130 356.9032000000000266
133 130 -136.9863000000000000
173 130 -51.8134700000000024
213 130 -43.1034500000000023
64 131 -16.0513599999999990
131 131 896.6459999999999582
132 131 -75.1879700000000071
133 131 -769.2308000000000447
136 131 -36.1759500000000003
131 132 -75.1879700000000071
132 132 101.0104000000000042
144 132 -4.4091709999999997
742 132 -21.4132800000000003
130 133 -136.9863000000000000
131 133 -769.2308000000000447
133 133 918.7798999999999978
134 133 -12.5628100000000007
133 134 -12.5628100000000007
134 134 12.5628100000000007
135 135 10030.1900000000005093
136 135 -25.4452900000000000
139 135 -4.7483380000000004
740 135 -10000.0000000000000000
131 136 -36.1759500000000003
135 136 -25.4452900000000000
136 136 99.8259500000000060
141 136 -38.2047099999999986
137 137 108.0310000000000059
139 137 -72.4637699999999967
141 137 -27.3972599999999993
761 137 -8.1699339999999996
138 138 217.8979999999999961
141 138 -28.9855100000000014
877 138 -59.8802499999999966
882 138 -129.0322999999999922
135 139 -4.7483380000000004
137 139 -72.4637699999999967
139 139 90.0655699999999939
140 139 -12.8534699999999997
139 140 -12.8534699999999997
140 140 45.5299600000000027
829 140 -18.6289100000000012
830 140 -14.0475700000000003
136 141 -38.2047099999999986
137 141 -27.3972599999999993
138 141 -28.9855100000000014
141 141 94.5874799999999993
142 142 36.7032400000000010
258 142 -21.5517199999999995
366 142 -15.1515199999999997
143 143 20014.5900000000001455
144 143 -12.5000000000000000
743 143 -2.0907380000000000
745 143 -10000.0000000000000000
826 143 -10000.0000000000000000
132 144 -4.4091709999999997
143 144 -12.5000000000000000
144 144 10016.9099999999998545
827 144 -10000.0000000000000000
96 145 -7.2411300000000001
145 145 10022.0100000000002183
318 145 -14.7710500000000007
703 145 -10000.0000000000000000
43 146 -4347.8260000000000218
146 146 7289.0029999999997017
147 146 -2941.1770000000001346
146 147 -2941.1770000000001346
147 147 12941.1800000000002910
148 147 -10000.0000000000000000
147 148 -10000.0000000000000000
148 148 10000.0000000000000000
149 149 5.2056220000000000
166 149 -5.2056220000000000
150 150 73.5294099999999986
173 150 -73.5294099999999986
151 151 13.2978699999999996
175 151 -13.2978699999999996
152 152 10.4058299999999999
180 152 -10.4058299999999999
153 153 34.4827599999999990
183 153 -34.4827599999999990
154 154 13.7174200000000006
207 154 -13.7174200000000006
155 155 28.9855100000000014
198 155 -28.9855100000000014
156 156 144.9275000000000091
213 156 -144.9275000000000091
157 157 38.4615399999999994
219 157 -38.4615399999999994
158 158 28.0111999999999988
226 158 -28.0111999999999988
159 159 9.6419599999999992
182 159 -4.7303689999999996
205 159 -4.9115909999999996
160 160 21.3736500000000014
172 160 -10.0100099999999994
233 160 -11.3636400000000002
161 161 10.9032099999999996
222 161 -4.7303689999999996
743 161 -6.1728399999999999
162 162 87.5117199999999968
163 162 -46.0829499999999967
169 162 -11.5340299999999996
209 162 -7.4515640000000003
223 162 -12.6103400000000008
232 162 -9.8328419999999994
162 163 -46.0829499999999967
163 163 145.9382999999999981
186 163 -46.5116299999999967
201 163 -13.6611999999999991
227 163 -39.6825400000000030
164 164 5.2056220000000000
166 164 -5.2056220000000000
165 165 117.6941999999999950
166 165 -60.6060599999999994
167 165 -17.3310199999999988
175 165 -11.1856799999999996
194 165 -28.5714299999999994
149 166 -5.2056220000000000
164 166 -5.2056220000000000
165 166 -60.6060599999999994
166 166 341.3369000000000142
192 166 -80.0000000000000000
201 166 -14.8809500000000003
218 166 -175.4386000000000081
165 167 -17.3310199999999988
167 167 34.6620399999999975
175 167 -17.3310199999999988
168 168 69.6306399999999996
180 168 -9.3896709999999999
209 168 -60.2409600000000012
162 169 -11.5340299999999996
169 169 25.6384000000000007
187 169 -14.1043699999999994
170 170 30.2865499999999983
188 170 -22.7790399999999984
194 170 -7.5075070000000004
171 171 52.2535000000000025
178 171 -39.2156900000000022
217 171 -13.0378100000000003
160 172 -10.0100099999999994
172 172 66.8526899999999955
173 172 -42.5531900000000007
222 172 -4.8732939999999996
755 172 -9.4161959999999993
130 173 -51.8134700000000024
150 173 -73.5294099999999986
172 173 -42.5531900000000007
173 173 206.2102999999999895
184 173 -38.3141699999999972
174 174 50.6338900000000010
211 174 -12.7551000000000005
216 174 -37.8787900000000022
151 175 -13.2978699999999996
165 175 -11.1856799999999996
167 175 -17.3310199999999988
175 175 53.6349099999999979
179 175 -11.8203300000000002
176 176 860.8028000000000475
177 176 -172.4138000000000090
178 176 -20.9807899999999989
207 176 -667.4081999999999653
176 177 -172.4138000000000090
177 177 276.5803999999999974
207 177 -104.1667000000000058
171 178 -39.2156900000000022
176 178 -20.9807899999999989
178 178 88.1766099999999966
214 178 -15.0602400000000003
217 178 -12.9199000000000002
175 179 -11.8203300000000002
179 179 23.6406600000000005
203 179 -11.8203300000000002
152 180 -10.4058299999999999
168 180 -9.3896709999999999
180 180 28.4911500000000011
209 180 -8.6956520000000008
181 181 23.1481500000000011
183 181 -23.1481500000000011
70 182 -4.9554010000000002
159 182 -4.7303689999999996
182 182 61.5029400000000024
183 182 -29.9401200000000003
205 182 -16.7224100000000000
221 182 -5.1546390000000004
66 183 -147.0587999999999909
153 183 -34.4827599999999990
181 183 -23.1481500000000011
182 183 -29.9401200000000003
183 183 398.0187000000000239
184 183 -91.7431200000000047
201 183 -35.1493899999999968
226 183 -36.4963499999999996
173 184 -38.3141699999999972
183 184 -91.7431200000000047
184 184 192.1348999999999876
193 184 -41.4078700000000026
213 184 -20.6696999999999989
185 185 8.0645159999999994
187 185 -8.0645159999999994
163 186 -46.5116299999999967
186 186 126.2010999999999967
187 186 -41.6666700000000034
218 186 -38.0228099999999998
169 187 -14.1043699999999994
185 187 -8.0645159999999994
186 187 -41.6666700000000034
187 187 107.5240000000000009
188 187 -29.6735900000000008
206 187 -8.6956520000000008
209 187 -5.3191490000000003
170 188 -22.7790399999999984
187 188 -29.6735900000000008
188 188 52.4526299999999992
189 189 41.4979200000000006
211 189 -11.4678900000000006
216 189 -30.0300300000000000
190 190 33.0033000000000030
199 190 -33.0033000000000030
191 191 1149.6330000000000382
195 191 -10.7181099999999994
197 191 -14.7492599999999996
198 191 -1111.1110000000001037
211 191 -13.0548300000000008
166 192 -80.0000000000000000
192 192 824.6421000000000276
199 192 -666.6666999999999916
218 192 -63.2911399999999986
220 192 -14.6842900000000007
184 193 -41.4078700000000026
193 193 247.0070000000000050
198 193 -60.6060599999999994
199 193 -106.3829999999999956
208 193 -38.6100399999999979
165 194 -28.5714299999999994
170 194 -7.5075070000000004
194 194 78.9973999999999990
216 194 -42.9184600000000032
191 195 -10.7181099999999994
195 195 36.8961299999999994
211 195 -26.1780100000000004
70 196 -5.1706310000000002
196 196 5.1706310000000002
191 197 -14.7492599999999996
197 197 36.4883900000000025
212 197 -21.7391299999999994
155 198 -28.9855100000000014
191 198 -1111.1110000000001037
193 198 -60.6060599999999994
198 198 1200.7029999999999745
190 199 -33.0033000000000030
192 199 -666.6666999999999916
193 199 -106.3829999999999956
199 199 806.0529999999999973
200 200 60.0912999999999968
201 200 -43.8748099999999965
202 200 -16.2164900000000003
68 201 -50.2512600000000020
163 201 -13.6611999999999991
166 201 -14.8809500000000003
183 201 -35.1493899999999968
200 201 -43.8748099999999965
201 201 172.6984999999999957
218 201 -14.8809500000000003
200 202 -16.2164900000000003
202 202 20.9357000000000006
203 202 -4.7192069999999999
179 203 -11.8203300000000002
202 203 -4.7192069999999999
203 203 16.5395399999999988
75 204 -645.1612999999999829
204 204 645.1612999999999829
159 205 -4.9115909999999996
182 205 -16.7224100000000000
205 205 28.7261999999999986
221 205 -7.0921979999999998
187 206 -8.6956520000000008
206 206 18.8945299999999996
216 206 -10.1988800000000008
154 207 -13.7174200000000006
176 207 -667.4081999999999653
177 207 -104.1667000000000058
207 207 881.1484000000000378
208 207 -84.3881800000000055
224 207 -11.4678900000000006
193 208 -38.6100399999999979
207 208 -84.3881800000000055
208 208 122.9981999999999971
162 209 -7.4515640000000003
168 209 -60.2409600000000012
180 209 -8.6956520000000008
187 209 -5.3191490000000003
209 209 81.7073400000000021
210 210 1796.9249999999999545
215 210 -11.2107600000000005
217 210 -1666.6669999999999163
218 210 -119.0476000000000028
174 211 -12.7551000000000005
189 211 -11.4678900000000006
191 211 -13.0548300000000008
195 211 -26.1780100000000004
211 211 84.3763399999999990
212 211 -20.9205000000000005
197 212 -21.7391299999999994
211 212 -20.9205000000000005
212 212 42.6596299999999999
130 213 -43.1034500000000023
156 213 -144.9275000000000091
184 213 -20.6696999999999989
213 213 282.2300999999999931
504 213 -73.5294099999999986
178 214 -15.0602400000000003
214 214 65.8216599999999943
217 214 -50.7614200000000011
210 215 -11.2107600000000005
215 215 11.2107600000000005
174 216 -37.8787900000000022
189 216 -30.0300300000000000
194 216 -42.9184600000000032
206 216 -10.1988800000000008
216 216 148.1263999999999896
218 216 -27.1002699999999983
171 217 -13.0378100000000003
178 217 -12.9199000000000002
210 217 -1666.6669999999999163
214 217 -50.7614200000000011
217 217 1743.3859999999999673
166 218 -175.4386000000000081
186 218 -38.0228099999999998
192 218 -63.2911399999999986
201 218 -14.8809500000000003
210 218 -119.0476000000000028
216 218 -27.1002699999999983
218 218 437.7814000000000192
157 219 -38.4615399999999994
219 219 150.9841999999999871
220 219 -86.2068900000000014
230 219 -26.3157899999999998
192 220 -14.6842900000000007
219 220 -86.2068900000000014
220 220 100.8911999999999978
182 221 -5.1546390000000004
205 221 -7.0921979999999998
221 221 18.9960599999999999
222 221 -3.1585600000000000
225 221 -3.5906639999999999
161 222 -4.7303689999999996
172 222 -4.8732939999999996
221 222 -3.1585600000000000
222 222 91.1826899999999938
225 222 -26.2467199999999998
233 222 -49.5049500000000009
743 222 -2.6688019999999999
162 223 -12.6103400000000008
223 223 54.6271500000000003
232 223 -42.0168099999999995
207 224 -11.4678900000000006
224 224 18.7353300000000011
1026 224 -7.2674420000000000
221 225 -3.5906639999999999
222 225 -26.2467199999999998
225 225 29.8373799999999996
64 226 -72.4637699999999967
66 226 -28.5714299999999994
158 226 -28.0111999999999988
183 226 -36.4963499999999996
226 226 165.5427999999999997
163 227 -39.6825400000000030
227 227 85.7654899999999998
228 227 -46.0829499999999967
227 228 -46.0829499999999967
228 228 97.4272699999999929
229 228 -27.6243100000000013
231 228 -12.7551000000000005
232 228 -10.9649099999999997
228 229 -27.6243100000000013
229 229 27.6243100000000013
219 230 -26.3157899999999998
230 230 26.3157899999999998
228 231 -12.7551000000000005
231 231 31.2052900000000015
232 231 -18.4501799999999996
162 232 -9.8328419999999994
223 232 -42.0168099999999995
228 232 -10.9649099999999997
231 232 -18.4501799999999996
232 232 81.2647500000000065
160 233 -11.3636400000000002
222 233 -49.5049500000000009
233 233 60.8685899999999975
234 234 29.1759200000000014
236 234 -14.5560399999999994
307 234 -14.6198800000000002
235 235 2117.0810000000001310
236 235 -67.5675700000000035
243 235 -14.5985399999999998
270 235 -2000.0000000000000000
272 235 -9.2081029999999995
298 235 -12.8534699999999997
299 235 -12.8534699999999997
234 236 -14.5560399999999994
235 236 -67.5675700000000035
236 236 90.2339000000000055
286 236 -8.1103000000000005
237 237 123.4570999999999970
261 237 -2.8184890000000000
287 237 -18.9753299999999996
309 237 -69.6864099999999951
366 237 -4.0048060000000003
702 237 -27.9720300000000002
238 238 188.1503999999999905
239 238 -41.2545500000000018
270 238 -146.8959000000000117
238 239 -41.2545500000000018
239 239 59.2480199999999968
270 239 -15.3374199999999998
281 239 -2.6560419999999998
240 240 7.9176560000000000
259 240 -7.9176560000000000
86 241 -46.5116299999999967
241 241 2888.0180000000000291
242 241 -185.1852000000000089
246 241 -89.2857199999999978
253 241 -123.4568000000000012
257 241 -92.5925900000000013
266 241 -123.4568000000000012
275 241 -13.4408600000000007
279 241 -31.7460300000000011
289 241 -30.0300300000000000
291 241 -833.3333000000000084
292 241 -833.3333000000000084
293 241 -138.8889000000000067
294 241 -138.8889000000000067
299 241 -13.2802100000000003
310 241 -16.8067199999999985
321 241 -88.4955700000000007
327 241 -89.2857199999999978
241 242 -185.1852000000000089
242 242 314.7918000000000234
244 242 -57.1428599999999989
245 242 -72.4637699999999967
235 243 -14.5985399999999998
243 243 14.5985399999999998
242 244 -57.1428599999999989
244 244 118.4925999999999959
272 244 -61.3496900000000025
242 245 -72.4637699999999967
245 245 95.9379500000000007
298 245 -23.4741800000000005
241 246 -89.2857199999999978
246 246 113.1521000000000043
310 246 -23.8663500000000006
247 247 582.7703000000000202
248 247 -270.2703000000000202
255 247 -312.5000000000000000
247 248 -270.2703000000000202
248 248 502.8283999999999878
255 248 -232.5580999999999960
249 249 1666.6669999999999163
282 249 -1666.6669999999999163
250 250 1123.7139999999999418
257 250 -92.5925900000000013
263 250 -78.7401600000000030
289 250 -119.0476000000000028
317 250 -833.3333000000000084
86 251 -71.9424499999999938
251 251 210.8312999999999988
267 251 -138.8889000000000067
93 252 -131.5789000000000044
252 252 288.2194999999999823
310 252 -21.5053699999999992
313 252 -135.1350999999999942
86 253 -74.6268699999999967
241 253 -123.4568000000000012
253 253 198.0836999999999932
254 254 383.7719000000000165
255 254 -208.3333000000000084
285 254 -175.4386000000000081
247 255 -312.5000000000000000
248 255 -232.5580999999999960
254 255 -208.3333000000000084
255 255 910.2563999999999851
258 255 -31.4465399999999988
260 255 -71.9424499999999938
263 255 -53.4759400000000014
256 256 10133.0000000000000000
290 256 -52.3560200000000009
317 256 -10000.0000000000000000
321 256 -80.6451600000000042
241 257 -92.5925900000000013
250 257 -92.5925900000000013
257 257 185.1852000000000089
142 258 -21.5517199999999995
255 258 -31.4465399999999988
258 258 261.8485999999999763
261 258 -128.2050999999999874
327 258 -80.6451600000000042
240 259 -7.9176560000000000
259 259 20.8542699999999996
278 259 -12.9366099999999999
255 260 -71.9424499999999938
260 260 190.9901000000000124
289 260 -119.0476000000000028
237 261 -2.8184890000000000
258 261 -128.2050999999999874
261 261 131.0235999999999876
95 262 -9.6711799999999997
262 262 183.0949999999999989
268 262 -26.1780100000000004
276 262 -62.5000000000000000
314 262 -84.7457600000000042
250 263 -78.7401600000000030
255 263 -53.4759400000000014
263 263 132.2161000000000115
93 264 -12.6742699999999999
94 264 -239.4474999999999909
264 264 383.7008000000000152
311 264 -131.5789000000000044
265 265 1017.5750000000000455
276 265 -999.9999000000000251
300 265 -17.5746900000000004
241 266 -123.4568000000000012
266 266 246.9136000000000024
307 266 -123.4568000000000012
86 267 -94.7867399999999947
251 267 -138.8889000000000067
267 267 566.0126999999999953
282 267 -144.9275000000000091
284 267 -77.5193799999999982
302 267 -109.8901000000000039
95 268 -7.1428570000000002
97 268 -3.8358270000000001
262 268 -26.1780100000000004
268 268 158.6071000000000026
270 268 -53.8828299999999984
301 268 -67.5675700000000035
86 269 -277.7778000000000134
269 269 486.1111000000000217
284 269 -208.3333000000000084
235 270 -2000.0000000000000000
238 270 -146.8959000000000117
239 270 -15.3374199999999998
268 270 -53.8828299999999984
270 270 2317.2010000000000218
275 270 -12.7713900000000002
279 270 -8.2576380000000000
280 270 -29.3255100000000013
318 270 -34.3642600000000016
320 270 -16.3666100000000014
93 271 -66.0066000000000059
271 271 66.0066000000000059
235 272 -9.2081029999999995
244 272 -61.3496900000000025
272 272 70.5578000000000003
273 273 1295.0940000000000509
274 273 -303.0303000000000111
303 273 -714.2857999999999947
315 273 -277.7778000000000134
273 274 -303.0303000000000111
274 274 606.0606000000000222
312 274 -303.0303000000000111
241 275 -13.4408600000000007
270 275 -12.7713900000000002
275 275 26.2122500000000009
262 276 -62.5000000000000000
265 276 -999.9999000000000251
276 276 1062.5000000000000000
277 277 5086.9570000000003347
285 277 -86.9565199999999976
289 277 -5000.0000000000000000
259 278 -12.9366099999999999
278 278 27.5564900000000002
309 278 -14.6198800000000002
241 279 -31.7460300000000011
270 279 -8.2576380000000000
279 279 40.0036699999999996
270 280 -29.3255100000000013
280 280 29.3255100000000013
239 281 -2.6560419999999998
281 281 2.6560419999999998
249 282 -1666.6669999999999163
267 282 -144.9275000000000091
282 282 1811.5940000000000509
86 283 -138.8889000000000067
283 283 214.6465000000000032
292 283 -75.7575800000000044
267 284 -77.5193799999999982
269 284 -208.3333000000000084
284 284 285.8527000000000271
254 285 -175.4386000000000081
277 285 -86.9565199999999976
285 285 262.3951000000000136
236 286 -8.1103000000000005
286 286 8.1103000000000005
237 287 -18.9753299999999996
287 287 18.9753299999999996
93 288 -65.3594700000000017
288 288 127.4712999999999994
291 288 -62.1118000000000023
241 289 -30.0300300000000000
250 289 -119.0476000000000028
260 289 -119.0476000000000028
277 289 -5000.0000000000000000
289 289 5268.1250000000000000
256 290 -52.3560200000000009
290 290 52.3560200000000009
86 291 -49.0196100000000001
241 291 -833.3333000000000084
288 291 -62.1118000000000023
291 291 944.4646999999999935
93 292 -31.8471399999999996
241 292 -833.3333000000000084
283 292 -75.7575800000000044
292 292 940.9379999999999882
86 293 -57.1428599999999989
93 293 -38.3141699999999972
241 293 -138.8889000000000067
293 293 234.3459000000000003
86 294 -57.1428599999999989
93 294 -38.3141699999999972
241 294 -138.8889000000000067
294 294 234.3459000000000003
295 295 38.3141699999999972
298 295 -38.3141699999999972
296 296 101.0100999999999942
297 296 -101.0100999999999942
296 297 -101.0100999999999942
297 297 118.4317000000000064
299 297 -17.4216000000000015
235 298 -12.8534699999999997
245 298 -23.4741800000000005
295 298 -38.3141699999999972
298 298 74.6418299999999988
235 299 -12.8534699999999997
241 299 -13.2802100000000003
297 299 -17.4216000000000015
299 299 43.5552899999999994
95 300 -33.8982999999999990
265 300 -17.5746900000000004
300 300 122.3949999999999960
696 300 -70.9219800000000049
268 301 -67.5675700000000035
301 301 153.7744999999999891
314 301 -86.2068900000000014
86 302 -689.6552000000000362
267 302 -109.8901000000000039
302 302 799.5452999999999975
273 303 -714.2857999999999947
303 303 1428.5719999999998890
312 303 -714.2857999999999947
304 304 1380.5820000000001073
305 304 -263.1578999999999837
315 304 -208.3333000000000084
329 304 -909.0909000000000333
304 305 -263.1578999999999837
305 305 459.2363000000000284
315 305 -196.0783999999999878
306 306 37.8787900000000022
322 306 -37.8787900000000022
234 307 -14.6198800000000002
266 307 -123.4568000000000012
307 307 138.0766999999999882
308 308 81.3008200000000016
323 308 -81.3008200000000016
237 309 -69.6864099999999951
278 309 -14.6198800000000002
309 309 84.3062900000000042
241 310 -16.8067199999999985
246 310 -23.8663500000000006
252 310 -21.5053699999999992
310 310 62.1784499999999980
264 311 -131.5789000000000044
311 311 200.5444999999999993
326 311 -68.9655199999999979
274 312 -303.0303000000000111
303 312 -714.2857999999999947
312 312 1295.0940000000000509
315 312 -277.7778000000000134
252 313 -135.1350999999999942
313 313 135.1350999999999942
262 314 -84.7457600000000042
301 314 -86.2068900000000014
314 314 170.9526999999999930
86 315 -250.0000000000000000
273 315 -277.7778000000000134
304 315 -208.3333000000000084
305 315 -196.0783999999999878
312 315 -277.7778000000000134
315 315 1688.7980000000000018
316 315 -322.5806000000000040
319 315 -125.0000000000000000
323 315 -31.2500000000000000
315 316 -322.5806000000000040
316 316 360.1745999999999981
322 316 -37.5939899999999980
250 317 -833.3333000000000084
256 317 -10000.0000000000000000
317 317 10833.3299999999999272
94 318 -110.6696000000000026
145 318 -14.7710500000000007
270 318 -34.3642600000000016
318 318 169.8249999999999886
704 318 -10.0200399999999998
315 319 -125.0000000000000000
319 319 1236.1110000000001037
329 319 -1111.1110000000001037
270 320 -16.3666100000000014
320 320 16.3666100000000014
241 321 -88.4955700000000007
256 321 -80.6451600000000042
321 321 169.1407000000000096
93 322 -32.1543399999999977
306 322 -37.8787900000000022
316 322 -37.5939899999999980
322 322 107.6270999999999987
93 323 -34.8432000000000031
308 323 -81.3008200000000016
315 323 -31.2500000000000000
323 323 147.3940000000000055
93 324 -24.0384600000000006
324 324 51.8936199999999985
325 324 -27.8551499999999983
93 325 -14.4092199999999995
94 325 -76.0456199999999995
324 325 -27.8551499999999983
325 325 118.3100000000000023
93 326 -16.5016500000000015
311 326 -68.9655199999999979
326 326 85.4671699999999959
241 327 -89.2857199999999978
258 327 -80.6451600000000042
327 327 169.9309000000000083
110 328 -10000.0000000000000000
328 328 10000.0000000000000000
304 329 -909.0909000000000333
319 329 -1111.1110000000001037
329 329 2020.2019999999999982
330 330 2.4096389999999999
335 330 -2.4096389999999999
331 331 0.8810573000000000
336 331 -0.8810573000000000
332 332 1.6666669999999999
337 332 -1.6666669999999999
333 333 2.6089220000000002
350 333 -2.6089220000000002
334 334 1.4461320000000000
350 334 -1.4461320000000000
330 335 -2.4096389999999999
335 335 30.2647900000000014
337 335 -27.8551499999999983
331 336 -0.8810573000000000
336 336 218.2724000000000046
337 336 -217.3913000000000011
332 337 -1.6666669999999999
335 337 -27.8551499999999983
336 337 -217.3913000000000011
337 337 260.9173000000000116
338 337 -3.8402460000000000
339 337 -3.9556960000000001
340 337 -6.2081890000000000
337 338 -3.8402460000000000
338 338 19.0841500000000011
340 338 -15.2439000000000000
337 339 -3.9556960000000001
339 339 19.1996000000000002
340 339 -15.2439000000000000
337 340 -6.2081890000000000
338 340 -15.2439000000000000
339 340 -15.2439000000000000
340 340 59.7020300000000006
341 340 -8.1103000000000005
342 340 -14.8957300000000004
340 341 -8.1103000000000005
341 341 20.8816899999999990
342 341 -12.7713900000000002
340 342 -14.8957300000000004
341 342 -12.7713900000000002
342 342 66.7209000000000003
343 342 -5.6753689999999999
344 342 -10.7123699999999999
345 342 -4.2158509999999998
370 342 -18.4501799999999996
342 343 -5.6753689999999999
343 343 15.1450700000000005
346 343 -9.4696970000000000
342 344 -10.7123699999999999
344 344 28.1036800000000007
346 344 -17.3913000000000011
342 345 -4.2158509999999998
345 345 26.6373800000000003
346 345 -22.4215300000000006
343 346 -9.4696970000000000
344 346 -17.3913000000000011
345 346 -22.4215300000000006
346 346 102.5211999999999932
347 346 -14.0845099999999999
349 346 -20.7039299999999997
367 346 -18.4501799999999996
346 347 -14.0845099999999999
347 347 54.5703400000000016
348 347 -40.4858300000000000
347 348 -40.4858300000000000
348 348 79.0958700000000050
349 348 -38.6100399999999979
346 349 -20.7039299999999997
348 349 -38.6100399999999979
349 349 83.5858199999999982
350 349 -24.2718400000000010
333 350 -2.6089220000000002
334 350 -1.4461320000000000
349 350 -24.2718400000000010
350 350 28.3268999999999984
351 351 7.3746309999999999
366 351 -7.3746309999999999
352 352 14.9125599999999991
353 352 -5.2893260000000000
408 352 -2.9342730000000001
409 352 -6.6889630000000002
352 353 -5.2893260000000000
353 353 17.0489299999999986
363 353 -3.8167939999999998
382 353 -7.9428120000000000
354 354 28.9786700000000010
382 354 -6.1996279999999997
383 354 -22.7790399999999984
355 355 2.1649710000000000
375 355 -2.1649710000000000
356 356 13.5955600000000008
383 356 -5.3447360000000002
398 356 -8.2508250000000007
357 357 1.3073060000000001
394 357 -0.5700604000000000
395 357 -0.7372455999999999
358 358 46.9483600000000010
479 358 -46.9483600000000010
359 359 18.5544699999999985
474 359 -18.5544699999999985
360 360 8.0515299999999996
715 360 -8.0515299999999996
361 361 509.4517999999999915
479 361 -9.4517959999999999
480 361 -500.0000000000000000
362 362 22.4661000000000008
403 362 -11.0375300000000003
714 362 -11.4285700000000006
353 363 -3.8167939999999998
363 363 96.6620400000000046
364 363 -9.1491310000000006
365 363 -9.1491310000000006
373 363 -9.1491310000000006
374 363 -9.1491310000000006
388 363 -34.9650299999999987
395 363 -4.9261080000000002
407 363 -10.7584700000000009
474 363 -5.5991039999999996
363 364 -9.1491310000000006
364 364 9.1491310000000006
363 365 -9.1491310000000006
365 365 9.1491310000000006
142 366 -15.1515199999999997
237 366 -4.0048060000000003
351 366 -7.3746309999999999
366 366 41.8683800000000019
699 366 -15.3374199999999998
110 367 -10.7700600000000009
111 367 -7.2780199999999997
346 367 -18.4501799999999996
367 367 307.3315999999999804
368 367 -104.1667000000000058
372 367 -166.6666999999999916
111 368 -7.8247260000000001
367 368 -104.1667000000000058
368 368 111.9913999999999987
369 369 72.9926999999999992
371 369 -72.9926999999999992
110 370 -13.0804500000000008
112 370 -8.6244069999999997
342 370 -18.4501799999999996
370 370 40.1550399999999996
369 371 -72.9926999999999992
371 371 239.6594000000000051
372 371 -166.6666999999999916
367 372 -166.6666999999999916
371 372 -166.6666999999999916
372 372 333.3333000000000084
363 373 -9.1491310000000006
373 373 9.1491310000000006
363 374 -9.1491310000000006
374 374 9.1491310000000006
355 375 -2.1649710000000000
375 375 122.0310000000000059
376 375 -2.0193859999999999
377 375 -2.0193859999999999
378 375 -2.0193859999999999
379 375 -1.9596320000000000
380 375 -1.9596320000000000
381 375 -1.9596320000000000
