320 320 3970
1 1 0.9999999999511747
192 1 0.4677071733442226
206 1 0.0816278935558109
208 1 0.1013051123219923
212 1 0.1048284837026613
213 1 0.0859300078275193
214 1 0.0552823518490769
222 1 0.1076248067806767
225 1 0.1053606645199124
226 1 0.0492712795755410
308 1 0.1598426000475112
316 1 0.1062380427376744
319 1 0.1028008320759064
320 1 0.0815410365224105
2 2 1.0000000000001881
192 2 0.1581138830114419
193 2 0.0632455531866882
206 2 0.0386333704651500
208 2 0.0479463301557970
213 2 0.0290496446904250
214 2 0.0864802710051047
222 2 0.0537167764883045
226 2 0.0376385168147312
227 2 0.9999042787599781
308 2 0.1164121868473245
316 2 0.0541565246980613
320 2 0.0296921120100484
3 3 1.0000000001474996
193 3 0.0426401432630175
194 3 0.3767052875336740
213 3 0.0391705329126663
214 3 0.0293389177787425
215 3 0.3460094419850436
226 3 0.0420958115661120
228 3 0.9783514979973357
308 3 0.0387418321129136
309 3 0.3818031673572869
320 3 0.0395260900904080
4 4 1.0000000000000000
193 4 0.1414213562000000
206 4 0.0431934212800000
208 4 0.0536056267500000
214 4 0.0992523056750000
222 4 0.0600624452450000
229 4 0.9999907900999999
308 4 0.1305937256000000
316 4 0.0607531700900000
5 5 1.0000000000000000
193 5 0.0707106781000000
206 5 0.0863868425600000
208 5 0.0536056267500000
214 5 0.0502140443500000
222 5 0.0838919271350000
230 5 0.9999931219000000
308 5 0.0655957849500000
316 5 0.0915453023750000
6 6 1.0000000000001881
193 6 0.1897366595600646
208 6 0.0958926603115939
214 6 0.1438225201273249
222 6 0.0653118204140229
231 6 0.9999911431138147
308 6 0.1780296097460994
316 6 0.0552126846510520
7 7 1.0000000000000000
193 7 0.1414213562000000
214 7 0.1167674184000000
308 7 0.1329365686000000
8 8 0.9999999998000002
193 8 0.0471404520619526
206 8 0.0575912283675742
207 8 0.1270001269873000
208 8 0.0714741689928526
213 8 0.0216523267478348
214 8 0.0392535841294080
222 8 0.1455093190021157
226 8 0.0256823275674318
232 8 0.9999518472000049
308 8 0.0447995458621867
316 8 0.1458810691220785
320 8 0.0228520873310481
9 9 1.0000000000000000
193 9 0.1414213562000000
206 9 0.0863868425600000
214 9 0.1198994612000000
222 9 0.0524087693450000
233 9 0.9999907900999999
308 9 0.1305895883000000
316 9 0.0607524305500000
10 10 1.0000000000380493
193 10 0.0999999999755207
213 10 0.0459315212210495
214 10 0.0847888893110805
226 10 0.0522585928941251
234 10 0.9998268320622071
308 10 0.0934298698711359
320 10 0.0476605022993694
11 11 0.9999999998935079
193 11 0.0447213595358162
198 11 0.0745355992474423
206 11 0.1639075094072551
207 11 0.0401609664429263
208 11 0.0339031751843647
214 11 0.0385085199593232
217 11 0.0438251372857757
222 11 0.1388673375421547
235 11 0.9989720442712762
308 11 0.0406926579579025
311 11 0.0653832998579832
316 11 0.1514496299603869
12 12 1.0000000000000000
193 12 0.0707106781000000
198 12 0.3535533906000000
214 12 0.0615157519500000
217 12 0.1007778556750000
236 12 0.9976315457000001
308 12 0.0640255088500000
311 12 0.3085850335000000
13 13 1.0000000000359373
193 13 0.0408248290363495
198 13 0.4082482904789655
206 13 0.0498754668073540
207 13 0.1099853362678263
214 13 0.0357443661759619
217 13 0.3849254399054153
222 13 0.0843341280632820
237 13 0.9968025648187382
308 13 0.0372789817533066
311 13 0.3594457024243091
316 13 0.0867138002138117
14 14 1.0000000000359373
193 14 0.0408248290363495
197 14 0.2581988897518249
203 14 0.0440225453076601
206 14 0.0997509336147080
207 14 0.1466471150237684
214 14 0.0359491881987664
217 14 0.0019131266378442
220 14 0.0276070913317926
222 14 0.1364144145204873
238 14 0.9935530951002366
308 14 0.0376670518070688
311 14 0.1210991991327183
314 14 0.0453091254647213
316 14 0.1401881963238583
15 15 1.0000000000380493
193 15 0.0999999999755207
206 15 0.0610847221806328
214 15 0.0888312336586456
222 15 0.0388285574202109
239 15 0.9999907901136456
308 15 0.0934627258705670
316 15 0.0434799247986194
16 16 1.0000000000359375
193 16 0.0816496580726991
206 16 0.0997509336147080
214 16 0.0728464096728004
222 16 0.0645154972612224
240 16 0.9999918368227462
308 16 0.0768171119582471
316 16 0.0714721759380616
17 17 1.0000000000000000
193 17 0.1414213562000000
214 17 0.1270251118000000
308 17 0.1341102974000000
18 18 1.0000000000359375
193 18 0.0816496580726991
213 18 0.0750058600675132
214 18 0.0737359223783718
226 18 0.0872123066151495
241 18 0.9998479603851060
308 18 0.0777979443868379
320 18 0.0793702597589669
19 19 1.0000000000001881
193 19 0.0632455531866882
208 19 0.0479463301557970
213 19 0.0871489340712750
214 19 0.0574057108691027
222 19 0.0312886621131415
226 19 0.1004241121466721
242 19 0.9998672496978775
308 19 0.0609158857291608
316 19 0.0283371941629677
320 19 0.0932197877244719
20 20 1.0000000000000000
193 20 0.0707106781000000
208 20 0.0536056267500000
213 20 0.0649569802500000
214 20 0.0647896995500000
222 20 0.0349449442000000
226 20 0.0698756420350000
243 20 0.9998600656500001
308 20 0.0679693396500000
316 20 0.0316184937300000
320 20 0.0693422931250000
21 21 1.0000000000000000
193 21 0.0707106781000000
208 21 0.0536056267500000
213 21 0.0649569802500000
214 21 0.0651850059000000
222 21 0.0349268983950000
226 21 0.0699741972250000
244 21 0.9998600656500001
308 21 0.0676903881000000
316 21 0.0314888524550000
320 21 0.0690576144950000
22 22 0.9999999998000002
193 22 0.1414213561858579
208 22 0.0714741689928526
213 22 0.0866093069913391
214 22 0.1514192310181914
222 22 0.0463952563753605
226 22 0.0887641018111236
245 22 0.9998538217000146
308 22 0.1345722993198761
316 22 0.0417346299224932
320 22 0.0915272088741806
23 23 1.0000000000000000
193 23 0.1414213562000000
213 23 0.0649569802500000
214 23 0.1616093506500000
226 23 0.0694582317500000
246 23 0.9998268320000000
308 23 0.1340122745000000
320 23 0.0683608497550000
24 24 1.0000000000000000
193 24 0.1414213562000000
213 24 0.0649569802500000
214 24 0.1615383982500000
226 24 0.0694640291000000
247 24 0.9998268320000000
308 24 0.1332780574500000
320 24 0.0679860120750000
25 25 0.9999999998935079
193 25 0.1788854381432650
208 25 0.0678063503687294
213 25 0.0821648030022545
214 25 0.2079601110770165
222 25 0.0433376991081187
226 25 0.0864052996601514
248 25 0.9998526189706225
308 25 0.1679519554406999
316 25 0.0390656790102499
320 25 0.0856733760314864
26 26 1.0000000000000000
193 26 0.0707106781000000
213 26 0.0974354703750000
214 26 0.0739831065500000
226 26 0.1004664054100000
249 26 0.9998724992000000
308 26 0.0658233381000000
320 26 0.1007319260850000
27 27 1.0000000000000000
193 27 0.1414213562000000
213 27 0.0649569802500000
214 27 0.1500136973000000
226 27 0.0674233565550000
250 27 0.9998268320000000
308 27 0.1311056407000000
320 27 0.0668791900100000
28 28 1.0000000000000000
193 28 0.0707106781000000
213 28 0.0974354703750000
214 28 0.0748345356000000
226 28 0.1029921241550000
251 28 0.9998724992000000
308 28 0.0653588432000000
320 28 0.1000212844800000
29 29 1.0000000000359375
193 29 0.0816496580726991
213 29 0.0750058600675132
214 29 0.0868679390611469
226 29 0.0795875892843837
252 29 0.9998479603851060
308 29 0.0760813957803761
320 29 0.0776203112893208
30 30 1.0000000000000000
193 30 0.1414213562000000
213 30 0.0649569802500000
214 30 0.1525679845500000
226 30 0.0690659433550000
253 30 0.9998268320000000
308 30 0.1325443178500000
320 30 0.0676130408700000
31 31 1.0000000000000000
193 31 0.1414213562000000
213 31 0.0649569802500000
214 31 0.1527301615500000
226 31 0.0690833354750000
254 31 0.9998268320000000
308 31 0.1325444770000000
320 31 0.0676131220200000
32 32 1.0000000000359375
193 32 0.0816496580726991
213 32 0.0750058600675132
214 32 0.0888810467510748
226 32 0.0799379201392058
255 32 0.9998479603851060
308 32 0.0779513716990412
320 32 0.0795284344838697
33 33 1.0000000000000000
193 33 0.0707106781000000
213 33 0.0974354703750000
214 33 0.0777739932000000
226 33 0.1024375095450000
256 33 0.9998724992000000
308 33 0.0680132590000000
320 33 0.1040832297750000
34 34 1.0000000000000000
193 34 0.0707106781000000
213 34 0.0974354703750000
214 34 0.0780679389500000
226 34 0.1023949955850000
257 34 0.9998724992000000
308 34 0.0685994869000000
320 34 0.1049796266200000
35 35 1.0000000000000000
193 35 0.1414213562000000
214 35 0.1581225458000000
308 35 0.1350714312000000
36 36 1.0000000000359375
193 36 0.0816496580726991
213 36 0.0750058600675132
214 36 0.0917602589417895
226 36 0.0740626258547002
258 36 0.9998479603851060
308 36 0.0771645743406327
320 36 0.0787238798634536
37 37 1.0000000000001881
193 37 0.0632455531866882
208 37 0.0958926603115939
213 37 0.0580992893808500
214 37 0.0795538712552550
222 37 0.0622471133036143
226 37 0.0564750596183625
259 37 0.9998754545021074
308 37 0.0604003718845016
316 37 0.0561958189484531
320 37 0.0616216951928627
38 38 0.9999999996207338
194 38 0.6333682398487760
201 38 0.2513123448814569
202 38 0.2167774923298443
213 38 0.0210748272930393
215 38 0.3323357109911519
219 38 0.4171330777059950
226 38 0.0226480809297175
260 38 0.9862892865435025
309 38 0.6307659455691849
313 38 0.3327205030231938
320 38 0.0209080531926447
39 39 0.9999999997003904
194 39 0.1515108038040708
196 39 0.5965587590453879
203 39 0.0369863360593169
207 39 0.0308020551770244
215 39 0.2453881857797099
216 39 0.5678827583754861
222 39 0.0148298876897388
261 39 0.9895997163733897
309 39 0.1545198017596550
310 39 0.5257011099856532
314 39 0.0377030314263231
316 39 0.0145858636527125
40 40 1.0000000000000000
194 40 0.3123475238000000
215 40 0.4866267777500000
309 40 0.3055009320500000
41 41 0.9999999996105974
195 41 0.2964997265994732
205 41 0.0524142418273765
206 41 0.1016511221181563
208 41 0.0630775700269390
210 41 0.2365249583670250
212 41 0.1631784879857684
216 41 0.0004251540550686
221 41 0.2165975889758415
222 41 0.0702326086984993
224 41 0.0010991598447443
225 41 0.0036626801857843
262 41 0.9933329508764717
310 41 0.1450110626729180
315 41 0.0450820059429962
316 41 0.0997968116937789
318 41 0.1710624129217308
319 41 0.1609726984868604
42 42 0.9999999996871367
195 42 0.2314550249012804
205 42 0.0727392967360139
206 42 0.1058018423645219
208 42 0.0656532164295240
210 42 0.1846372364537329
212 42 0.1415346292905276
216 42 0.0003318857779740
221 42 0.3005737495141647
222 42 0.0730875242498235
224 42 0.0008755843674518
225 42 0.0032355973011567
263 42 0.9940523725371780
310 42 0.1113333542264517
315 42 0.0615672198202619
316 42 0.1022169845346422
318 42 0.1313342054595212
319 42 0.1373210509202593
43 43 1.0000000000001881
196 43 0.2000000000447590
206 43 0.0772667409303000
207 43 0.0567961834246266
216 43 0.1674811959960061
222 43 0.0704015073531143
264 43 0.9989618385832012
310 43 0.1782915715048180
316 43 0.0815921430993411
44 44 0.9999999998935079
196 44 0.4949747469149541
203 44 0.0482242822041630
213 44 0.0410824015011272
216 44 0.5457843527301782
220 44 0.0007387576876318
226 44 0.0440245738842472
265 44 0.9937991140427972
310 44 0.4246258829646868
314 44 0.0478548858938226
320 44 0.0406350438172200
45 45 1.0000000001474996
197 45 0.4045199175078166
198 45 0.5685352436677067
217 45 0.2123609419745278
311 45 0.6956230454162784
46 46 1.0000000004474012
199 46 0.6067798763974050
200 46 0.4719399038646483
206 46 0.0386333704737887
208 46 0.0239731650832590
213 46 0.0145248223484603
218 46 0.6031330063653310
222 46 0.0371097225435627
226 46 0.0189212364003225
266 46 0.9977597170116889
312 46 0.7646875951841073
316 46 0.0399926570948862
320 46 0.0146177070716156
47 47 1.0000000000359375
199 47 0.1740776559716640
213 47 0.0750058600675132
218 47 0.0006505212105191
226 47 0.0786459355910267
267 47 0.9966175939457095
312 47 0.1221488824572996
320 47 0.0747441175377750
48 48 0.9999999999070242
199 48 0.0805822964047349
200 48 0.3223291856189395
201 48 0.1380131118368462
202 48 0.3571428571096516
213 48 0.0347209664233775
218 48 0.3365384956924543
219 48 0.2735153119684218
226 48 0.0373439040937893
268 48 0.9981524175965448
312 48 0.2830352413596737
313 48 0.3508222473492557
320 48 0.0346367171516244
49 49 0.9999999998000002
201 49 0.1721325931161201
206 49 0.1151824567351484
208 49 0.0357370844964263
213 49 0.0433046534956695
219 49 0.0008544663399146
222 49 0.0782902093455043
226 49 0.0461959820320471
269 49 0.9987466109667920
313 49 0.1242721862542394
316 49 0.0979306096868736
320 49 0.0429504959190383
50 50 1.0000000000359373
201 50 0.1490711984754361
204 50 0.0440225453076601
205 50 0.1543033499692383
206 50 0.0249377334036770
213 50 0.0375029300337566
219 50 0.0368129764164612
221 50 0.0420744282025985
222 50 0.0127338816096012
226 50 0.0305256461559356
270 50 0.9991295973067340
313 50 0.1064405622500663
315 50 0.1592006295744817
316 50 0.0167815462967396
320 50 0.0368012054338138
51 51 1.0000000000359375
201 51 0.1490711984754361
213 51 0.0750058600675132
219 51 0.0360128251079842
226 51 0.0613168297302878
271 51 0.9978864015871689
313 51 0.1057034537342861
320 51 0.0731096141342492
52 52 1.0000000000380493
201 52 0.3651483716103617
219 52 0.4222319054198319
313 52 0.2636728014977975
53 53 1.0000000000359373
202 53 0.0771516749788457
204 53 0.2641352718459604
205 53 0.1028688999794922
206 53 0.0249377334036770
219 53 0.0084527262429517
221 53 0.0294170841405236
222 53 0.0126218800567855
272 53 0.9996902877297711
313 53 0.0519644019726818
315 53 0.2222474024230431
316 53 0.0163988074029871
54 54 0.9999999999090349
202 54 0.1482498633185857
204 54 0.2537729605968885
205 54 0.1235415527747331
219 54 0.0184560324380382
221 54 0.0344084016848137
273 54 0.9995365007733281
313 54 0.1010644174895374
315 54 0.2376311860689799
55 55 0.9999999998000002
202 55 0.0890870806244246
204 55 0.1016657135231668
205 55 0.1781741612621826
219 55 0.0131157109720218
221 55 0.0485948514090405
274 55 0.9996508076667014
313 55 0.0597288606606938
315 55 0.2043814359095619
56 56 0.9999999999070242
203 56 0.2852987010044672
206 56 0.0461757096528108
207 56 0.1018266349904332
213 56 0.0347209664233775
220 56 0.2306968969329161
222 56 0.0821504028327758
226 56 0.0372116876830282
275 56 0.9753708633320237
314 56 0.2867480944788450
316 56 0.0792734815017235
320 56 0.0347692344210382
57 57 1.0000000000359375
203 57 0.2641352718459604
220 57 0.0778737006784138
314 57 0.2622749530920431
58 58 1.0000000002566360
203 58 0.6647258570574293
220 58 0.6538019442313084
314 58 0.6615288025530027
59 59 1.0000000000000000
203 59 0.1524985703000000
220 59 0.0932126616000000
314 59 0.1549687371000000
60 60 1.0000000000359375
203 60 0.2641352718459604
220 60 0.2545394666087992
314 60 0.2684200984617282
61 61 1.0000000000001881
203 61 0.0681994339324725
208 61 0.0479463301557970
213 61 0.0871489340712750
220 61 0.0447347725143203
222 61 0.0302301040801040
226 61 0.0989324681163641
276 61 0.9869034714980685
314 61 0.0688456124988396
316 61 0.0266421920484800
320 61 0.0876405539867076
62 62 1.0000000001770344
203 62 0.0622572806286691
208 62 0.0437688109637371
213 62 0.1060743045724191
220 62 0.0410191494799771
222 62 0.0275814488650261
226 62 0.1134579521810230
277 62 0.9888447867359806
314 62 0.0628801476990988
316 62 0.0243332007741140
320 62 0.1067262010520210
63 63 0.9999999999511741
203 63 0.2881952087834648
213 63 0.0491028616157253
220 63 0.3240552468002305
226 63 0.0526062830336832
278 63 0.9731182486313021
314 63 0.2852994735086591
320 63 0.0484540659814647
64 64 0.9999999998935079
204 64 0.0964485644083259
205 64 0.1690308509414943
213 64 0.0410824015011272
221 64 0.0460793297714984
226 64 0.0334966129788615
279 64 0.9997535202090143
315 64 0.1935726415417970
320 64 0.0391524311109402
65 65 0.9999999998000002
204 65 0.0508328567615834
205 65 0.2375655483495767
221 65 0.0573291976051004
315 65 0.2299786413970021
66 66 1.0000000002471585
204 66 0.1699096415212498
205 66 0.3474041669426049
206 66 0.0320832678904187
221 66 0.0886885414493300
222 66 0.0163032774047201
280 66 0.9999778481117489
315 66 0.3797489348038896
316 66 0.0207560481223767
67 67 0.9999999998935079
204 67 0.1928971288166518
205 67 0.1690308509414943
221 67 0.0319414774230304
315 67 0.2477286314847430
68 68 0.9999999998935079
204 68 0.1928971288166518
205 68 0.1690308509414943
221 68 0.0319719892016798
315 68 0.2482019779048801
69 69 0.9999999998935079
204 69 0.0964485644083259
205 69 0.1690308509414943
213 69 0.0410824015011272
221 69 0.0222147570484114
226 69 0.0297322619734750
281 69 0.9997535202090143
315 69 0.1989705906542675
320 69 0.0402452850697643
70 70 1.0000000000380493
204 70 0.2156655463648698
205 70 0.1259881576757105
221 70 0.0391449083189802
315 70 0.2132138867765910
71 71 0.9999999996346917
204 71 0.1968748076614870
205 71 0.2300218530786236
221 71 0.0624545250362831
315 71 0.2933533354887890
72 72 1.0000000001770344
205 72 0.1454785935076626
213 72 0.0530371522862095
221 72 0.0182265664085713
226 72 0.0383873408473572
282 72 0.9996627251986405
315 72 0.1288850776199761
320 72 0.0521387201345018
73 73 0.9999999999511741
205 73 0.1683587574260305
213 73 0.0491028616157253
221 73 0.0210137025676354
226 73 0.0355339285383840
283 73 0.9996886135799250
315 73 0.1489538168505354
320 73 0.0482063565284850
74 74 1.0000000000000000
205 74 0.0890870806400000
213 74 0.0649569802500000
221 74 0.0112407038200000
226 74 0.0470127663750000
284 74 0.9996274610000000
315 74 0.0786462991250000
320 74 0.0636315976300000
75 75 0.9999999998935079
205 75 0.2817180849024905
221 75 0.0624576187243997
315 75 0.2415248717023364
76 76 1.0000000000000000
205 76 0.1781741612800000
221 76 0.0418097668500000
315 76 0.1513415611100000
77 77 0.9999999999511741
205 77 0.2020305089112366
206 77 0.0326511574223244
221 77 0.0545830077424646
222 77 0.0166253883594324
285 77 0.9999579203726697
315 77 0.1732263834821255
316 77 0.0213034789373097
78 78 1.0000000000000000
206 78 0.0431934212800000
208 78 0.0536056267500000
213 78 0.0649569802500000
222 78 0.0567593115150000
226 78 0.0635932306750000
286 78 0.9998974585000000
316 78 0.0561613693200000
320 78 0.0615767665100000
79 79 1.0000000000380493
206 79 0.0610847221806328
208 79 0.0758098043708022
222 79 0.0802772316520953
316 79 0.0792817231182467
80 80 1.0000000000380493
206 80 0.0610847221806328
208 80 0.0758098043708022
222 80 0.0802814850903030
316 80 0.0802931808980936
81 81 1.0000000000380493
206 81 0.0610847221806328
208 81 0.0758098043708022
222 81 0.0802921186681447
316 81 0.0804582186803736
82 82 1.0000000000380493
206 82 0.0610847221806328
208 82 0.0758098043708022
222 82 0.0802899919525764
316 82 0.0806819295812047
83 83 1.0000000000380493
206 83 0.0610847221806328
208 83 0.0758098043708022
222 83 0.0802953087521039
316 83 0.0811034139000308
84 84 1.0000000000380493
206 84 0.0610847221806328
208 84 0.0758098043708022
222 84 0.0802963721134236
316 84 0.0813818236398913
85 85 1.0000000000000000
206 85 0.0863868425600000
222 85 0.0373848870500000
316 85 0.0578061051700000
86 86 1.0000000000380493
206 86 0.0610847221806328
208 86 0.0758098043708022
222 86 0.0803187026516399
316 86 0.0819283936280320
87 87 1.0000000000000000
206 87 0.0863868425600000
222 87 0.0374691008000000
316 87 0.0580803264200000
88 88 1.0000000000380493
206 88 0.0610847221806328
208 88 0.0758098043708022
222 88 0.0803389064813589
316 88 0.0823053240183159
89 89 1.0000000000380493
206 89 0.0610847221806328
208 89 0.0758098043708022
222 89 0.0803378431200392
316 89 0.0828621434980369
90 90 0.9999999999511741
206 90 0.1306046296892975
208 90 0.0405220449287969
213 90 0.0491028616157253
222 90 0.0882873486663067
226 90 0.0523740160222618
287 90 0.9999152534751706
316 90 0.1105641684876093
320 90 0.0484911181108873
91 91 1.0000000000001881
206 91 0.0772667409303000
209 91 0.0845154254707963
213 91 0.0580992893808500
222 91 0.0352639712403443
223 91 0.1159531672601169
226 91 0.0619663145996759
288 91 0.9907304303768272
316 91 0.0514369144754776
317 91 0.0853904465880827
320 91 0.0563968886227761
92 92 1.0000000000380493
206 92 0.0610847221806328
209 92 0.1336306209554922
211 92 0.2236067977423268
213 92 0.0459315212210495
222 92 0.0278828705542758
223 92 0.1814870905170763
224 92 0.2466765170680799
226 92 0.0490023375960496
289 92 0.9828089886184823
316 92 0.0400981145209230
317 92 0.1330699829294471
318 92 0.1546625553407452
320 92 0.0439647754274470
93 93 1.0000000000000000
206 93 0.0863868425600000
213 93 0.0649569802500000
222 93 0.0394315817950000
226 93 0.0692997704150000
290 93 0.9998974585000000
316 93 0.0560320238650000
320 93 0.0614350764050000
94 94 1.0000000000380493
206 94 0.0916270832709492
209 94 0.0668153104777461
210 94 0.1066003581876950
211 94 0.1118033988711634
213 94 0.0459315212210495
222 94 0.0417804422671319
223 94 0.0888154570103415
224 94 0.1830026001310871
226 94 0.0489996047061220
291 94 0.9855480199098903
316 94 0.0596410768434936
317 94 0.0659568332418286
318 94 0.1533278221008316
320 94 0.0435954609625697
95 95 1.0000000001474996
206 95 0.0520932261120282
209 95 0.2849014411631510
211 95 0.0953462589265142
213 95 0.0587557993689994
222 95 0.0237994491253148
223 95 0.2527585958928729
224 95 0.0947603724235266
226 95 0.0551718026397213
292 95 0.9818039849154047
316 95 0.0342245959230763
317 95 0.2839730594513635
318 95 0.0660097357267495
320 95 0.0562914348938949
96 96 0.9999999999511741
206 96 0.0326511574223244
209 96 0.2142857142752516
213 96 0.0736542924235880
222 96 0.0149128312604561
223 96 0.2224790904284881
226 96 0.0653473693361645
293 96 0.9830330896028084
316 96 0.0216031240122890
317 96 0.2151437421973964
320 96 0.0710623686433166
97 97 0.9999999999511741
206 97 0.0326511574223244
209 97 0.2857142857003355
213 97 0.0491028616157253
222 97 0.0149332932780964
223 97 0.2978040596580959
226 97 0.0503990161808104
294 97 0.9813340696000246
316 97 0.0214487732544222
317 97 0.2847298911017032
320 97 0.0470353496855638
98 98 1.0000000000000000
206 98 0.0863868425600000
222 98 0.0397082841000000
316 98 0.0564307096100000
99 99 1.0000000000000000
206 99 0.0431934212800000
208 99 0.0536056267500000
213 99 0.0649569802500000
222 99 0.0585872009000000
226 99 0.0692843107800000
295 99 0.9998974585000000
316 99 0.0592362266600000
320 99 0.0649506302500000
100 100 0.9999999996346917
206 100 0.1115249341684035
208 100 0.0553636532340905
212 100 0.1790287185335649
213 100 0.0503154605364445
222 100 0.0956832341959845
225 100 0.2060300921292721
226 100 0.0497610561490075
316 100 0.1078016072448610
319 100 0.1866426611608913
320 100 0.0506591815728544
101 101 0.9999999999511741
206 101 0.0326511574223244
208 101 0.0405220449287969
213 101 0.1227571540393133
222 101 0.0453409864885607
226 101 0.1246353456399741
316 101 0.0450417977111914
320 101 0.1234721177103292
102 102 1.0000000000000000
206 102 0.0431934212800000
208 102 0.0536056267500000
213 102 0.0649569802500000
222 102 0.0599797353150000
226 102 0.0682485148750000
296 102 0.9998974585000000
316 102 0.0595139977000000
320 102 0.0652588427450000
103 103 1.0000000000000000
206 103 0.0431934212800000
208 103 0.0536056267500000
213 103 0.0649569802500000
222 103 0.0599812391350000
226 103 0.0681808789650000
297 103 0.9998974585000000
316 103 0.0594395260750000
320 103 0.0651769611200000
104 104 1.0000000000380493
206 104 0.0610847221806328
208 104 0.0758098043708022
222 104 0.0848985902813800
316 104 0.0842702985553935
105 105 1.0000000000000000
206 105 0.0863868425600000
222 105 0.0460889790000000
316 105 0.0596247807200000
106 106 1.0000000000359375
206 106 0.0498754668073540
208 106 0.0618984460694944
213 106 0.0375029300337566
222 106 0.0693411144218886
226 106 0.0486535956816400
298 106 0.9999079739248635
316 106 0.0695472093692461
320 106 0.0381301355090650
107 107 1.0000000000001881
206 107 0.0772667409303000
207 107 0.0567961834246266
208 107 0.0958926603115939
222 107 0.1361249144895718
316 107 0.1340772799560636
108 108 1.0000000000001881
206 108 0.0386333704651500
207 108 0.1135923668492533
208 108 0.0958926603115939
222 108 0.1421998539756199
316 108 0.1333917384182280
109 109 1.0000000000000000
206 109 0.0863868425600000
222 109 0.0480664981800000
316 109 0.0612764682400000
110 110 1.0000000000359375
206 110 0.0498754668073540
207 110 0.1466471150237684
222 110 0.0985926199144003
316 110 0.1044968551570938
111 111 1.0000000000359375
206 111 0.0498754668073540
207 111 0.1466471150237684
222 111 0.0997135036272516
316 111 0.1015512515478943
112 112 1.0000000000359375
206 112 0.0498754668073540
207 112 0.1466471150237684
222 112 0.1019431158667966
316 112 0.1027885348658395
113 113 1.0000000000000000
206 113 0.0431934212800000
207 113 0.1905001905000000
222 113 0.1188361194300000
316 113 0.1191462477650000
114 114 1.0000000000359375
206 114 0.0498754668073540
207 114 0.1466471150237684
222 114 0.1020637997284307
316 114 0.1031087648600096
115 115 1.0000000000001881
206 115 0.0772667409303000
207 115 0.1135923668492533
208 115 0.0479463301557970
222 115 0.1349251257098944
316 115 0.1342736025475131
116 116 1.0000000000001881
206 116 0.0772667409303000
207 116 0.0567961834246266
208 116 0.0958926603115939
222 116 0.1395379907631000
316 116 0.1334512040611950
117 117 1.0000000000001881
206 117 0.0772667409303000
207 117 0.0567961834246266
208 117 0.0958926603115939
222 117 0.1395178149408737
316 117 0.1364868618892680
118 118 1.0000000000001881
206 118 0.0772667409303000
207 118 0.0567961834246266
208 118 0.0958926603115939
222 118 0.1395110896667982
316 118 0.1356456778157394
119 119 1.0000000000001881
206 119 0.0772667409303000
207 119 0.0567961834246266
208 119 0.0958926603115939
222 119 0.1395043643882507
316 119 0.1370728530635906
120 120 1.0000000000000000
206 120 0.0431934212800000
207 120 0.0635000635000000
208 120 0.1072112535000000
222 120 0.1297117229350000
316 120 0.1247083983100000
121 121 1.0000000000359375
206 121 0.0498754668073540
207 121 0.1466471150237684
222 121 0.1039105229342858
316 121 0.1009968693693686
122 122 1.0000000000359375
206 122 0.0498754668073540
207 122 0.1466471150237684
222 122 0.1031317214845075
316 122 0.1030772542312436
123 123 1.0000000000000000
206 123 0.0431934212800000
207 123 0.1905001905000000
222 123 0.1206083675900000
316 123 0.1198920733550000
124 124 1.0000000000359375
206 124 0.0498754668073540
207 124 0.1466471150237684
222 124 0.1042526051973588
316 124 0.1034346309070930
125 125 1.0000000000359375
206 125 0.0997509336147080
207 125 0.0733235575118842
222 125 0.0986768381251856
316 125 0.1044534746628998
126 126 1.0000000000359375
206 126 0.0997509336147080
207 126 0.0733235575118842
222 126 0.1022504689696521
316 126 0.1037604969541764
127 127 1.0000000000380493
206 127 0.1221694443612655
222 127 0.0799093093991530
316 127 0.0874753573461466
128 128 1.0000000000380493
206 128 0.1221694443612655
222 128 0.0799178162826395
316 128 0.0862777352789462
129 129 1.0000000000380493
206 129 0.1221694443612655
222 129 0.0800369124888169
316 129 0.0867607165613961
130 130 1.0000000000359375
206 130 0.0498754668073540
207 130 0.1466471150237684
222 130 0.1083940578491994
316 130 0.1047961634670717
131 131 1.0000000000001881
206 131 0.0386333704651500
207 131 0.1703885502738799
208 131 0.0479463301557970
222 131 0.1420633309346964
316 131 0.1324441247448863
132 132 1.0000000000359375
206 132 0.0498754668073540
207 132 0.1466471150237684
222 132 0.1057876341921373
316 132 0.1022560137261674
133 133 1.0000000000000000
207 133 0.1905001905000000
208 133 0.0536056267500000
222 133 0.1260409059950000
316 133 0.1174302942600000
134 134 1.0000000000000000
207 134 0.1270001270000000
208 134 0.1072112535000000
222 134 0.1260469212600000
316 134 0.1174871648450000
135 135 1.0000000000001881
207 135 0.1135923668492533
208 135 0.1438389904673909
222 135 0.1428542230845753
316 135 0.1314406835022328
136 136 1.0000000000359375
208 136 0.0618984460694944
213 136 0.0750058600675132
222 136 0.0390746491473950
226 136 0.0801432096078823
299 136 0.9999097146936602
316 136 0.0346380406503706
320 136 0.0759628500604086
137 137 1.0000000000359375
208 137 0.0618984460694944
213 137 0.0750058600675132
222 137 0.0390989595658982
226 137 0.0801432096078823
300 137 0.9999097146936602
316 137 0.0351453703638963
320 137 0.0770759765874189
138 138 1.0000000000001881
208 138 0.0958926603115939
213 138 0.0871489340712750
222 138 0.0622464407793373
226 138 0.0889144279157038
301 138 0.9999021208202158
316 138 0.0563494109472008
320 138 0.0926855702489657
139 139 1.0000000000001881
208 139 0.0958926603115939
213 139 0.0871489340712750
222 139 0.0622444232065061
226 139 0.0888625747112544
302 139 0.9999021208202158
316 139 0.0565790713310386
320 139 0.0930680147983288
140 140 1.0000000000359375
208 140 0.0618984460694944
213 140 0.0750058600675132
222 140 0.0404082489990551
226 140 0.0873171827418829
303 140 0.9999097146936602
316 140 0.0364443086284142
320 140 0.0799251831745025
141 141 1.0000000000000000
208 141 0.0536056267500000
213 141 0.0974354703750000
222 141 0.0350156235850000
226 141 0.1139220899100000
304 141 0.9999241806500001
316 141 0.0314794603050000
320 141 0.1035550162050000
142 142 1.0000000000359375
208 142 0.0618984460694944
213 142 0.0750058600675132
222 142 0.0414084488849134
226 142 0.0889840436777375
305 142 0.9999097146936602
316 142 0.0360256185837319
320 142 0.0790060268408247
143 143 1.0000000000000000
208 143 0.1072112535000000
222 143 0.0760314764400000
316 143 0.0584218457600000
144 144 0.9999999996346917
209 144 0.2927700218239369
210 144 0.2335496832230223
211 144 0.4898979484410685
223 144 0.1681468713901806
224 144 0.5452997031299760
306 144 0.9999868862553012
317 144 0.2927453573233585
318 144 0.5103854399928220
145 145 1.0000000000001881
209 145 0.2535462764123890
213 145 0.0580992893808500
223 145 0.2405496549355692
226 145 0.0375417241670220
307 145 0.9804400319938003
317 145 0.2545894052096666
320 145 0.0560616236095727
146 146 1.0000000000359375
209 146 0.3273268353518792
223 146 0.2980799916798896
317 146 0.3291610181519301
147 147 1.0000000001770344
212 147 0.3396831103804714
225 147 0.3592474074449657
319 147 0.3530284540787679
148 148 1.0000000000000000
212 148 0.2773500982000000
225 148 0.2882236703650000
319 148 0.3056719721000000
149 149 1.0000000001770344
212 149 0.3396831103804714
225 149 0.3861172811114063
319 149 0.3063474730920094
150 150 1.0000000000380493
212 150 0.3922322704074119
225 150 0.4101067529134791
319 150 0.3887295856065520
151 151 1.0000000000380493
213 151 0.0918630424420989
226 151 0.0899262105993497
320 151 0.0873525113456375
152 152 1.0000000000380493
213 152 0.0918630424420989
226 152 0.0899289434822062
320 152 0.0873767268113294
153 153 1.0000000000380493
213 153 0.0918630424420989
226 153 0.0899672041321113
320 153 0.0875728605689069
154 154 1.0000000000359375
213 154 0.1125087901012698
226 154 0.1257397778415070
320 154 0.1070925357632483
155 155 1.0000000000380493
213 155 0.0918630424420989
226 155 0.0513184738587835
320 155 0.0874944759225200
156 156 1.0000000000359375
213 156 0.1125087901012698
226 156 0.0940850397868296
320 156 0.1071949557726544
157 157 1.0000000000359375
213 157 0.1125087901012698
226 157 0.0940515687074896
320 157 0.1071671252668805
158 158 1.0000000000359375
213 158 0.1125087901012698
226 158 0.0938931388053148
320 158 0.1067548214725044
159 159 1.0000000000380493
213 159 0.0918630424420989
226 159 0.0512829461058770
320 159 0.0868875974616911
160 160 1.0000000000359375
213 160 0.1125087901012698
226 160 0.0635973275614197
320 160 0.1071719979472679
161 161 1.0000000000380493
213 161 0.0918630424420989
226 161 0.0513703990431794
320 161 0.0873942858919811
162 162 1.0000000000000000
213 162 0.0649569802500000
226 162 0.0377717663400000
320 162 0.0620226115500000
163 163 1.0000000000380493
213 163 0.0918630424420989
226 163 0.0911669490470060
320 163 0.0875021651925776
164 164 1.0000000000380493
213 164 0.0918630424420989
226 164 0.0909619812347054
320 164 0.0870869446377515
165 165 1.0000000000380493
213 165 0.0918630424420989
226 165 0.0909947761118264
320 165 0.0863557754441224
166 166 1.0000000000380493
213 166 0.0918630424420989
226 166 0.0910029748240356
320 166 0.0860775845608818
167 167 1.0000000000380493
213 167 0.0918630424420989
226 167 0.0910084406038908
320 167 0.0875636793459674
168 168 1.0000000000380493
213 168 0.0918630424420989
226 168 0.0592384300437732
320 168 0.0886412099612670
169 169 1.0000000000380493
213 169 0.0918630424420989
226 169 0.0593696094391201
320 169 0.0863464794648234
170 170 1.0000000000380493
213 170 0.0918630424420989
226 170 0.0593668765350504
320 170 0.0884554050750771
171 171 1.0000000000380493
213 171 0.0918630424420989
226 171 0.0593969384798174
320 171 0.0885234608500764
172 172 1.0000000000380493
213 172 0.0918630424420989
226 172 0.0593750752543306
320 172 0.0875551867248246
173 173 1.0000000000380493
213 173 0.0918630424420989
226 173 0.0664450982453507
320 173 0.0883677244493912
174 174 1.0000000000380493
213 174 0.0918630424420989
226 174 0.0664587627656993
320 174 0.0891593749113926
175 175 1.0000000000380493
213 175 0.0918630424420989
226 175 0.0664669614779085
320 175 0.0895089497586171
176 176 1.0000000000380493
213 176 0.0918630424420989
226 176 0.0664942905256769
320 176 0.0903782962722797
177 177 1.0000000000380493
213 177 0.0918630424420989
226 177 0.0664806260053282
320 177 0.0904126110683558
178 178 1.0000000000380493
213 178 0.0918630424420989
226 178 0.0664778930941874
320 178 0.0900484610391723
179 179 1.0000000000359375
213 179 0.1125087901012698
226 179 0.1116149722679460
320 179 0.1123679627370039
180 180 1.0000000000380493
213 180 0.0918630424420989
226 180 0.0746629409810118
320 180 0.0909021994858585
181 181 1.0000000000380493
213 181 0.0918630424420989
226 181 0.0752450495690770
320 181 0.0902480377562360
182 182 1.0000000000380493
213 182 0.0918630424420989
226 182 0.0988054161198848
320 182 0.0911435507351237
183 183 1.0000000000380493
213 183 0.0918630424420989
226 183 0.0987206960654390
320 183 0.0887041012970370
184 184 1.0000000000380493
213 184 0.0918630424420989
226 184 0.0984392069674702
320 184 0.0900146053038896
185 185 1.0000000000380493
213 185 0.0918630424420989
226 185 0.0945475514731831
320 185 0.0990477754630037
186 186 1.0000000000380493
213 186 0.0918630424420989
226 186 0.0946486689449762
320 186 0.0990622358815320
187 187 1.0000000000380493
213 187 0.0918630424420989
226 187 0.0949711516181330
320 187 0.0987173664056723
188 188 1.0000000000380493
213 188 0.0918630424420989
226 188 0.0945776134250211
320 188 0.0964354896114445
189 189 1.0000000000380493
213 189 0.0918630424420989
226 189 0.0947306560599970
320 189 0.0961219510400393
190 190 1.0000000000380493
213 190 0.0918630424420989
226 190 0.1179958689429900
320 190 0.0872772253684451
191 191 1.0000000000000000
213 191 0.0649569802500000
226 191 0.0834434089300000
320 191 0.0617114776100000
1 192 0.4677071733442226
2 192 0.1581138830114419
192 192 1.0000000000380493
214 192 0.1371386820567939
227 192 0.1563732502205103
308 192 0.3450535172286418
2 193 0.0632455531866882
3 193 0.0426401432630175
4 193 0.1414213562000000
5 193 0.0707106781000000
6 193 0.1897366595600646
7 193 0.1414213562000000
8 193 0.0471404520619526
9 193 0.1414213562000000
10 193 0.0999999999755207
11 193 0.0447213595358162
12 193 0.0707106781000000
13 193 0.0408248290363495
14 193 0.0408248290363495
15 193 0.0999999999755207
16 193 0.0816496580726991
17 193 0.1414213562000000
18 193 0.0816496580726991
19 193 0.0632455531866882
20 193 0.0707106781000000
21 193 0.0707106781000000
22 193 0.1414213561858579
23 193 0.1414213562000000
24 193 0.1414213562000000
25 193 0.1788854381432650
26 193 0.0707106781000000
27 193 0.1414213562000000
28 193 0.0707106781000000
29 193 0.0816496580726991
30 193 0.1414213562000000
31 193 0.1414213562000000
32 193 0.0816496580726991
33 193 0.0707106781000000
34 193 0.0707106781000000
35 193 0.1414213562000000
36 193 0.0816496580726991
37 193 0.0632455531866882
193 193 0.9999999994723630
214 193 0.9723529620800225
227 193 0.0625493000705125
228 193 0.0547193187638014
229 193 0.1408131007125264
230 193 0.0702559506833351
231 193 0.1890829688415250
232 193 0.0466290147238780
233 193 0.1408131007125264
234 193 0.0981217533726229
235 193 0.0450051672085560
236 193 0.0789675421745639
237 193 0.0436413387099418
238 193 0.0425966022295965
239 193 0.0995698983868901
240 193 0.0811824258827342
241 193 0.0796237694548325
242 193 0.0617259361241656
243 193 0.0692384200656782
244 193 0.0692384200656782
245 193 0.1387949544330792
246 193 0.1387651143854996
247 193 0.1387651143854996
248 193 0.1758871868807285
249 193 0.0687459584471885
250 193 0.1387651143854996
251 193 0.0687459584471885
252 193 0.0796237694548325
253 193 0.1387651143854996
254 193 0.1387651143854996
255 193 0.0796237694548325
256 193 0.0687459584471885
257 193 0.0687459584471885
258 193 0.0796237694548325
259 193 0.0620816726785677
308 193 0.9384285181531542
3 194 0.3767052875336740
38 194 0.6333682398487760
39 194 0.1515108038040708
40 194 0.3123475238000000
194 194 1.0000000001459135
215 194 0.8091758299483324
228 194 0.3208902183309312
260 194 0.5513305855631663
261 194 0.1174536077339005
309 194 0.9999343084953332
41 195 0.2964997265994732
42 195 0.2314550249012804
195 195 0.9999999999511741
216 195 0.0014339104456423
262 195 0.2971413117676860
263 195 0.2287405173926610
310 195 0.4856216272086605
39 196 0.5965587590453879
43 196 0.2000000000447590
44 196 0.4949747469149541
196 196 1.0000000004474012
216 196 0.9932304489374733
261 196 0.6396389006559569
264 196 0.1886337514953282
265 196 0.4938530544951351
310 196 0.8740741028242756
14 197 0.2581988897518249
45 197 0.4045199175078166
197 197 1.0000000000001881
217 197 0.0094655931943840
238 197 0.2310840901079436
311 197 0.4689968168019155
11 198 0.0745355992474423
12 198 0.3535533906000000
13 198 0.4082482904789655
45 198 0.5685352436677067
198 198 1.0000000000380496
217 198 0.5570462115917842
235 198 0.0643392836055924
236 198 0.3386754504075064
237 198 0.3743373451473153
311 198 0.8831760063837657
46 199 0.6067798763974050
47 199 0.1740776559716640
48 199 0.0805822964047349
199 199 1.0000000001474996
218 199 0.4929219899768597
266 199 0.5852146004538423
267 199 0.1532578074298899
268 199 0.0767357021086180
312 199 0.7076517454727197
46 200 0.4719399038646483
48 200 0.3223291856189395
200 200 1.0000000001474996
218 200 0.7003487407969358
266 200 0.4551669114640995
268 200 0.3069428084344720
312 200 0.7065497867854129
38 201 0.2513123448814569
48 201 0.1380131118368462
49 201 0.1721325931161201
50 201 0.1490711984754361
51 201 0.1490711984754361
52 201 0.3651483716103617
201 201 0.9999999996346917
219 201 0.6710791053517930
260 201 0.2968897414743480
268 201 0.1366559068273831
269 201 0.1562502820163320
270 201 0.1368497757219133
271 201 0.1350566006220171
313 201 0.7207100724622301
38 202 0.2167774923298443
48 202 0.3571428571096516
53 202 0.0771516749788457
54 202 0.1482498633185857
55 202 0.0890870806244246
202 202 0.9999999999070242
219 202 0.5132659145434338
260 202 0.2560917319267497
268 202 0.3536307554816831
272 202 0.0710379995044967
273 202 0.1375967817887146
274 202 0.0823975816640676
313 202 0.6931382490943508
14 203 0.0440225453076601
39 203 0.0369863360593169
44 203 0.0482242822041630
56 203 0.2852987010044672
57 203 0.2641352718459604
58 203 0.6647258570574293
59 203 0.1524985703000000
60 203 0.2641352718459604
61 203 0.0681994339324725
62 203 0.0622572806286691
63 203 0.2881952087834648
203 203 0.9999999995723936
220 203 0.8445157336686521
238 203 0.0295001358902151
261 203 0.0277414794339181
265 203 0.0336579095533808
275 203 0.2154217605644031
276 203 0.0453620067704813
277 203 0.0408833248453851
278 203 0.2384699833433996
314 203 0.9999557697410558
50 204 0.0440225453076601
53 204 0.2641352718459604
54 204 0.2537729605968885
55 204 0.1016657135231668
64 204 0.0964485644083259
65 204 0.0508328567615834
66 204 0.1699096415212498
67 204 0.1928971288166518
68 204 0.1928971288166518
69 204 0.0964485644083259
70 204 0.2156655463648698
71 204 0.1968748076614870
204 204 0.9999999995723936
221 204 0.0254953106292295
270 204 0.0440873562850461
272 204 0.2653140957372861
273 204 0.2569495622102088
274 204 0.1025800277293158
279 204 0.0953541487196589
280 204 0.1695980771517187
281 204 0.0953541487196589
315 204 0.5048433025416109
41 205 0.0524142418273765
