494 494 1666
1 1 2220.8739999999997963
16 1 -9.9601590000000009
46 1 -8.1967210000000001
267 1 -4.0518640000000001
2 2 5.4106699999999996
4 2 -5.4106699999999996
3 3 13.5708599999999997
52 3 -5.6657229999999998
186 3 -7.9051380000000000
2 4 -5.4106699999999996
4 4 618.3967999999999847
8 4 -91.9963199999999972
120 4 -100.0000000000000000
158 4 -294.1175999999999817
429 4 -53.5045500000000018
432 4 -73.3675700000000006
5 5 8.0000000000000000
115 5 -8.0000000000000000
6 6 5.2511120000000000
150 6 -1.5267180000000000
433 6 -3.7243949999999999
7 7 12.5098099999999999
18 7 -0.5000000000000000
165 7 -2.6191719999999998
367 7 -3.6036039999999998
426 7 -5.7870369999999998
4 8 -91.9963199999999972
8 8 91.9963199999999972
9 9 10.2144999999999992
422 9 -10.2144999999999992
10 10 277.3765999999999963
205 10 -127.2265000000000015
277 10 -150.1501000000000090
11 11 79.8003400000000056
412 11 -50.3018100000000032
436 11 -29.4985299999999988
12 12 13.0155700000000003
13 12 -1.3333330000000001
14 12 -2.1584289999999999
16 12 -9.5238090000000000
12 13 -1.3333330000000001
13 13 1.3333330000000001
12 14 -2.1584289999999999
14 14 2.1584289999999999
15 15 7.0126229999999996
16 15 -7.0126229999999996
1 16 -9.9601590000000009
12 16 -9.5238090000000000
15 16 -7.0126229999999996
16 16 60.1257599999999996
17 16 -21.7864900000000006
19 16 -7.0372969999999997
57 16 -4.8053819999999998
16 17 -21.7864900000000006
17 17 100.1223999999999990
20 17 -17.6056300000000014
21 17 -17.6056300000000014
281 17 -14.3061500000000006
334 17 -28.8184499999999986
7 18 -0.5000000000000000
18 18 0.5000000000000000
16 19 -7.0372969999999997
19 19 7.0372969999999997
17 20 -17.6056300000000014
20 20 17.6056300000000014
17 21 -17.6056300000000014
21 21 17.6056300000000014
22 22 105.8066000000000031
23 22 -37.3134299999999968
140 22 -68.4931500000000000
22 23 -37.3134299999999968
23 23 238.1596000000000117
140 23 -81.9672199999999975
155 23 -108.6955999999999989
197 23 -10.1832999999999991
24 24 7.8064020000000003
25 24 -7.8064020000000003
24 25 -7.8064020000000003
25 25 25.0479899999999986
157 25 -4.7415839999999996
170 25 -12.5000000000000000
26 26 72.5843600000000038
99 26 -42.3728800000000021
425 26 -30.2114800000000017
27 27 423.7287999999999784
28 27 -423.7287999999999784
27 28 -423.7287999999999784
28 28 1022.7340000000000373
85 28 -3.7674720000000002
173 28 -595.2381000000000313
29 29 7.6136960000000000
307 29 -4.3878890000000004
316 29 -3.2258060000000000
30 30 5.4288819999999998
31 30 -5.4288819999999998
30 31 -5.4288819999999998
31 31 28.9126800000000017
182 31 -17.0940200000000004
186 31 -6.3897769999999996
32 32 16.3765700000000010
376 32 -5.0000000000000000
444 32 -11.3765599999999996
33 33 106.1646999999999963
34 33 -62.1118000000000023
239 33 -44.0528600000000026
33 34 -62.1118000000000023
34 34 62.1118000000000023
35 35 13.6054399999999998
222 35 -13.6054399999999998
36 36 1122.9039999999999964
325 36 -1111.1110000000001037
419 36 -11.7924500000000005
37 37 208.5615999999999985
147 37 -8.5616439999999994
262 37 -200.0000000000000000
38 38 19.2869600000000005
39 38 -11.0497200000000007
398 38 -8.2372320000000006
38 39 -11.0497200000000007
39 39 50.4298100000000034
40 39 -22.5733600000000010
281 39 -16.8067199999999985
39 40 -22.5733600000000010
40 40 107.3191000000000059
417 40 -84.7457600000000042
41 41 1125.3079999999999927
47 41 -11.6550100000000008
328 41 -1111.1110000000001037
413 41 -2.5419420000000001
42 42 40.6302400000000006
172 42 -34.8432000000000031
328 42 -5.7870369999999998
43 43 32.2580600000000004
175 43 -32.2580600000000004
44 44 50.4519400000000005
102 44 -11.9904100000000007
286 44 -38.4615399999999994
45 45 21.8901100000000000
174 45 -6.2932660000000000
203 45 -4.9975009999999997
264 45 -5.3361789999999996
285 45 -5.2631579999999998
1 46 -8.1967210000000001
46 46 14.9534800000000008
253 46 -6.7567570000000003
41 47 -11.6550100000000008
47 47 29.2795300000000012
153 47 -3.4199730000000002
285 47 -14.2045499999999993
48 48 1682.9860000000001037
205 48 -114.0250999999999948
271 48 -1333.3330000000000837
283 48 -180.1802000000000135
306 48 -55.4477400000000031
49 49 65.3933700000000044
50 49 -47.6190500000000014
114 49 -6.0096150000000002
455 49 -11.7647099999999991
49 50 -47.6190500000000014
50 50 168.4124999999999943
238 50 -111.1110999999999933
331 50 -5.0761419999999999
442 50 -4.6061730000000001
51 51 39.4463500000000025
82 51 -24.2718400000000010
409 51 -15.1745099999999997
3 52 -5.6657229999999998
52 52 10.4849999999999994
397 52 -4.8192769999999996
53 53 89.1608399999999932
271 53 -37.8787900000000022
310 53 -51.2820499999999981
54 54 14.7029499999999995
162 54 -6.8965519999999998
406 54 -7.8064020000000003
55 55 40.8459500000000020
269 55 -21.9780200000000008
363 55 -18.8679300000000012
56 56 20.8446800000000003
124 56 -9.6339109999999994
224 56 -11.2107600000000005
16 57 -4.8053819999999998
57 57 19.2146100000000004
84 57 -14.4092199999999995
58 58 8.2908159999999995
59 58 -6.2500000000000000
60 58 -2.0408160000000000
58 59 -6.2500000000000000
59 59 63.9985399999999984
347 59 -13.8888900000000000
377 59 -43.8596500000000020
58 60 -2.0408160000000000
60 60 2.0408160000000000
61 61 25.7062700000000000
332 61 -18.1818199999999983
418 61 -7.5244549999999997
62 62 8.0840739999999993
438 62 -8.0840739999999993
63 63 17.0013800000000010
64 63 -0.6702413000000000
89 63 -3.3411300000000002
190 63 -9.5238090000000000
394 63 -3.4662039999999998
63 64 -0.6702413000000000
64 64 0.6702413000000000
65 65 68.6351099999999974
66 65 -56.1797800000000009
428 65 -5.6433410000000004
436 65 -6.8119889999999996
65 66 -56.1797800000000009
66 66 56.1797800000000009
67 67 794.4358999999999469
69 67 -9.7276270000000000
70 67 -714.2857999999999947
71 67 -70.4225299999999947
68 68 63.7407899999999970
70 68 -23.4192000000000000
72 68 -15.0761400000000005
73 68 -10.7526899999999994
214 68 -14.4927499999999991
67 69 -9.7276270000000000
69 69 9.7276270000000000
67 70 -714.2857999999999947
68 70 -23.4192000000000000
70 70 898.1735999999999649
71 70 -64.1025700000000001
72 70 -8.4674010000000006
142 70 -49.6277899999999974
311 70 -15.0150100000000002
320 70 -23.2558100000000003
67 71 -70.4225299999999947
70 71 -64.1025700000000001
71 71 309.7513999999999896
74 71 -22.5225200000000001
75 71 -22.5225200000000001
76 71 -27.0270299999999999
91 71 -57.4712600000000009
353 71 -45.6829600000000013
68 72 -15.0761400000000005
70 72 -8.4674010000000006
72 72 44.6596100000000007
212 72 -8.2918740000000000
213 72 -8.4245999999999999
440 72 -2.1739130000000002
464 72 -2.2256840000000002
68 73 -10.7526899999999994
73 73 10.7526899999999994
71 74 -22.5225200000000001
74 74 22.5225200000000001
71 75 -22.5225200000000001
75 75 22.5225200000000001
71 76 -27.0270299999999999
76 76 27.0270299999999999
77 77 43.2569599999999994
78 77 -11.6279100000000000
187 77 -25.6410300000000007
264 77 -5.9880240000000002
77 78 -11.6279100000000000
78 78 14.9548600000000000
123 78 -1.3241520000000000
265 78 -2.0028039999999998
79 79 59.7835899999999967
80 79 -18.9933499999999995
214 79 -18.5185199999999988
421 79 -22.2717199999999984
79 80 -18.9933499999999995
80 80 76.9893200000000064
147 80 -9.7656250000000000
252 80 -3.3322229999999999
355 80 -9.6618359999999992
393 80 -33.3333399999999997
437 80 -1.9029499999999999
81 81 54.8651300000000006
396 81 -34.2465699999999984
457 81 -20.6185599999999987
51 82 -24.2718400000000010
82 82 130.6547999999999945
287 82 -106.3829999999999956
83 83 8.6511689999999994
387 83 -4.8804299999999996
423 83 -3.7707389999999998
57 84 -14.4092199999999995
84 84 18.5295400000000008
173 84 -4.1203130000000003
28 85 -3.7674720000000002
85 85 318.4947000000000230
88 85 -294.1175999999999817
116 85 -14.0252499999999998
275 85 -3.5448420000000000
454 85 -3.0395140000000000
86 86 11.6143999999999998
88 86 -11.6143999999999998
87 87 55.8730199999999968
88 87 -40.0000000000000000
236 87 -15.8730200000000004
85 88 -294.1175999999999817
86 88 -11.6143999999999998
87 88 -40.0000000000000000
88 88 345.7321000000000026
63 89 -3.3411300000000002
89 89 8.1511340000000008
326 89 -4.8100050000000003
90 90 215.0901000000000067
91 90 -125.0000000000000000
386 90 -90.0901000000000067
71 91 -57.4712600000000009
90 91 -125.0000000000000000
91 91 295.4284999999999854
93 91 -38.7596899999999991
94 91 -38.9105100000000022
95 91 -11.5340299999999996
371 91 -23.7529700000000012
92 92 79.7815099999999973
95 92 -74.6268699999999967
387 92 -5.1546390000000004
91 93 -38.7596899999999991
93 93 38.7596899999999991
91 94 -38.9105100000000022
94 94 38.9105100000000022
91 95 -11.5340299999999996
92 95 -74.6268699999999967
95 95 94.0535600000000045
96 95 -7.8926600000000002
95 96 -7.8926600000000002
96 96 7.8926600000000002
97 97 17.5513300000000001
326 97 -10.7991399999999995
422 97 -6.7521940000000003
98 98 15.5732900000000001
150 98 -5.8927519999999998
156 98 -9.6805420000000009
26 99 -42.3728800000000021
99 99 76.2711900000000043
224 99 -33.8982999999999990
100 100 1230.3369999999999891
158 100 -116.2790999999999997
220 100 -769.2308000000000447
391 100 -344.8276000000000181
101 101 26.0416699999999999
102 101 -26.0416699999999999
44 102 -11.9904100000000007
101 102 -26.0416699999999999
102 102 79.6698899999999952
178 102 -22.4719100000000012
233 102 -10.0000000000000000
286 102 -9.1659030000000001
103 103 104.4050000000000011
306 103 -55.6482999999999990
429 103 -48.7567099999999982
104 104 85.5357900000000058
105 104 -4.7169809999999996
191 104 -17.7935899999999982
257 104 -18.3823499999999989
263 104 -44.6428599999999989
104 105 -4.7169809999999996
105 105 4.7169809999999996
106 106 14.4092199999999995
255 106 -14.4092199999999995
107 107 41.1329500000000010
246 107 -20.0803200000000004
334 107 -21.0526300000000006
108 108 91.6945300000000003
191 108 -72.4637699999999967
380 108 -19.2307699999999997
109 109 9.7847360000000005
112 109 -9.7847360000000005
110 110 1.0298659999999999
112 110 -1.0298659999999999
111 111 2.1645020000000001
112 111 -2.1645020000000001
109 112 -9.7847360000000005
110 112 -1.0298659999999999
111 112 -2.1645020000000001
112 112 26.6899599999999992
123 112 -3.4928400000000002
179 112 -6.8027210000000000
298 112 -3.4152999999999998
113 113 140.1105000000000018
263 113 -36.7647100000000009
337 113 -37.3134299999999968
378 113 -46.9483600000000010
416 113 -19.0839700000000008
49 114 -6.0096150000000002
114 114 14.0104399999999991
115 114 -2.6041669999999999
285 114 -5.3966539999999998
5 115 -8.0000000000000000
114 115 -2.6041669999999999
115 115 13.9848300000000005
354 115 -3.3806630000000002
85 116 -14.0252499999999998
116 116 32.2401800000000023
117 116 -18.2149399999999986
116 117 -18.2149399999999986
117 117 36.7678099999999972
119 117 -18.5528799999999983
118 118 29.7563299999999984
124 118 -19.0839700000000008
346 118 -10.6723599999999994
117 119 -18.5528799999999983
119 119 28.7154799999999994
346 119 -10.1625999999999994
4 120 -100.0000000000000000
120 120 176.9231000000000051
429 120 -76.9230699999999956
121 121 16.9491499999999995
123 121 -16.9491499999999995
122 122 33.9419600000000017
123 122 -5.7836900000000000
187 122 -12.9032300000000006
264 122 -9.6339109999999994
297 122 -5.6211349999999998
78 123 -1.3241520000000000
112 123 -3.4928400000000002
121 123 -16.9491499999999995
122 123 -5.7836900000000000
123 123 38.0870499999999979
179 123 -7.5187970000000002
265 123 -3.0184120000000001
56 124 -9.6339109999999994
118 124 -19.0839700000000008
124 124 28.7178800000000010
125 125 3.2948930000000001
126 125 -3.2948930000000001
125 126 -3.2948930000000001
126 126 10.2830100000000009
385 126 -6.9881209999999996
127 127 39.1090900000000019
129 127 -19.8412700000000015
226 127 -19.2678200000000004
128 128 56.2528300000000030
225 128 -18.9393899999999995
438 128 -37.3134299999999968
127 129 -19.8412700000000015
129 129 19.8412700000000015
130 130 15.9744399999999995
141 130 -15.9744399999999995
131 131 15.9744399999999995
141 131 -15.9744399999999995
132 132 18.3823499999999989
141 132 -18.3823499999999989
133 133 62.1118000000000023
142 133 -62.1118000000000023
134 134 54.3478199999999987
143 134 -54.3478199999999987
135 135 22.5733600000000010
140 135 -22.5733600000000010
136 136 405.7851999999999748
141 136 -333.3333000000000084
142 136 -59.1715999999999980
144 136 -13.2802100000000003
137 137 444.0341000000000236
141 137 -370.3704000000000178
142 137 -60.2409600000000012
145 137 -13.4228199999999998
138 138 125.4902000000000015
199 138 -58.8235200000000020
340 138 -66.6666699999999963
139 139 13.5685199999999995
147 139 -13.5685199999999995
22 140 -68.4931500000000000
23 140 -81.9672199999999975
135 140 -22.5733600000000010
140 140 173.0337000000000103
130 141 -15.9744399999999995
131 141 -15.9744399999999995
132 141 -18.3823499999999989
136 141 -333.3333000000000084
137 141 -370.3704000000000178
141 141 754.0348999999999933
70 142 -49.6277899999999974
133 142 -62.1118000000000023
136 142 -59.1715999999999980
137 142 -60.2409600000000012
142 142 643.3153999999999542
143 142 -188.6792000000000087
473 142 -188.6792000000000087
478 142 -12.1802700000000002
487 142 -22.6244399999999999
134 143 -54.3478199999999987
142 143 -188.6792000000000087
143 143 274.5828000000000202
242 143 -31.5556899999999985
136 144 -13.2802100000000003
144 144 13.2802100000000003
137 145 -13.4228199999999998
145 145 13.4228199999999998
146 146 86.1757400000000047
183 146 -8.5763289999999994
245 146 -6.8780520000000003
339 146 -70.7213600000000042
37 147 -8.5616439999999994
80 147 -9.7656250000000000
139 147 -13.5685199999999995
147 147 31.8957900000000016
148 148 19.6078399999999995
434 148 -9.8039220000000000
443 148 -9.8039220000000000
149 149 36.0613499999999974
150 149 -20.6077900000000014
217 149 -15.4535599999999995
6 150 -1.5267180000000000
98 150 -5.8927519999999998
149 150 -20.6077900000000014
150 150 38.1282700000000006
397 150 -10.1010100000000005
151 151 52.8684799999999981
153 151 -5.3714350000000000
154 151 -2.4520019999999998
155 151 -45.0450500000000034
152 152 55.5094899999999996
153 152 -5.4436580000000001
154 152 -2.4467829999999999
155 152 -47.6190500000000014
47 153 -3.4199730000000002
151 153 -5.3714350000000000
152 153 -5.4436580000000001
153 153 29.8600700000000003
203 153 -15.6250000000000000
151 154 -2.4520019999999998
152 154 -2.4467829999999999
154 154 4.8987850000000002
23 155 -108.6955999999999989
151 155 -45.0450500000000034
152 155 -47.6190500000000014
155 155 218.7209000000000003
241 155 -17.3611100000000000
98 156 -9.6805420000000009
156 156 10009.6800000000002910
157 156 -10000.0000000000000000
25 157 -4.7415839999999996
156 157 -10000.0000000000000000
157 157 10004.7399999999997817
4 158 -294.1175999999999817
100 158 -116.2790999999999997
158 158 410.3967000000000098
159 159 95.7427899999999994
160 159 -40.7346799999999973
183 159 -10.0230499999999996
248 159 -21.1685000000000016
388 159 -16.4636199999999988
392 159 -7.3529410000000004
159 160 -40.7346799999999973
160 160 202.0149999999999864
369 160 -19.4363500000000009
399 160 -141.8439999999999941
161 161 2.2099449999999998
410 161 -2.2099449999999998
54 162 -6.8965519999999998
162 162 8.6686589999999999
355 162 -1.7721070000000001
163 163 132.4125999999999976
167 163 -22.5225200000000001
246 163 -109.8901000000000039
164 164 1076.9710000000000036
167 164 -999.9999000000000251
231 164 -15.5981900000000007
417 164 -27.3597800000000007
470 164 -34.0135999999999967
7 165 -2.6191719999999998
165 165 2.6191719999999998
166 166 11.8660899999999998
341 166 -8.0710250000000006
423 166 -3.7950659999999998
163 167 -22.5225200000000001
164 167 -999.9999000000000251
167 167 1022.5220000000000482
168 168 66.8002699999999976
169 168 -66.8002699999999976
168 169 -66.8002699999999976
169 169 77.0498999999999938
344 169 -4.9731449999999997
400 169 -5.2764879999999996
25 170 -12.5000000000000000
170 170 179.1666999999999916
325 170 -166.6666999999999916
171 171 76.9230699999999956
172 171 -76.9230699999999956
42 172 -34.8432000000000031
171 172 -76.9230699999999956
172 172 111.7663000000000011
28 173 -595.2381000000000313
84 173 -4.1203130000000003
173 173 618.7910000000000537
202 173 -19.4325699999999983
45 174 -6.2932660000000000
174 174 41.1108499999999992
175 174 -9.2421330000000008
285 174 -25.5754500000000000
43 175 -32.2580600000000004
174 175 -9.2421330000000008
175 175 41.5001999999999995
176 176 3.6764700000000001
464 176 -3.6764700000000001
177 177 5.4200540000000004
226 177 -5.4200540000000004
102 178 -22.4719100000000012
178 178 36.9436899999999966
340 178 -14.4717800000000008
112 179 -6.8027210000000000
123 179 -7.5187970000000002
179 179 14.3215199999999996
180 180 14.6412899999999997
181 180 -14.6412899999999997
180 181 -14.6412899999999997
181 181 89.8292600000000050
233 181 -75.1879700000000071
31 182 -17.0940200000000004
182 182 17.0940200000000004
146 183 -8.5763289999999994
159 183 -10.0230499999999996
183 183 48.7011499999999984
184 183 -3.3199429999999999
185 183 -10.1760500000000000
248 183 -16.6057799999999993
183 184 -3.3199429999999999
184 184 3.3199429999999999
183 185 -10.1760500000000000
185 185 10.1760500000000000
3 186 -7.9051380000000000
31 186 -6.3897769999999996
186 186 14.2949199999999994
77 187 -25.6410300000000007
122 187 -12.9032300000000006
187 187 38.5442499999999981
188 188 4.0978130000000004
198 188 -2.4283630000000000
212 188 -1.6694490000000000
189 189 0.1703577000000000
190 189 -0.1703577000000000
63 190 -9.5238090000000000
189 190 -0.1703577000000000
190 190 12.4391599999999993
401 190 -2.7449900000000000
104 191 -17.7935899999999982
108 191 -72.4637699999999967
191 191 209.3358000000000061
192 191 -8.0000000000000000
195 191 -12.0149000000000008
196 191 -17.8444000000000003
374 191 -30.4878000000000000
380 191 -14.1683199999999996
416 191 -36.5630700000000033
191 192 -8.0000000000000000
192 192 29.5478300000000011
193 192 -10.2009600000000002
194 192 -11.3468699999999991
192 193 -10.2009600000000002
193 193 10.2009600000000002
192 194 -11.3468699999999991
194 194 11.3468699999999991
191 195 -12.0149000000000008
195 195 12.0149000000000008
191 196 -17.8444000000000003
196 196 17.8444000000000003
23 197 -10.1832999999999991
197 197 28.4983199999999997
465 197 -18.3150200000000005
188 198 -2.4283630000000000
198 198 10.6116700000000002
201 198 -8.1833069999999992
138 199 -58.8235200000000020
199 199 101.3766999999999996
364 199 -42.5531900000000007
200 200 4.8053819999999998
280 200 -4.8053819999999998
198 201 -8.1833069999999992
201 201 8.1833069999999992
173 202 -19.4325699999999983
202 202 40.3137600000000020
247 202 -20.8811900000000001
45 203 -4.9975009999999997
153 203 -15.6250000000000000
203 203 124.7891999999999939
297 203 -104.1667000000000058
204 204 1214.5329999999999018
205 204 -1123.5950000000000273
206 204 -5.7583789999999997
207 204 -85.1788800000000066
10 205 -127.2265000000000015
48 205 -114.0250999999999948
204 205 -1123.5950000000000273
205 205 1543.6079999999999472
208 205 -15.4987100000000009
283 205 -93.2835800000000006
357 205 -53.1067499999999981
369 205 -16.8719399999999986
204 206 -5.7583789999999997
206 206 5.7583789999999997
204 207 -85.1788800000000066
207 207 149.5704000000000065
278 207 -64.3914900000000046
205 208 -15.4987100000000009
208 208 21.7773600000000016
209 208 -6.2786460000000002
208 209 -6.2786460000000002
209 209 6.2786460000000002
210 210 8.7950739999999996
211 210 -8.7950739999999996
210 211 -8.7950739999999996
211 211 45.5701499999999982
457 211 -20.8768300000000018
465 211 -15.8982500000000009
72 212 -8.2918740000000000
188 212 -1.6694490000000000
212 212 9.9613230000000001
72 213 -8.4245999999999999
213 213 16.7371499999999997
444 213 -8.3125509999999991
68 214 -14.4927499999999991
79 214 -18.5185199999999988
214 214 33.0112700000000032
215 215 10.2947299999999995
390 215 -5.7012539999999996
440 215 -4.5934770000000000
216 216 243.9951000000000079
217 216 -181.8181999999999903
218 216 -11.4155300000000004
219 216 -50.7614200000000011
149 217 -15.4535599999999995
216 217 -181.8181999999999903
217 217 278.1383999999999901
277 217 -46.6635599999999968
286 217 -5.4674690000000004
429 217 -28.7356300000000005
216 218 -11.4155300000000004
218 218 11.4155300000000004
216 219 -50.7614200000000011
219 219 77.5710799999999949
235 219 -26.8096500000000013
100 220 -769.2308000000000447
220 220 978.0082999999999629
271 220 -59.5238099999999974
449 220 -149.2537000000000091
221 221 14.1752699999999994
367 221 -10.5042000000000009
464 221 -3.6710720000000001
35 222 -13.6054399999999998
222 222 24.7521300000000011
240 222 -3.9936099999999999
436 222 -7.1530760000000004
223 223 27.5141400000000012
345 223 -14.7058800000000005
398 223 -5.7110219999999998
407 223 -7.0972320000000000
56 224 -11.2107600000000005
99 224 -33.8982999999999990
224 224 74.1440000000000055
377 224 -24.3902399999999986
454 224 -4.6446820000000004
128 225 -18.9393899999999995
225 225 238.1673999999999864
226 225 -200.0000000000000000
282 225 -8.1168829999999996
377 225 -11.1111100000000000
127 226 -19.2678200000000004
177 226 -5.4200540000000004
225 226 -200.0000000000000000
226 226 224.6879000000000133
227 227 15.2439000000000000
228 227 -15.2439000000000000
227 228 -15.2439000000000000
228 228 19.7585799999999985
420 228 -4.5146730000000002
229 229 36.4963499999999996
230 229 -36.4963499999999996
229 230 -36.4963499999999996
230 230 95.4541600000000017
315 230 -55.2486200000000025
436 230 -3.7091989999999999
164 231 -15.5981900000000007
231 231 100.6927000000000021
386 231 -19.3050199999999990
473 231 -65.7894699999999943
232 232 329.6231000000000222
233 232 -200.0000000000000000
234 232 -11.9760500000000008
235 232 -117.6470000000000056
102 233 -10.0000000000000000
181 233 -75.1879700000000071
232 233 -200.0000000000000000
233 233 285.1879999999999882
232 234 -11.9760500000000008
234 234 11.9760500000000008
219 235 -26.8096500000000013
232 235 -117.6470000000000056
235 235 144.4567000000000121
87 236 -15.8730200000000004
236 236 165.7238000000000113
301 236 -62.2083999999999975
399 236 -87.6424200000000013
237 237 82.1884399999999999
300 237 -58.0046400000000020
308 237 -24.1838000000000015
50 238 -111.1110999999999933
238 238 151.4336999999999875
294 238 -40.3225800000000021
33 239 -44.0528600000000026
239 239 48.5151600000000016
322 239 -4.4622940000000000
222 240 -3.9936099999999999
240 240 8.2308979999999998
422 240 -4.2372880000000004
155 241 -17.3611100000000000
241 241 26.7507799999999989
329 241 -9.3896709999999999
143 242 -31.5556899999999985
242 242 329.2194000000000074
258 242 -186.5672000000000139
431 242 -38.5802499999999995
480 242 -72.5163100000000043
243 243 28.6242400000000004
244 243 -27.1739099999999993
309 243 -1.4503260000000000
243 244 -27.1739099999999993
244 244 27.1739099999999993
146 245 -6.8780520000000003
245 245 36.9804000000000030
300 245 -30.1023500000000013
107 246 -20.0803200000000004
163 246 -109.8901000000000039
246 246 129.9704000000000121
202 247 -20.8811900000000001
247 247 99.0061900000000037
333 247 -78.1250000000000000
159 248 -21.1685000000000016
183 248 -16.6057799999999993
248 248 45.4867599999999968
249 248 -7.7124790000000001
248 249 -7.7124790000000001
249 249 20007.7099999999991269
250 249 -10000.0000000000000000
251 249 -10000.0000000000000000
249 250 -10000.0000000000000000
250 250 10000.0000000000000000
249 251 -10000.0000000000000000
251 251 10000.0000000000000000
80 252 -3.3322229999999999
252 252 10.8453700000000008
363 252 -7.5131480000000002
46 253 -6.7567570000000003
253 253 14.7567599999999999
256 253 -8.0000000000000000
254 254 1.4598540000000000
256 254 -1.4598540000000000
106 255 -14.4092199999999995
255 255 103.4287999999999954
256 255 -40.0000000000000000
385 255 -49.0196100000000001
253 256 -8.0000000000000000
254 256 -1.4598540000000000
255 256 -40.0000000000000000
256 256 49.4598500000000030
104 257 -18.3823499999999989
257 257 141.7923000000000116
266 257 -10.9673200000000008
336 257 -22.2717199999999984
402 257 -48.1540899999999965
427 257 -42.0168099999999995
242 258 -186.5672000000000139
258 258 545.1684000000000196
259 258 -90.7441000000000031
260 258 -90.0090000000000003
261 258 -89.1265599999999978
431 258 -28.6615099999999998
466 258 -60.0600600000000000
258 259 -90.7441000000000031
259 259 90.7441000000000031
258 260 -90.0090000000000003
260 260 90.0090000000000003
258 261 -89.1265599999999978
261 261 89.1265599999999978
37 262 -200.0000000000000000
262 262 204.9044000000000096
443 262 -4.9043650000000003
104 263 -44.6428599999999989
113 263 -36.7647100000000009
263 263 172.7262000000000057
336 263 -63.6942700000000031
378 263 -27.6243100000000013
45 264 -5.3361789999999996
77 264 -5.9880240000000002
122 264 -9.6339109999999994
264 264 26.7418000000000013
265 264 -5.7836900000000000
78 265 -2.0028039999999998
123 265 -3.0184120000000001
264 265 -5.7836900000000000
265 265 10.8049099999999996
257 266 -10.9673200000000008
266 266 10.9673200000000008
1 267 -4.0518640000000001
267 267 12.3300099999999997
407 267 -8.2781459999999996
268 268 6.8027210000000000
269 268 -6.8027210000000000
55 269 -21.9780200000000008
268 269 -6.8027210000000000
269 269 33.4146599999999978
422 269 -4.6339199999999998
270 270 146.1641999999999939
372 270 -72.2543299999999959
404 270 -73.9098299999999995
48 271 -1333.3330000000000837
53 271 -37.8787900000000022
220 271 -59.5238099999999974
271 271 1493.0409999999999400
272 271 -17.2413799999999995
310 271 -26.8817200000000014
377 271 -18.1818199999999983
271 272 -17.2413799999999995
272 272 43.9259500000000003
273 272 -13.3155800000000006
274 272 -13.3689800000000005
272 273 -13.3155800000000006
273 273 13.3155800000000006
272 274 -13.3689800000000005
274 274 13.3689800000000005
85 275 -3.5448420000000000
275 275 27.8209699999999991
345 275 -9.5419850000000004
375 275 -8.3402829999999994
407 275 -6.3938620000000004
276 276 12.3225300000000004
315 276 -4.6772689999999999
394 276 -7.6452600000000004
10 277 -150.1501000000000090
217 277 -46.6635599999999968
277 277 278.5131000000000085
432 277 -81.6993499999999955
207 278 -64.3914900000000046
278 278 273.0466000000000122
279 278 -86.2068900000000014
431 278 -104.1667000000000058
479 278 -18.2815399999999997
278 279 -86.2068900000000014
279 279 86.2068900000000014
200 280 -4.8053819999999998
280 280 15.7582799999999992
281 280 -10.9528999999999996
17 281 -14.3061500000000006
39 281 -16.8067199999999985
280 281 -10.9528999999999996
281 281 42.0657799999999966
225 282 -8.1168829999999996
282 282 8.1168829999999996
48 283 -180.1802000000000135
205 283 -93.2835800000000006
283 283 273.4637999999999920
284 284 39.0280300000000011
285 284 -3.4928400000000002
287 284 -18.0831799999999987
288 284 -17.4520100000000014
45 285 -5.2631579999999998
47 285 -14.2045499999999993
114 285 -5.3966539999999998
174 285 -25.5754500000000000
284 285 -3.4928400000000002
285 285 151.9719000000000051
289 285 -49.0196100000000001
290 285 -49.0196100000000001
44 286 -38.4615399999999994
102 286 -9.1659030000000001
217 286 -5.4674690000000004
286 286 65.0280800000000028
289 286 -5.9665869999999996
290 286 -5.9665869999999996
82 287 -106.3829999999999956
284 287 -18.0831799999999987
287 287 124.4662000000000006
284 288 -17.4520100000000014
288 288 17.4520100000000014
285 289 -49.0196100000000001
286 289 -5.9665869999999996
289 289 59.0678300000000007
291 289 -4.0816330000000001
285 290 -49.0196100000000001
286 290 -5.9665869999999996
290 290 59.0678300000000007
292 290 -4.0816330000000001
289 291 -4.0816330000000001
291 291 4.0816330000000001
290 292 -4.0816330000000001
292 292 4.0816330000000001
293 293 10.7991399999999995
294 293 -10.7991399999999995
238 294 -40.3225800000000021
293 294 -10.7991399999999995
294 294 81.4247399999999999
419 294 -30.3030299999999997
295 295 39.0625000000000000
447 295 -39.0625000000000000
296 296 507.6857999999999720
297 296 -5.6818179999999998
298 296 -500.0000000000000000
299 296 -2.0040079999999998
122 297 -5.6211349999999998
203 297 -104.1667000000000058
296 297 -5.6818179999999998
297 297 328.2355999999999767
456 297 -212.7659999999999911
112 298 -3.4152999999999998
296 298 -500.0000000000000000
298 298 503.4153000000000020
296 299 -2.0040079999999998
299 299 2.0040079999999998
237 300 -58.0046400000000020
245 300 -30.1023500000000013
300 300 100.9094000000000051
372 300 -12.8024600000000000
236 301 -62.2083999999999975
301 301 5112.3850000000002183
302 301 -2000.0000000000000000
304 301 -2000.0000000000000000
306 301 -500.0000000000000000
310 301 -500.0000000000000000
323 301 -8.5106380000000001
429 301 -41.6666700000000034
301 302 -2000.0000000000000000
302 302 2077.7860000000000582
303 302 -11.5606899999999992
493 302 -66.2251700000000056
302 303 -11.5606899999999992
303 303 11.5606899999999992
301 304 -2000.0000000000000000
304 304 2077.7860000000000582
305 304 -11.5606899999999992
494 304 -66.2251700000000056
304 305 -11.5606899999999992
305 305 11.5606899999999992
48 306 -55.4477400000000031
103 306 -55.6482999999999990
301 306 -500.0000000000000000
306 306 1166.6520000000000437
310 306 -555.5555000000000518
29 307 -4.3878890000000004
307 307 17.5979300000000016
434 307 -13.2100399999999993
237 308 -24.1838000000000015
308 308 57.2854200000000020
373 308 -33.1016199999999969
243 309 -1.4503260000000000
309 309 46.6991999999999976
409 309 -45.2488699999999966
53 310 -51.2820499999999981
271 310 -26.8817200000000014
301 310 -500.0000000000000000
306 310 -555.5555000000000518
310 310 2286.1529999999997926
317 310 -370.3704000000000178
318 310 -370.3704000000000178
319 310 -370.3704000000000178
391 310 -41.3223199999999977
70 311 -15.0150100000000002
311 311 238.1108000000000118
317 311 -60.2409600000000012
318 311 -60.2409600000000012
319 311 -60.2409600000000012
320 311 -42.3728800000000021
312 312 13.4228199999999998
317 312 -13.4228199999999998
313 313 13.4228199999999998
318 313 -13.4228199999999998
314 314 13.4228199999999998
319 314 -13.4228199999999998
230 315 -55.2486200000000025
276 315 -4.6772689999999999
315 315 59.9258799999999994
29 316 -3.2258060000000000
316 316 9.6608129999999992
428 316 -6.4350069999999997
310 317 -370.3704000000000178
311 317 -60.2409600000000012
312 317 -13.4228199999999998
317 317 444.0341000000000236
310 318 -370.3704000000000178
311 318 -60.2409600000000012
313 318 -13.4228199999999998
318 318 444.0341000000000236
310 319 -370.3704000000000178
311 319 -60.2409600000000012
314 319 -13.4228199999999998
319 319 444.0341000000000236
70 320 -23.2558100000000003
311 320 -42.3728800000000021
320 320 69.4748500000000035
321 320 -3.8461539999999999
320 321 -3.8461539999999999
321 321 13.5643300000000000
401 321 -9.7181730000000002
239 322 -4.4622940000000000
322 322 16.5104900000000008
323 322 -12.0481900000000000
301 323 -8.5106380000000001
322 323 -12.0481900000000000
323 323 10029.6299999999991996
340 323 -9.0744089999999993
435 323 -10000.0000000000000000
324 324 18.1818199999999983
325 324 -18.1818199999999983
36 325 -1111.1110000000001037
170 325 -166.6666999999999916
324 325 -18.1818199999999983
325 325 1295.9590000000000600
89 326 -4.8100050000000003
97 326 -10.7991399999999995
326 326 15.6091400000000000
327 327 3.1055899999999999
328 327 -3.1055899999999999
41 328 -1111.1110000000001037
42 328 -5.7870369999999998
327 328 -3.1055899999999999
328 328 1120.0039999999999054
241 329 -9.3896709999999999
329 329 74.3247400000000056
396 329 -64.9350699999999961
330 330 4.5871560000000002
331 330 -4.5871560000000002
50 331 -5.0761419999999999
330 331 -4.5871560000000002
331 331 9.6632990000000003
61 332 -18.1818199999999983
332 332 23.8961000000000006
335 332 -5.7142860000000004
247 333 -78.1250000000000000
333 333 92.8092900000000043
392 333 -14.6842900000000007
17 334 -28.8184499999999986
107 334 -21.0526300000000006
334 334 49.8710799999999992
332 335 -5.7142860000000004
335 335 12.2331900000000005
434 335 -6.5189050000000002
257 336 -22.2717199999999984
263 336 -63.6942700000000031
336 336 85.9659900000000050
113 337 -37.3134299999999968
337 337 81.9562999999999988
343 337 -44.6428599999999989
338 338 2.1645020000000001
394 338 -2.1645020000000001
146 339 -70.7213600000000042
339 339 74.3359099999999984
342 339 -3.6145450000000001
138 340 -66.6666699999999963
178 340 -14.4717800000000008
323 340 -9.0744089999999993
340 340 90.2128600000000063
166 341 -8.0710250000000006
341 341 10.4691100000000006
423 341 -2.3980820000000000
339 342 -3.6145450000000001
342 342 3.6145450000000001
337 343 -44.6428599999999989
343 343 63.8367199999999997
416 343 -19.1938600000000008
169 344 -4.9731449999999997
344 344 4.9731449999999997
223 345 -14.7058800000000005
275 345 -9.5419850000000004
345 345 90.8585199999999986
348 345 -3.6205650000000000
350 345 -12.0336900000000000
352 345 -29.0697699999999983
353 345 -21.8866300000000003
118 346 -10.6723599999999994
119 346 -10.1625999999999994
346 346 86.7836900000000071
347 346 -24.2130800000000015
349 346 -3.8109760000000001
351 346 -12.1951199999999993
353 346 -21.7391299999999994
375 346 -3.9904229999999998
59 347 -13.8888900000000000
346 347 -24.2130800000000015
347 347 38.1019700000000014
345 348 -3.6205650000000000
348 348 3.6205650000000000
346 349 -3.8109760000000001
349 349 3.8109760000000001
345 350 -12.0336900000000000
350 350 12.0336900000000000
346 351 -12.1951199999999993
351 351 12.1951199999999993
345 352 -29.0697699999999983
352 352 49.9031000000000020
395 352 -20.8333300000000001
71 353 -45.6829600000000013
345 353 -21.8866300000000003
346 353 -21.7391299999999994
353 353 10089.3099999999994907
403 353 -10000.0000000000000000
115 354 -3.3806630000000002
354 354 9.4302689999999991
420 354 -6.0496070000000000
80 355 -9.6618359999999992
162 355 -1.7721070000000001
355 355 11.4339399999999998
356 356 192.3077000000000112
385 356 -192.3077000000000112
205 357 -53.1067499999999981
357 357 141.2346000000000004
358 357 -15.7853200000000005
359 357 -7.3588930000000001
361 357 -7.8733950000000004
399 357 -57.1102199999999982
357 358 -15.7853200000000005
358 358 32.0484399999999994
360 358 -8.1672650000000004
362 358 -8.0958550000000002
357 359 -7.3588930000000001
359 359 7.3588930000000001
358 360 -8.1672650000000004
360 360 8.1672650000000004
357 361 -7.8733950000000004
361 361 7.8733950000000004
358 362 -8.0958550000000002
362 362 8.0958550000000002
55 363 -18.8679300000000012
252 363 -7.5131480000000002
363 363 26.3810700000000011
199 364 -42.5531900000000007
364 364 42.5531900000000007
365 365 21.2314200000000000
438 365 -21.2314200000000000
366 366 1.1697270000000000
367 366 -1.1697270000000000
7 367 -3.6036039999999998
221 367 -10.5042000000000009
366 367 -1.1697270000000000
367 367 30.3739699999999999
376 367 -3.5223670000000000
426 367 -11.5740700000000007
368 368 262.9839000000000055
369 368 -188.6792000000000087
370 368 -13.6986299999999996
371 368 -60.6060599999999994
160 369 -19.4363500000000009
205 369 -16.8719399999999986
368 369 -188.6792000000000087
369 369 277.7794000000000096
372 369 -26.3088599999999992
373 369 -26.4830499999999986
368 370 -13.6986299999999996
370 370 13.6986299999999996
91 371 -23.7529700000000012
368 371 -60.6060599999999994
371 371 84.3590300000000042
270 372 -72.2543299999999959
300 372 -12.8024600000000000
369 372 -26.3088599999999992
372 372 111.3657000000000039
308 373 -33.1016199999999969
369 373 -26.4830499999999986
373 373 108.6042999999999950
392 373 -49.0196100000000001
191 374 -30.4878000000000000
374 374 123.0803999999999974
408 374 -92.5925900000000013
275 375 -8.3402829999999994
346 375 -3.9904229999999998
375 375 12.3307099999999998
32 376 -5.0000000000000000
367 376 -3.5223670000000000
376 376 8.5223669999999991
59 377 -43.8596500000000020
224 377 -24.3902399999999986
225 377 -11.1111100000000000
271 377 -18.1818199999999983
377 377 121.0169999999999959
395 377 -23.4741800000000005
113 378 -46.9483600000000010
263 378 -27.6243100000000013
378 378 74.5726700000000022
379 379 127.6411999999999978
380 379 -35.2112699999999990
381 379 -84.0336199999999991
383 379 -8.3963059999999992
108 380 -19.2307699999999997
191 380 -14.1683199999999996
379 380 -35.2112699999999990
380 380 78.4239000000000033
384 380 -9.8135429999999992
379 381 -84.0336199999999991
381 381 249.7547999999999888
417 381 -153.8461000000000070
430 381 -11.8750699999999991
382 382 123.4568000000000012
384 382 -123.4568000000000012
379 383 -8.3963059999999992
383 383 8.3963059999999992
380 384 -9.8135429999999992
382 384 -123.4568000000000012
384 384 133.2702999999999918
126 385 -6.9881209999999996
255 385 -49.0196100000000001
356 385 -192.3077000000000112
385 385 248.3154000000000110
90 386 -90.0901000000000067
231 386 -19.3050199999999990
386 386 109.3950999999999993
83 387 -4.8804299999999996
92 387 -5.1546390000000004
387 387 10.0350699999999993
159 388 -16.4636199999999988
388 388 18.1129099999999994
389 388 -1.6492940000000000
388 389 -1.6492940000000000
389 389 1.6492940000000000
215 390 -5.7012539999999996
390 390 8.2201459999999997
439 390 -2.5188920000000001
100 391 -344.8276000000000181
310 391 -41.3223199999999977
391 391 386.1499000000000024
159 392 -7.3529410000000004
333 392 -14.6842900000000007
373 392 -49.0196100000000001
392 392 209.3694000000000131
404 392 -138.3126000000000033
80 393 -33.3333399999999997
393 393 38.3333399999999997
439 393 -5.0000000000000000
63 394 -3.4662039999999998
276 394 -7.6452600000000004
338 394 -2.1645020000000001
394 394 13.2759699999999992
352 395 -20.8333300000000001
377 395 -23.4741800000000005
395 395 44.3075100000000006
81 396 -34.2465699999999984
329 396 -64.9350699999999961
396 396 133.2931000000000097
457 396 -10.5820100000000004
465 396 -23.5294099999999986
52 397 -4.8192769999999996
150 397 -10.1010100000000005
397 397 14.9202899999999996
38 398 -8.2372320000000006
223 398 -5.7110219999999998
398 398 13.9482499999999998
160 399 -141.8439999999999941
236 399 -87.6424200000000013
357 399 -57.1102199999999982
399 399 286.5966000000000236
169 400 -5.2764879999999996
400 400 19.0886400000000016
442 400 -13.8121500000000008
190 401 -2.7449900000000000
321 401 -9.7181730000000002
401 401 12.4631600000000002
257 402 -48.1540899999999965
402 402 85.6072800000000029
403 402 -37.4531899999999993
353 403 -10000.0000000000000000
402 403 -37.4531899999999993
403 403 10037.4500000000007276
270 404 -73.9098299999999995
392 404 -138.3126000000000033
404 404 212.2223999999999933
405 405 4.2354930000000000
406 405 -4.2354930000000000
54 406 -7.8064020000000003
405 406 -4.2354930000000000
406 406 12.0418900000000004
223 407 -7.0972320000000000
267 407 -8.2781459999999996
275 407 -6.3938620000000004
407 407 21.7692399999999999
374 408 -92.5925900000000013
408 408 117.2840000000000060
427 408 -24.6913599999999995
51 409 -15.1745099999999997
309 409 -45.2488699999999966
409 409 60.4233800000000016
161 410 -2.2099449999999998
410 410 12.3725500000000004
418 410 -10.1625999999999994
411 411 31.5656600000000012
412 411 -31.5656600000000012
11 412 -50.3018100000000032
411 412 -31.5656600000000012
412 412 83.2819099999999963
437 412 -1.4144470000000000
41 413 -2.5419420000000001
413 413 2.5419420000000001
414 414 119.8662999999999954
415 414 -8.3333340000000007
416 414 -34.0135999999999967
417 414 -77.5193799999999982
414 415 -8.3333340000000007
415 415 8.3333340000000007
113 416 -19.0839700000000008
191 416 -36.5630700000000033
343 416 -19.1938600000000008
414 416 -34.0135999999999967
416 416 108.8545000000000016
40 417 -84.7457600000000042
164 417 -27.3597800000000007
381 417 -153.8461000000000070
414 417 -77.5193799999999982
417 417 343.4710999999999785
61 418 -7.5244549999999997
410 418 -10.1625999999999994
418 418 17.6870599999999989
36 419 -11.7924500000000005
294 419 -30.3030299999999997
419 419 42.0954800000000020
228 420 -4.5146730000000002
354 420 -6.0496070000000000
420 420 19.0460400000000014
424 420 -8.4817640000000001
79 421 -22.2717199999999984
421 421 51.3229299999999995
422 421 -6.7795009999999998
435 421 -22.2717199999999984
9 422 -10.2144999999999992
97 422 -6.7521940000000003
240 422 -4.2372880000000004
269 422 -4.6339199999999998
421 422 -6.7795009999999998
422 422 32.6174099999999996
