362 362 5786
1 1 0.0651645520644072
2 1 -0.0320209077039413
4 1 -0.0331436443604659
131 1 0.0001271758105539
133 1 -0.0001124651964796
134 1 -0.0001087623263914
246 1 -0.0003530261419777
247 1 -0.0001250032209446
248 1 -0.0001418151621398
1 2 -0.0320209077039413
2 2 0.1685823459261168
5 2 -0.0426582646996871
131 2 -0.0002505378598048
132 2 -0.0003100627641008
134 2 -0.0001399849714201
135 2 -0.0001430889765988
246 2 -0.0001160870731791
247 2 0.0001250032209446
248 2 0.0000000000000000
249 2 -0.0001520882534471
3 3 0.0820342431535140
4 3 -0.0409455184736624
9 3 -0.0415397247076937
133 3 -0.0004165446724171
138 3 -0.0006851385923361
139 3 -0.0006838053941316
247 3 0.0001250032209446
250 3 0.0004158181489066
251 3 0.0004068419115708
1 4 -0.0331436443604659
3 4 -0.0409455184736624
4 4 0.1654547223829411
5 4 -0.0437810013562117
10 4 -0.0481068580993742
131 4 -0.0001271758105539
133 4 -0.0003261215659492
134 4 -0.0003339428848125
139 4 -0.0007446100437352
140 4 -0.0007404963273382
247 4 0.0000000000000000
248 4 0.0001418151621398
250 4 -0.0004158181489066
251 4 0.0000178015669408
252 4 0.0004255256606935
2 5 -0.0426582646996871
4 5 -0.0437810013562117
5 5 0.1752672116310362
6 5 -0.0419021359310073
11 5 -0.0474408789635336
131 5 -0.0001636844557890
132 5 -0.0001312286338722
134 5 -0.0003005585274549
135 5 -0.0002946528766558
140 5 -0.0007345152777566
141 5 -0.0007299260271415
247 5 -0.0001250032209446
248 5 -0.0000000000000000
249 5 0.0001520882534471
251 5 -0.0004246434785116
252 5 -0.0000118782923486
253 5 0.0004096267794201
5 6 -0.0419021359310073
6 6 0.1876344995975495
12 6 -0.0510892864033561
132 6 -0.0001509296695468
135 6 -0.0002852762927186
136 6 -0.0002988642740544
141 6 -0.0007612354769527
142 6 -0.0007638747713350
248 6 -0.0001418151621398
249 6 -0.0000000000000000
252 6 -0.0004136473683449
253 6 0.0000257890918954
254 6 0.0004376415609067
7 7 0.0718253089627837
8 7 -0.0338576590912764
14 7 -0.0387966099415658
137 7 -0.0009205246321370
144 7 -0.0011784472704330
255 7 0.0008692746606678
256 7 0.0008673941002619
7 8 -0.0338576590912764
8 8 0.1309166721321167
9 8 -0.0473644236639159
15 8 -0.0507795875380124
137 8 -0.0010508544149849
138 8 -0.0010566321327604
144 8 -0.0013483093463793
145 8 -0.0013530371294425
250 8 0.0007356025545210
255 8 -0.0008692746606678
256 8 0.0001641680269014
257 8 0.0010347727674638
3 9 -0.0415397247076937
8 9 -0.0473644236639159
9 9 0.1854823616930185
10 9 -0.0487812580924286
16 9 -0.0483746164976871
133 9 0.0004211167700016
138 9 -0.0003418580771956
139 9 -0.0003454530031802
145 9 -0.0013175558757297
146 9 -0.0013142464003520
250 9 0.0000094684968907
251 9 0.0007539149712881
256 9 -0.0010315621271633
257 9 0.0000176438016541
258 9 0.0010430338782883
4 10 -0.0481068580993742
9 10 -0.0487812580924286
10 10 0.2044574045971905
11 10 -0.0518491144582991
17 10 -0.0563971691471304
133 10 0.0004434007994574
134 10 0.0004475644533472
139 10 -0.0003566740928608
140 10 -0.0003640151490712
146 10 -0.0014280240656885
147 10 -0.0014184064404905
250 10 -0.0007450710514117
251 10 0.0000190513287853
252 10 0.0007720858938156
257 10 -0.0010524165691180
258 10 0.0000353824745449
259 10 0.0010739752592096
5 11 -0.0474408789635336
10 11 -0.0518491144582991
11 11 0.2174196832117653
12 11 -0.0567846162072090
18 11 -0.0621523486018392
134 11 0.0004453790135279
135 11 0.0004425466163506
140 11 -0.0004206438003090
141 11 -0.0004297018397298
147 11 -0.0014931102981038
148 11 -0.0014977081289457
251 11 -0.0007729663000734
252 11 0.0000308637500473
253 11 0.0008069375500029
258 11 -0.0010784163528332
259 11 0.0000542231034775
260 11 0.0011338592365903
6 12 -0.0510892864033561
11 12 -0.0567846162072090
12 12 0.2190121582719117
13 12 -0.0544134676801526
19 12 -0.0573902666413941
135 12 0.0004547845001571
136 12 0.0004607049959379
141 12 -0.0003580552762474
142 12 -0.0003521523472293
148 12 -0.0014338925984752
149 12 -0.0014541999802247
252 12 -0.0008029496438628
253 12 -0.0000142885311790
254 12 0.0007904289415971
259 12 -0.0011281983626871
260 12 -0.0000271094976770
261 12 0.0011246442203262
12 13 -0.0544134676801526
13 13 0.1858921898334975
20 13 -0.0475310818790656
136 13 0.0004552252699831
142 13 -0.0002827595049807
143 13 -0.0002137005541011
149 13 -0.0013066424254897
253 13 -0.0007926490188240
254 13 -0.0001187159103219
260 13 -0.0011067497389133
261 13 -0.0002433112666189
7 14 -0.0387966099415658
14 14 0.1576577058838695
15 14 -0.0561796943417123
23 14 -0.0638342547383010
137 14 0.0009406227463507
144 14 -0.0006187781576542
151 14 -0.0021347491174271
152 14 -0.0021373497179434
255 14 0.0014334844388619
256 14 0.0014335890589366
262 14 0.0017376036686864
263 14 0.0017416992677478
8 15 -0.0507795875380124
14 15 -0.0561796943417123
15 15 0.2169795507034534
16 15 -0.0518638222845579
24 15 -0.0588928586473381
137 15 0.0010737980618110
138 15 0.0010797019263811
144 15 -0.0003773562636137
145 15 -0.0003684195892588
152 15 -0.0020492976513374
153 15 -0.0020639123654835
255 15 -0.0014334844388619
256 15 -0.0000513364398831
257 15 0.0013790581082580
262 15 -0.0017376036686864
263 15 -0.0000721523826433
264 15 0.0016851459285047
9 16 -0.0483746164976871
15 16 -0.0518638222845579
16 16 0.2038179748691002
17 16 -0.0561246761426834
25 16 -0.0478993567438166
138 16 0.0010571038655521
139 16 0.0010594000213595
145 16 -0.0002475664976409
146 16 -0.0002610679889006
153 16 -0.0018479309618423
154 16 -0.0018476777182032
256 16 -0.0013822526190536
257 16 0.0000519265706340
258 16 0.0014400375909400
263 16 -0.0016695468851046
264 16 0.0000789851107185
265 16 0.0017358076526329
10 17 -0.0563971691471304
16 17 -0.0561246761426834
17 17 0.2448921170107721
18 17 -0.0669999401507255
26 17 -0.0662134454487646
139 17 0.0011336803006963
140 17 0.0011369319650564
146 17 -0.0003964033249796
147 17 -0.0004167342766280
154 17 -0.0021979985607677
155 17 -0.0021769310337185
257 17 -0.0014309846788919
258 17 0.0001227475765785
259 17 0.0015670770750917
264 17 -0.0017641310392232
265 17 0.0001714668415864
266 17 0.0019023119640979
11 18 -0.0621523486018392
17 18 -0.0669999401507255
18 18 0.2611652776568698
19 18 -0.0628613489571086
27 18 -0.0699873341619138
140 18 0.0011886182894720
141 18 0.0011931331742425
147 18 -0.0003878508042532
148 18 -0.0003792283229470
155 18 -0.0022430134637165
156 18 -0.0022487711673314
258 18 -0.0015627851675185
259 18 -0.0000444964667947
260 18 0.0015169783448967
265 18 -0.0019072744942193
266 18 -0.0000634682080541
267 18 0.0018537239914137
12 19 -0.0573902666413941
18 19 -0.0628613489571086
19 19 0.2288023503614373
20 19 -0.0503966703104545
28 19 -0.0587413982307569
141 19 0.0011522665307557
142 19 0.0011489612421725
148 19 -0.0002984545641041
149 19 -0.0002620608552677
156 19 -0.0020469750874674
157 19 -0.0020626811100786
259 19 -0.0015225806082971
260 19 -0.0001394645197129
261 19 0.0013600624757648
266 19 -0.0018388437560439
267 19 -0.0002086519171990
268 19 0.0016630541858296
13 20 -0.0475310818790656
19 20 -0.0503966703104545
20 20 0.1433407478699097
29 20 -0.0458104651651336
142 20 0.0010625291044849
143 20 0.0010375252291231
149 20 -0.0002253724632844
157 20 -0.0018068873298120
260 20 -0.0013775138251838
261 20 -0.0013600624757648
267 20 -0.0016450720742146
268 20 -0.0016630541858296
21 21 0.1191391273785366
22 21 -0.0589734445797842
31 21 -0.0627110529164511
150 21 -0.0024034350388314
158 21 -0.0026892746469047
159 21 -0.0026876658392004
269 21 0.0023795027500599
270 21 0.0023779455870335
21 22 -0.0589734445797842
22 22 0.2003155656754999
23 22 -0.0699707020312508
32 22 -0.0743908591986704
150 22 -0.0026159885033083
151 22 -0.0026177143365079
159 22 -0.0029274729278775
160 22 -0.0029253359524802
262 22 0.0022708585566560
269 22 -0.0023795027500599
270 22 0.0002139541716367
271 22 0.0025896735078979
14 23 -0.0638342547383010
22 23 -0.0699707020312508
23 23 0.2772312182063143
24 23 -0.0668239749287281
33 23 -0.0776910835319022
144 23 0.0018819147986021
151 23 -0.0004690582716816
152 23 -0.0004653125871988
160 23 -0.0029915726508362
161 23 -0.0029948199331102
262 23 -0.0000489464921861
263 23 0.0022179507568897
270 23 -0.0025918997586702
271 23 -0.0000599059066347
272 23 0.0025364625604455
15 24 -0.0588928586473381
23 24 -0.0668239749287281
24 24 0.2477575258423126
25 24 -0.0549732573314427
34 24 -0.0679194316481152
144 24 0.0018118691199444
145 24 0.0018076306619915
152 24 -0.0003891563153578
153 24 -0.0003681748993056
161 24 -0.0027946215512146
162 24 -0.0028089018713686
262 24 -0.0022219120644700
263 24 -0.0001919122599860
264 24 0.0020114473036630
271 24 -0.0025297676012632
272 24 -0.0002412924767728
273 24 0.0023108567587198
16 25 -0.0478993567438166
24 25 -0.0549732573314427
25 25 0.2112607034234050
26 25 -0.0579896851750618
35 25 -0.0509158066884191
145 25 0.0016454402556664
146 25 0.0016558873187185
153 25 -0.0002706428780546
154 25 -0.0002785980254274
162 25 -0.0024218586442323
163 25 -0.0024202976702336
263 25 -0.0020260384969037
264 25 0.0000541648430240
265 25 0.0020899779681139
272 25 -0.0022951700836727
273 25 0.0000709353605203
274 25 0.0023565995458901
17 26 -0.0662134454487646
25 26 -0.0579896851750618
26 26 0.2614780378048651
27 26 -0.0692019364037194
36 26 -0.0687207206837558
146 26 0.0019156218878347
147 26 0.0019264649398044
154 26 -0.0002437040344350
155 26 -0.0002744288367438
163 26 -0.0028335224347891
164 26 -0.0028121550064164
264 26 -0.0020656121466870
265 26 0.0001712415361727
266 26 0.0022661742506677
273 26 -0.0023817921192401
274 26 0.0002269578044011
275 26 0.0025761938003672
18 27 -0.0699873341619138
26 27 -0.0692019364037194
27 27 0.2797329639772640
28 27 -0.0658988501905123
37 27 -0.0754433998810797
147 27 0.0019754510830331
148 27 0.0019713998957648
155 27 -0.0003191481300964
156 27 -0.0003115499558567
164 27 -0.0029535895898262
165 27 -0.0029508386289732
265 27 -0.0022612195042867
266 27 -0.0000490681373240
267 27 0.0022028826279103
274 27 -0.0025835573502912
275 27 -0.0000638124526554
276 27 0.0025184374507333
19 28 -0.0587413982307569
27 28 -0.0658988501905123
28 28 0.2453144147378695
29 28 -0.0542240365927468
38 28 -0.0672811166536218
148 28 0.0018206957766328
149 28 0.0018045468862980
156 28 -0.0003793542288572
157 28 -0.0003578128836205
165 28 -0.0027814560901240
166 28 -0.0027902382968593
266 28 -0.0022171061133437
267 28 -0.0001893072313039
268 28 0.0019973614628849
275 28 -0.0025123813477118
276 28 -0.0002388358485832
277 28 0.0022887728231371
20 29 -0.0458104651651336
28 29 -0.0542240365927468
29 29 0.1522546840288949
39 29 -0.0528850763522816
149 29 0.0016110159900219
157 29 -0.0003486626872346
166 29 -0.0024680322185756
167 29 -0.0025406346108651
267 29 -0.0020135753966063
268 29 -0.0019973614628849
276 29 -0.0022796016021501
277 29 -0.0022887728231371
30 30 0.1170466968731381
31 30 -0.0650314477154498
41 30 -0.0546974210682393
158 30 -0.0027840805627440
168 30 -0.0029954312885460
269 30 0.0027959052131351
278 30 0.0031129931700896
279 30 0.0030763448154446
21 31 -0.0627110529164511
30 31 -0.0650314477154498
31 31 0.2843250202630968
32 31 -0.0788332895793078
42 31 -0.0789685178301835
150 31 0.0025051147911934
158 31 -0.0005027957644416
159 31 -0.0005111777820854
168 31 -0.0036273592431885
169 31 -0.0036024073090415
269 31 0.0002805859443560
270 31 0.0030767027968027
278 31 -0.0031129931700896
279 31 0.0003176259790890
280 31 0.0033940039799083
22 32 -0.0743908591986704
31 32 -0.0788332895793078
32 32 0.3139458962632228
33 32 -0.0824996250077583
43 32 -0.0789461893143032
150 32 0.0027266605451571
151 32 0.0027284593914773
159 32 -0.0002607894483239
160 32 -0.0002690839674003
169 32 -0.0036018649912447
170 32 -0.0035979806980889
269 32 -0.0030764911574911
270 32 0.0000684342195966
271 32 0.0031472958834535
279 32 -0.0033939707945336
280 32 0.0000843864219188
281 32 0.0034680769767122
23 33 -0.0776910835319022
32 33 -0.0824996250077583
33 33 0.3242725051244376
34 33 -0.0791730272251873
44 33 -0.0858308150440788
151 33 0.0027859294163758
152 33 0.0027848235582820
160 33 -0.0003314462740288
161 33 -0.0003252272229236
170 33 -0.0037619415870277
171 33 -0.0037551559136154
270 33 -0.0031451370163993
271 33 -0.0000607596992332
272 33 0.0030804362764025
280 33 -0.0034783904018271
281 33 -0.0000734318785304
282 33 0.0034012731743721
24 34 -0.0679194316481152
33 34 -0.0791730272251873
34 34 0.2895272529656280
35 34 -0.0641396363950159
45 34 -0.0793108884070157
152 34 0.0026106998639488
153 34 0.0026045564943261
161 34 -0.0004068673001376
162 34 -0.0003862144561987
171 34 -0.0036035871841014
172 34 -0.0036191854815767
271 34 -0.0030865361842203
272 34 -0.0002936708481829
273 34 0.0027751300812318
281 34 -0.0033946450981817
282 34 -0.0003452204416838
283 34 0.0030733032941284
25 35 -0.0509158066884191
34 35 -0.0641396363950159
35 35 0.2349710493314652
36 35 -0.0616977720652564
46 35 -0.0589547247627600
153 35 0.0022704985373610
154 35 0.0022785177407386
162 35 -0.0003489982267670
163 35 -0.0003449357535138
172 35 -0.0031103302325739
173 35 -0.0031117561602072
272 35 -0.0027867654282196
273 35 -0.0000550929626370
274 35 0.0027410386870810
282 35 -0.0030560527326883
283 35 -0.0000650381509698
284 35 0.0030015375669154
26 36 -0.0687207206837558
35 36 -0.0616977720652564
36 36 0.2677698878940897
37 36 -0.0750820197393874
47 36 -0.0624230875628416
154 36 0.0026190988405204
155 36 0.0026284544613629
163 36 0.0000092227329433
164 36 -0.0000458067230663
173 36 -0.0032088245321055
174 36 -0.0032078517100647
273 36 -0.0027200371185947
274 36 0.0002599267776738
275 36 0.0030081889914281
283 36 -0.0030082651431585
284 36 0.0003464394214860
285 36 0.0033152267681637
27 37 -0.0754433998810797
36 37 -0.0750820197393874
37 37 0.3007102838091641
38 37 -0.0771699906880223
48 37 -0.0734236030532291
155 37 0.0027461714931099
156 37 0.0027444472595957
164 37 -0.0001184734310656
165 37 -0.0001251947686913
174 37 -0.0035146517552721
175 37 -0.0034817207296260
274 37 -0.0030009654647548
275 37 0.0000387003361021
276 37 0.0030412173417308
284 37 -0.0033479769884015
285 37 0.0000498324877367
286 37 0.0033648823102018
28 38 -0.0672811166536218
37 38 -0.0771699906880223
38 38 0.2835393769570003
39 38 -0.0663408532256107
49 38 -0.0735054742781237
156 38 0.0025979839711577
157 38 0.0025924312508586
165 38 -0.0003033588752233
166 38 -0.0002805583790330
175 38 -0.0034838442528301
176 38 -0.0034745388735900
275 38 -0.0030468893275301
276 38 -0.0002125436733436
277 38 0.0028221000395534
285 38 -0.0033650592559004
286 38 -0.0002583092673155
287 38 0.0031129985277462
29 39 -0.0528850763522816
38 39 -0.0663408532256107
39 39 0.2223582892281858
40 39 -0.0374206861201114
50 39 -0.0667473768050034
157 39 0.0023076553920044
166 39 -0.0004725559484256
167 39 -0.0004634102264321
176 39 -0.0033052106880652
177 39 -0.0033171801838301
276 39 -0.0028286736683873
277 39 -0.0006402287036126
286 39 -0.0031065730428863
287 39 -0.0007239184742473
288 39 0.0023515492691891
39 40 -0.0374206861201114
40 40 0.0691861560098522
51 40 -0.0334034597570088
167 40 -0.0021665855951398
177 40 -0.0024176103355154
277 40 -0.0021818713359408
287 40 -0.0023890800534989
288 40 -0.0023515492691891
30 41 -0.0546974210682393
41 41 0.1656506112535630
42 41 -0.0686473664684621
52 41 -0.0418549707136496
158 41 0.0029276419760416
168 41 0.0002066902695116
178 41 -0.0030003299008689
278 41 0.0034411686744157
279 41 0.0034681158762498
289 41 0.0038807338291869
290 41 0.0037009473768890
31 42 -0.0789685178301835
41 42 -0.0686473664684621
42 42 0.3070151914785502
43 42 -0.0788845977238205
53 42 -0.0810302277423619
158 42 0.0034763090418382
159 42 0.0034833599412007
168 42 -0.0000910263999609
169 42 -0.0001214755529112
178 42 -0.0043209277897190
179 42 -0.0041712964993877
278 42 -0.0034411686744157
279 42 0.0002240398723296
280 42 0.0036921219343246
289 42 -0.0038807338291869
290 42 0.0002706485040306
291 42 0.0039710899613622
32 43 -0.0789461893143032
42 43 -0.0788845977238205
43 43 0.3207900592227633
44 43 -0.0820465560014694
54 43 -0.0814533404294572
159 43 0.0034829014972627
160 43 0.0034892814865938
169 43 -0.0001317406374109
170 43 -0.0001402498880646
179 43 -0.0041826667570112
180 43 -0.0041785863185517
279 43 -0.0036921557485794
280 43 0.0000692086447865
281 43 0.0037717134542635
290 43 -0.0039715958809196
291 43 0.0000833773969014
292 43 0.0040461106601582
33 44 -0.0858308150440788
43 44 -0.0820465560014694
44 44 0.3428768073899050
45 44 -0.0861085766601323
55 44 -0.0895339631202590
160 44 0.0036274584199510
161 44 0.0036244778750967
170 44 -0.0001493832523237
171 44 -0.0001597023137040
180 44 -0.0043889726814267
181 44 -0.0043853621100719
280 44 -0.0037613305791111
281 44 0.0000852688303002
282 44 0.0038504360535979
291 44 -0.0040544673582636
292 44 0.0001021632900250
293 44 0.0041496173906047
34 45 -0.0793108884070157
44 45 -0.0861085766601323
45 45 0.3273018148836641
46 45 -0.0744703787421522
56 45 -0.0883226993493585
161 45 0.0034908997679004
162 45 0.0034848339403617
171 45 -0.0002925226364820
172 45 -0.0002717726179465
181 45 -0.0043542961446618
182 45 -0.0043565964540446
281 45 -0.0038569822845638
282 45 -0.0002541494224321
283 45 0.0035847350195091
292 45 -0.0041482739501832
293 45 -0.0002947109133744
294 45 0.0038606123467535
35 46 -0.0589547247627600
45 46 -0.0744703787421522
46 46 0.2668567560265288
47 46 -0.0594119437763192
57 46 -0.0752393913581939
162 46 0.0030214789035585
163 46 0.0030154960387731
172 46 -0.0004983317929612
173 46 -0.0004959533489991
182 46 -0.0040171817590368
183 46 -0.0040195093903826
282 46 -0.0035962866311657
283 46 -0.0003814084632074
284 46 0.0032101720604095
293 46 -0.0038549064772303
294 46 -0.0004131462808273
295 46 0.0034468373125595
36 47 -0.0624230875628416
46 47 -0.0594119437763192
47 47 0.2423750592629501
48 47 -0.0598267551345256
58 47 -0.0609448195961288
163 47 0.0030959914234647
164 47 0.0031304386531392
173 47 -0.0000164697490249
174 47 -0.0000181136616265
183 47 -0.0036208045010038
184 47 -0.0036283320953444
283 47 -0.0032033265563017
284 47 0.0000102105188768
285 47 0.0032533460572033
294 47 -0.0034474660659262
295 47 0.0000126452927586
296 47 0.0034685127799280
37 48 -0.0734236030532291
47 48 -0.0598267551345256
48 48 0.2597032167548182
49 48 -0.0691717506382702
59 48 -0.0567053963979772
164 48 0.0033618721754015
165 48 0.0033659249016354
174 48 0.0004160484645884
175 48 0.0003512849136666
184 48 -0.0034909498242741
185 48 -0.0035081193494111
284 48 -0.0032203825792863
285 48 0.0002120953008549
286 48 0.0034656233134772
295 48 -0.0034594826053181
296 48 0.0002953340684337
297 48 0.0037317209297893
38 49 -0.0735054742781237
48 49 -0.0691717506382702
49 49 0.2816882187397584
50 49 -0.0741260070485469
60 49 -0.0647611301071851
165 49 0.0033676238816322
166 49 0.0033532734362294
175 49 0.0001564029145829
176 49 0.0001328333957276
185 49 -0.0037851909275803
186 49 -0.0037265353876033
285 49 -0.0034654413580582
286 49 0.0001123798463205
287 49 0.0035717860280154
296 49 -0.0037638468483617
297 49 0.0001465102189409
298 49 0.0038466929735230
39 50 -0.0667473768050034
49 50 -0.0741260070485469
50 50 0.2832144114727820
51 50 -0.0639357355695892
61 50 -0.0794622219019496
166 50 0.0032020165601792
167 50 0.0032719752813387
176 50 -0.0003927169997483
177 50 -0.0003824323023499
186 50 -0.0041595396470070
187 50 -0.0041353172236032
286 50 -0.0035780031597977
287 50 -0.0002425707600090
288 50 0.0034298923902156
297 50 -0.0038782311487302
298 50 -0.0002720520787417
299 50 0.0035809630261321
40 51 -0.0334034597570088
50 51 -0.0639357355695892
51 51 0.1580744339942457
62 51 -0.0625543070725308
167 51 0.0022783058140985
177 51 -0.0008980629267083
187 51 -0.0036670260638270
188 51 -0.0036883348693731
287 51 -0.0033292152680064
288 51 -0.0034298923902156
298 51 -0.0035746408947814
299 51 -0.0035809630261321
41 52 -0.0418549707136496
52 52 0.0974926438430417
53 52 -0.0531258399292635
168 52 0.0031198304182017
178 52 0.0031803880427776
289 52 0.0034801979315590
290 52 0.0036021511673237
300 52 0.0036861493093291
42 53 -0.0810302277423619
52 53 -0.0531258399292635
53 53 0.2726293930884119
54 53 -0.0835977875132558
64 53 -0.0533931160417603
168 53 0.0041398065770693
169 53 0.0041442698347022
178 53 0.0010037231238903
179 53 0.0007060429773298
189 53 -0.0037843197689629
289 53 -0.0034801979315590
290 53 0.0007599976121090
291 53 0.0043626639144596
300 53 0.0011176454951549
301 53 0.0046315586051568
43 54 -0.0814533404294572
53 54 -0.0835977875132558
54 54 0.3340569699640791
55 54 -0.0890589937036337
65 54 -0.0801319228796244
169 54 0.0041545464487627
170 54 0.0041592366486295
179 54 0.0000450395717719
180 54 0.0000272967812838
189 54 -0.0048429352786585
190 54 -0.0046055667844002
290 54 -0.0043621487794327
291 54 0.0001358531362918
292 54 0.0045067494681193
300 54 -0.0048037948044840
301 54 0.0001635054693350
302 54 0.0047666876597731
44 55 -0.0895339631202590
54 55 -0.0890589937036337
55 55 0.3646432423153418
56 55 -0.0917764054795221
66 55 -0.0949096201980226
170 55 0.0043516808179375
171 55 0.0043550553516551
180 55 -0.0001100824180841
181 55 -0.0001164497153279
190 55 -0.0050409248253386
191 55 -0.0050214095891808
291 55 -0.0044985170507513
292 55 0.0000644758525972
293 55 0.0045698597230022
301 55 -0.0047950640744918
302 55 0.0000747561330480
303 55 0.0048478370135832
45 56 -0.0883226993493585
55 56 -0.0917764054795221
56 56 0.3598328078771185
57 56 -0.0897009712429212
67 56 -0.0904594114757096
171 56 0.0043268971037052
172 56 0.0043222888113744
181 56 -0.0000424692695079
182 56 -0.0000367703042424
191 56 -0.0048959986789015
192 56 -0.0048998004884921
292 56 -0.0045712253207165
293 56 -0.0000495802091767
294 56 0.0045159899710396
302 56 -0.0048414437928211
303 56 -0.0000584828583505
304 56 0.0047900767352284
46 57 -0.0752393913581939
56 57 -0.0897009712429212
57 57 0.3313395581881906
58 57 -0.0776001343379938
68 57 -0.0899805915498911
172 57 0.0039952375033789
173 57 0.0039943057646341
182 57 -0.0003849188483424
183 57 -0.0003750568160476
192 57 -0.0048860924237027
193 57 -0.0048828590261913
293 57 -0.0045202795138255
294 57 -0.0003132047325085
295 57 0.0042065249196351
303 57 -0.0047893541552327
304 57 -0.0003418908504405
305 57 0.0044522353082373
47 58 -0.0609448195961288
57 58 -0.0776001343379938
58 58 0.2745641199191416
59 58 -0.0574877695112722
69 58 -0.0799347617336992
173 58 0.0035942464606033
174 58 0.0035949046510406
183 58 -0.0005352302797586
184 58 -0.0005469485908410
193 58 -0.0045992399764020
194 58 -0.0046065700101833
294 58 -0.0042027852385311
295 58 -0.0005784026649273
296 58 0.0036188842430137
304 58 -0.0044481858847879
305 58 -0.0006028951481108
306 58 0.0038385904129035
48 59 -0.0567053963979772
58 59 -0.0574877695112722
59 59 0.2210073635593974
60 59 -0.0510328172669286
70 59 -0.0559186564348029
174 59 0.0034766688074583
175 59 0.0035086116920176
184 59 0.0000364142149629
185 59 0.0000641621542620
194 59 -0.0038734636644346
195 59 -0.0038479992988845
295 59 -0.0036281222547078
296 59 -0.0001924493209835
297 59 0.0034594806368980
305 59 -0.0038493401601265
306 59 -0.0002313455565977
307 59 0.0036090412827912
49 60 -0.0647611301071851
59 60 -0.0510328172669286
60 60 0.2395455642829344
61 60 -0.0695886064161996
71 60 -0.0536747748216535
175 60 0.0037175561346960
176 60 0.0037321676760154
185 60 0.0004301521554424
186 60 0.0003055568369356
195 60 -0.0037683716273907
196 60 -0.0037769478466711
296 60 -0.0034264349220302
297 60 0.0005176756821858
298 60 0.0040076476952227
306 60 -0.0036072448563058
307 60 0.0006787983943188
308 60 0.0042154916788532
50 61 -0.0794622219019496
60 61 -0.0695886064161996
61 61 0.3123176757569711
62 61 -0.0786994109463630
72 61 -0.0851923922917061
176 61 0.0041005123482761
177 61 0.0041029525048021
186 61 -0.0001049957748709
187 61 -0.0001277297299339
196 61 -0.0048101978640754
197 61 -0.0047479260274243
297 61 -0.0039771563190838
298 61 0.0002294626060862
299 61 0.0042347393036279
307 61 -0.0042878396771100
308 61 0.0002645469842546
309 61 0.0044799896170862
51 62 -0.0625543070725308
61 62 -0.0786994109463630
62 62 0.2802187987925924
63 62 -0.0553243931460017
73 62 -0.0852862785516705
177 62 0.0036468018265082
187 62 -0.0006265600394968
188 62 -0.0006585563711254
197 62 -0.0047505860108422
198 62 -0.0048683599110878
298 62 -0.0042371103013089
299 62 -0.0006635274378935
308 62 -0.0044800386631079
309 62 -0.0006783578592580
310 62 0.0039852288790127
62 63 -0.0553243931460017
63 63 0.0844420319484833
74 63 -0.0310857406742163
188 63 -0.0028911659241145
198 63 -0.0029821958707308
299 63 -0.0035712118657345
309 63 -0.0038016317578281
310 63 -0.0039852288790127
53 64 -0.0533931160417603
64 64 0.1042715195797756
65 64 -0.0472694882570626
178 64 0.0038182572414917
179 64 0.0039667261802464
189 64 0.0040401072272476
300 64 0.0036790710571547
301 64 0.0038432520357725
54 65 -0.0801319228796244
64 65 -0.0472694882570626
65 65 0.2181853732781462
66 65 -0.0853677335634863
179 65 0.0046852750008465
180 65 0.0046995993801916
189 65 0.0051702760376834
190 65 0.0049168634753944
300 65 -0.0036790710571547
301 65 0.0010684239613264
302 65 0.0049397447864034
311 65 0.0052417476597821
55 66 -0.0949096201980226
65 66 -0.0853677335634863
66 66 0.3398070803415892
67 66 -0.0932960976880276
75 66 -0.0642623735712126
180 66 0.0050843501734720
181 66 0.0050870619041522
190 66 0.0009938442384072
191 66 0.0009303385979358
199 66 -0.0055686224589436
301 66 -0.0049116759970989
302 66 0.0002043007202151
303 66 0.0051374627388851
311 66 0.0002912957566370
312 66 0.0056865555949508
56 67 -0.0904594114757096
66 67 -0.0932960976880276
67 67 0.3295934228916428
68 67 -0.0903993881659133
76 67 -0.0529884618538769
181 67 0.0049729248899389
182 67 0.0049694438929770
191 67 0.0010921900744585
192 67 0.0011171002184143
199 67 -0.0047901397048156
200 67 -0.0041203406946404
302 67 -0.0051440455066185
303 67 -0.0000764573947715
304 67 0.0050602565290118
311 67 -0.0055330434164190
312 67 -0.0001172042181723
313 67 0.0053114001382667
57 68 -0.0899805915498911
67 68 -0.0903993881659133
68 68 0.3577987536709842
69 68 -0.0929553083324847
77 68 -0.0842043836003489
182 68 0.0049570220712791
183 68 0.0049491275389603
192 68 0.0002705883459234
193 68 0.0002602733666020
200 68 -0.0055251852745812
201 68 -0.0051344722860913
303 68 -0.0050610053441136
304 68 0.0000676416651725
305 68 0.0051245750599971
312 68 -0.0055693513767784
313 68 0.0000820368329260
314 68 0.0053678597094995
58 69 -0.0799347617336992
68 69 -0.0929553083324847
69 69 0.3468032853465573
70 69 -0.0795141752212207
78 69 -0.0956075092055624
183 69 0.0046689287661497
184 69 0.0046899578156109
193 69 -0.0003421923615608
194 69 -0.0003326349925952
201 69 -0.0054978146023274
202 69 -0.0054851504697209
304 69 -0.0051278981941842
305 69 -0.0003774065796722
306 69 0.0047724999689094
313 69 -0.0053934369711926
314 69 -0.0004048730150329
315 69 0.0049825724985678
59 70 -0.0559186564348029
69 70 -0.0795141752212207
70 70 0.2666376010632693
71 70 -0.0588362799128408
79 70 -0.0736842195623002
184 70 0.0039116946099787
185 70 0.0039015012225490
194 70 -0.0004923486322958
195 70 -0.0005055649983425
202 70 -0.0048031178110715
203 70 -0.0048047083036621
305 70 -0.0047471684803249
306 70 -0.0006941756823570
307 70 0.0040765591202592
314 70 -0.0049629866944666
315 70 -0.0007094928773953
316 70 0.0042743375722704
60 71 -0.0536747748216535
70 71 -0.0588362799128408
71 71 0.2395248008649328
72 71 -0.0689396819830526
80 71 -0.0584908199126720
185 71 0.0038243244138035
186 71 0.0038909631447022
195 71 -0.0000886967743121
196 71 -0.0001120922453193
203 71 -0.0042834707521916
204 71 -0.0042974720654485
306 71 -0.0040783242865524
307 71 0.0003461975167737
308 71 0.0044709488844490
315 71 -0.0042730796211726
316 71 0.0003890923869707
317 71 0.0046321312982526
61 72 -0.0851923922917061
71 72 -0.0689396819830526
72 72 0.3361586295940127
73 72 -0.0923037992704175
81 72 -0.0902020615626755
186 72 0.0048192794086445
187 72 0.0048161384230823
196 72 0.0000232883318590
197 72 -0.0000401333972040
204 72 -0.0053432888291733
205 72 -0.0053087977108128
307 72 -0.0044227566370329
308 72 0.0006354631898575
309 72 0.0051064598845772
316 72 -0.0046634299592411
317 72 0.0007245528978539
318 72 0.0053440167556535
62 73 -0.0852862785516705
72 73 -0.0923037992704175
73 73 0.3406289840814278
74 73 -0.0611817125362828
82 73 -0.1032311285903510
187 73 0.0048187387499712
188 73 0.0048770120924218
197 73 -0.0003809064466375
198 73 -0.0003692687298583
205 73 -0.0056911164139971
206 73 -0.0056967434723403
308 73 -0.0051064120743065
309 73 -0.0008460003722884
310 73 0.0043228374168334
317 73 -0.0053566841961064
318 73 -0.0009021781876860
319 73 0.0043811040706376
63 74 -0.0310857406742163
73 74 -0.0611817125362828
74 74 0.1448154296730364
83 74 -0.0541944581407361
188 74 0.0030865838666662
198 74 -0.0007944622860620
206 74 -0.0042377832570303
207 74 -0.0041181343675482
309 74 -0.0042604595122888
310 74 -0.0043228374168334
318 74 -0.0044418385679675
319 74 -0.0043811040706376
66 75 -0.0642623735712126
75 75 0.0873249241621680
76 75 -0.0182886084382551
190 75 0.0047137661934035
191 75 0.0047596075169032
199 75 0.0059823059258291
311 75 0.0030790741391546
312 75 0.0029168109121821
320 75 0.0026052272667316
67 76 -0.0529884618538769
75 76 -0.0182886084382551
76 76 0.1318376156678009
77 76 -0.0430551553492634
85 76 -0.0146562139134151
191 76 0.0044418984791697
192 76 0.0044194981020928
199 76 0.0029019608738216
200 76 0.0018102819847032
208 76 -0.0026076784405088
311 76 -0.0030790741391546
312 76 0.0009327879143392
313 76 0.0040949867167059
320 76 0.0020549465700625
321 76 0.0040395718651412
68 77 -0.0842043836003489
76 77 -0.0430551553492634
77 77 0.2887888106647933
78 77 -0.0858905235003441
86 77 -0.0749428568223903
192 77 0.0053131741057170
193 77 0.0053205469806148
200 77 0.0008076138998569
201 77 0.0004725413803764
208 77 -0.0053929970192044
209 77 -0.0051813114908100
312 77 -0.0038495988265213
313 77 0.0012798034048718
314 77 0.0054010367859874
320 77 -0.0046601738367941
321 77 0.0015717495856172
322 77 0.0055748144539997
69 78 -0.0956075092055624
77 78 -0.0858905235003441
78 78 0.3764723349924173
79 78 -0.0901011835076337
87 78 -0.1056047058791002
193 78 0.0056424859053182
194 78 0.0056406253583505
201 78 -0.0000416384914733
202 78 -0.0000501801407395
209 78 -0.0061739144134705
210 78 -0.0061425032902227
313 78 -0.0053747901215777
314 78 0.0001180625832209
315 78 0.0055050550327474
321 78 -0.0056113214507584
322 78 0.0001301530988027
323 78 0.0057082471452093
70 79 -0.0736842195623002
78 79 -0.0901011835076337
79 79 0.3292065196358644
80 79 -0.0740914212821150
88 79 -0.0927352256311739
194 79 0.0049714034942249
195 79 0.0049563965767579
202 79 -0.0004122115258440
203 79 -0.0004146280226389
210 79 -0.0057541550262283
211 79 -0.0057583884409740
314 79 -0.0055190993692084
315 79 -0.0005113352653956
316 79 0.0049968502698796
322 79 -0.0057049675528024
323 79 -0.0005280906622259
324 79 0.0051794846376903
71 80 -0.0584908199126720
79 80 -0.0740914212821150
80 80 0.2859200093411454
81 80 -0.0801760563475939
89 80 -0.0743306194125375
195 80 0.0044172348718419
196 80 0.0044522044264591
203 80 -0.0003900231446643
204 80 -0.0003895246793755
211 80 -0.0051600661718143
212 80 -0.0051662903120123
315 80 -0.0049937197673518
316 80 0.0002181216575199
317 80 0.0052213545672323
323 80 -0.0051801564829835
324 80 0.0002241798802679
325 80 0.0053918066087620
72 81 -0.0902020615626755
80 81 -0.0801760563475939
81 81 0.3730482817996763
82 81 -0.1012756273731330
90 81 -0.1022811313684707
196 81 0.0054918020742798
197 81 0.0054885156673968
204 81 -0.0001194247930909
205 81 -0.0001512840235858
212 81 -0.0060598082743764
213 81 -0.0060456363270236
316 81 -0.0052149719273995
317 81 0.0006090788260692
318 81 0.0058425848021166
324 81 -0.0054036645179581
325 81 0.0006627074258428
326 81 0.0060515876198353
73 82 -0.1032311285903510
81 82 -0.1012756273731330
82 82 0.4074160589470867
83 82 -0.0985109357749401
91 82 -0.1044801881875338
197 82 0.0058576549030729
198 82 0.0059802276371732
205 82 0.0001996953193713
206 82 0.0002084600541968
213 82 -0.0061132266443211
214 82 -0.0064309166486308
317 82 -0.0058304333933014
318 82 -0.0000746018269177
319 82 0.0059219392211132
325 82 -0.0060545140346048
326 82 -0.0000859163250716
327 82 0.0062700179298562
74 83 -0.0541944581407361
82 83 -0.0985109357749401
83 83 0.2664977616701585
84 83 -0.0559184903165877
92 83 -0.0581625539360165
198 83 0.0042737647849038
206 83 -0.0000830507644162
207 83 0.0000120860187325
214 83 -0.0045576817719007
318 83 -0.0057679829751989
319 83 -0.0015862193545899
326 83 -0.0059656712947637
327 83 -0.0017740130680909
83 84 -0.0559184903165877
84 84 0.0559184903165877
319 84 -0.0043357198665233
327 84 -0.0044960048617653
76 85 -0.0146562139134151
85 85 0.0981010019396691
86 85 -0.0465470292598595
93 85 -0.0387655823728632
199 85 0.0024238384872719
200 85 0.0028257772878520
208 85 -0.0010446806658830
215 85 -0.0041963701124647
320 85 0.0048297718810260
321 85 0.0044172149962287
328 85 0.0044076165719492
329 85 0.0045638543176157
77 86 -0.0749428568223903
85 86 -0.0465470292598595
86 86 0.3101740717539434
87 86 -0.0948080256742572
94 86 -0.0953542526746174
200 86 0.0055389236181561
201 86 0.0054474736896906
208 86 -0.0004454749642151
209 86 -0.0004033903424179
215 86 -0.0061699291604335
216 86 -0.0061530213890789
320 86 -0.0048297718810260
321 86 0.0016394649780448
322 86 0.0060796561311360
328 86 -0.0044076165719492
329 86 0.0016683392936715
330 86 0.0062251664332755
78 87 -0.1056047058791002
86 87 -0.0948080256742572
87 87 0.4195710619483247
88 87 -0.1091135783026860
95 87 -0.1102336753005444
201 87 0.0064244643536587
202 87 0.0064189953659259
209 87 0.0002248630877606
210 87 0.0001843912266379
216 87 -0.0066212250628472
217 87 -0.0066533993149810
321 87 -0.0060566799742735
322 87 0.0004093869413985
323 87 0.0064868833243492
329 87 -0.0062321936112872
330 87 0.0004599447049462
331 87 0.0067127774263218
79 88 -0.0927352256311739
87 88 -0.1091135783026860
88 88 0.3944688658267421
89 88 -0.0940117732166371
96 88 -0.0989423024220112
202 88 0.0060186263532569
203 88 0.0060230820348004
210 88 0.0000789139522763
211 88 0.0001136915580771
217 88 -0.0062754603923871
218 88 -0.0062774443974017
322 88 -0.0064890430725345
323 88 -0.0004611874449975
324 88 0.0060311483734770
330 88 -0.0066851111382217
331 88 -0.0005125024929934
332 88 0.0062091150298000
80 89 -0.0743306194125375
88 89 -0.0940117732166371
89 89 0.3570989835360633
90 89 -0.0972237746558503
97 89 -0.0928645855029563
203 89 0.0053916781289988
204 89 0.0054073864022534
211 89 -0.0003504955550919
212 89 -0.0003506545845299
218 89 -0.0060729057087634
219 89 -0.0060705033345098
323 89 -0.0060256958793516
324 89 0.0001095627279396
325 89 0.0061402330778795
331 89 -0.0062002749333283
332 89 0.0001125145782678
333 89 0.0063029419569996
81 90 -0.1022811313684707
89 90 -0.0972237746558503
90 90 0.4108527723276029
91 90 -0.1051728034276848
98 90 -0.1063234333309357
204 90 0.0063291766708536
205 90 0.0063235663008385
212 90 0.0002179727133722
213 90 0.0001953033598509
219 90 -0.0065139285284081
220 90 -0.0065889120198512
324 90 -0.0061407111014165
325 90 0.0002311464825584
326 90 0.0063744503824492
332 90 -0.0063216296080677
333 90 0.0002602302030871
334 90 0.0066377382133391
82 91 -0.1044801881875338
90 91 -0.1051728034276848
91 91 0.3575173534714230
92 91 -0.0607446154533568
99 91 -0.0854541643920124
205 91 0.0063880943709994
206 91 0.0063851568003951
213 91 0.0008594104861147
214 91 0.0012357811418770
220 91 -0.0058336667199487
325 91 -0.0063713795604378
326 91 -0.0012782406048112
327 91 0.0048407611385036
333 91 -0.0065631721600867
334 91 -0.0016223707679735
83 92 -0.0581625539360165
91 92 -0.0607446154533568
92 92 0.1235675847791457
206 92 0.0050070945253538
207 92 0.0047654979054063
214 92 0.0049228770536418
326 92 -0.0050962097776380
327 92 -0.0048407611385036
334 92 -0.0050153674453656
85 93 -0.0387655823728632
93 93 0.2180260691343536
94 93 -0.0907289765061612
101 93 -0.0928543329587108
208 93 0.0041901327086160
215 93 -0.0016542931329647
221 93 -0.0063384636809473
222 93 -0.0063638312356374
328 93 0.0066876022213426
329 93 0.0062694573003446
335 93 0.0064051532787076
336 93 0.0064243074995030
86 94 -0.0953542526746174
93 94 -0.0907289765061612
94 94 0.4163298296605191
95 94 -0.1114524982024362
102 94 -0.1205738532023983
208 94 0.0068046003108863
209 94 0.0065108129327645
215 94 -0.0004000227762869
216 94 -0.0003916172482489
222 94 -0.0072236420807377
223 94 -0.0072328434786114
328 94 -0.0066876022213426
329 94 0.0006601734542119
330 94 0.0069354222755006
335 94 -0.0064051532787076
336 94 0.0006691441752692
337 94 0.0071065303934331
87 95 -0.1102336753005444
94 95 -0.1114524982024362
95 95 0.4301561056388621
96 95 -0.0985002971422643
103 95 -0.1095795400514042
209 95 0.0069924981161558
210 95 0.0069995992327196
216 95 0.0004340057455806
217 95 0.0004820665324514
223 95 -0.0068827622119812
224 95 -0.0069150330000014
329 95 -0.0069296307545565
330 95 -0.0003837522759736
331 95 0.0065225911318214
336 95 -0.0070934516747722
337 95 -0.0004386938565636
338 95 0.0067018444534262
88 96 -0.0989423024220112
95 96 -0.0985002971422643
96 96 0.3856100693546144
97 96 -0.0974355149692195
104 96 -0.0896685792267692
210 96 0.0066588717929928
211 96 0.0066260945721292
217 96 0.0006836709526711
218 96 0.0006890831940279
224 96 -0.0062255468479543
225 96 -0.0062280756280231
330 96 -0.0065516699995271
331 96 -0.0000332992380207
332 96 0.0064800285131330
337 96 -0.0066678365368696
338 96 -0.0000398678980403
339 96 0.0066340803822098
89 97 -0.0928645855029563
96 97 -0.0974355149692195
97 97 0.3943031417226072
98 97 -0.1016628591189197
105 97 -0.1028790688869400
211 97 0.0064285117857810
212 97 0.0064359797387120
218 97 0.0000590458990122
219 97 0.0000512491471645
225 97 -0.0066999748196219
226 97 -0.0067444309735653
331 97 -0.0064892918938008
332 97 0.0001364605362316
333 97 0.0066352371778453
338 97 -0.0066619765553859
339 97 0.0001477701807739
340 97 0.0068410830769131
90 98 -0.1063234333309357
97 98 -0.1016628591189197
98 98 0.3797776058097273
99 98 -0.0842608221116949
106 98 -0.0854959343930848
212 98 0.0068662302581294
213 98 0.0068742190341011
219 98 0.0010581291943127
220 98 0.0011919145814287
226 98 -0.0060893057640606
227 98 -0.0062597388632375
332 98 -0.0066164890493646
333 98 -0.0005249889015047
334 98 0.0060344076162153
339 98 -0.0067818505629836
340 98 -0.0006672830113449
341 98 0.0063230144130740
91 99 -0.0854541643920124
98 99 -0.0842608221116949
99 99 0.2319953755538519
107 99 -0.0599233351426623
213 99 0.0062327801694389
214 99 0.0061967257747808
220 99 0.0012218213925424
227 99 -0.0051002011967424
228 99 -0.0052244845795655
333 99 -0.0061102482763406
334 99 -0.0060344076162153
340 99 -0.0061738000655682
341 99 -0.0063230144130740
100 100 0.1807042202555084
101 100 -0.0967465496545410
110 100 -0.0917728060764473
221 100 -0.0064289388904036
229 100 -0.0066733918103994
230 100 -0.0065499768646748
335 100 0.0067531262048104
342 100 0.0069012355376275
343 100 0.0069033820954891
93 101 -0.0928543329587108
100 101 -0.0967465496545410
101 101 0.4391980234268534
102 101 -0.1248330406733773
111 101 -0.1272984283792374
215 101 0.0067633492268767
221 101 -0.0006686054950430
222 101 -0.0006217275393063
230 101 -0.0076947170655185
231 101 -0.0078964144421917
335 101 0.0009485728710826
336 101 0.0076718239503148
342 101 -0.0069012355376275
343 101 0.0009183737440084
344 101 0.0080036974950387
94 102 -0.1205738532023983
101 102 -0.1248330406733773
102 102 0.4565516646204931
103 102 -0.1184574638000618
112 102 -0.0895253929417961
215 102 0.0077300817846584
216 102 0.0077009354828984
222 102 0.0013868740363404
223 102 0.0014314256204592
231 102 -0.0064511425015732
232 102 -0.0064638304094101
335 102 -0.0077016990758931
336 102 -0.0001889588423460
337 102 0.0074693609787000
343 102 -0.0078217558394975
344 102 -0.0002485878306691
345 102 0.0076272381887053
95 103 -0.1095795400514042
102 103 -0.1184574638000618
103 103 0.4443286651710600
104 103 -0.1001606899328548
113 103 -0.1162263104589830
216 103 0.0073549826904235
217 103 0.0073406601016349
