48 48 400
1 1 2832268.5185199999250472
5 1 1000000.0000000000000000
6 1 2083333.3333300000522286
7 1 -3333.3333333300001868
11 1 1000000.0000000000000000
19 1 -2800000.0000000000000000
25 1 -28935.1851851999999781
30 1 2083333.3333300000522286
2 2 1635447.5308600000571460
4 2 -2000000.0000000000000000
6 2 5555555.5555499996989965
8 2 -6666.6666666700002679
10 2 -2000000.0000000000000000
20 2 -30864.1975309000008565
24 2 5555555.5555499996989965
26 2 -1597916.6666699999477714
3 3 1724367.2839500000700355
4 3 -2083333.3333300000522286
5 3 -2777777.7777800001204014
9 3 -1680000.0000000000000000
21 3 -15432.0987654000000475
23 3 -2777777.7777800001204014
27 3 -28935.1851851999999781
28 3 -2083333.3333300000522286
2 4 -2000000.0000000000000000
3 4 -2083333.3333300000522286
4 4 1003333333.3300000429153442
8 4 2000000.0000000000000000
10 4 400000000.0000000000000000
22 4 -3333333.3333299998193979
27 4 2083333.3333300000522286
28 4 100000000.0000000000000000
1 5 1000000.0000000000000000
3 5 -2777777.7777800001204014
5 5 1067500000.0000000000000000
7 5 -1000000.0000000000000000
11 5 200000000.0000000000000000
21 5 2777777.7777800001204014
23 5 333333333.3330000042915344
29 5 -833333.3333329999586567
1 6 2083333.3333300000522286
2 6 5555555.5555499996989965
6 6 1535333333.3299999237060547
12 6 -2000000.0000000000000000
20 6 -5555555.5555499996989965
24 6 666666666.6670000553131104
25 6 -2083333.3333300000522286
30 6 100000000.0000000000000000
1 7 -3333.3333333300001868
5 7 -1000000.0000000000000000
7 7 2832268.5185199999250472
11 7 -1000000.0000000000000000
12 7 2083333.3333300000522286
13 7 -2800000.0000000000000000
31 7 -28935.1851851999999781
36 7 2083333.3333300000522286
2 8 -6666.6666666700002679
4 8 2000000.0000000000000000
8 8 1635447.5308600000571460
10 8 2000000.0000000000000000
12 8 5555555.5555499996989965
14 8 -30864.1975309000008565
18 8 5555555.5555499996989965
32 8 -1597916.6666699999477714
3 9 -1680000.0000000000000000
9 9 1724367.2839500000700355
10 9 -2083333.3333300000522286
11 9 -2777777.7777800001204014
15 9 -15432.0987654000000475
17 9 -2777777.7777800001204014
33 9 -28935.1851851999999781
34 9 -2083333.3333300000522286
2 10 -2000000.0000000000000000
4 10 400000000.0000000000000000
8 10 2000000.0000000000000000
9 10 -2083333.3333300000522286
10 10 1003333333.3300000429153442
16 10 -3333333.3333299998193979
33 10 2083333.3333300000522286
34 10 100000000.0000000000000000
1 11 1000000.0000000000000000
5 11 200000000.0000000000000000
7 11 -1000000.0000000000000000
9 11 -2777777.7777800001204014
11 11 1067500000.0000000000000000
15 11 2777777.7777800001204014
17 11 333333333.3330000042915344
35 11 -833333.3333329999586567
6 12 -2000000.0000000000000000
7 12 2083333.3333300000522286
8 12 5555555.5555499996989965
12 12 1535333333.3299999237060547
14 12 -5555555.5555499996989965
18 12 666666666.6670000553131104
31 12 -2083333.3333300000522286
36 12 100000000.0000000000000000
7 13 -2800000.0000000000000000
13 13 2836099.4695000001229346
17 13 -2149285.2945099999196827
18 13 2359161.8040200001560152
19 13 -3333.3333333300001868
23 13 -1000000.0000000000000000
37 13 -28935.1851851999999781
42 13 2083333.3333300000522286
43 13 -3830.9509817100001783
47 13 -1149285.2945099999196827
48 13 275828.4706829999922775
8 14 -30864.1975309000008565
12 14 -5555555.5555499996989965
14 14 1767410.7444599999580532
15 14 517922.1318159999791533
16 14 4298570.5890199998393655
18 14 -5555555.5555499996989965
20 14 -6666.6666666700002679
22 14 2000000.0000000000000000
38 14 -1597916.6666699999477714
44 14 -131963.2135990000097081
45 14 -517922.1318159999791533
46 14 2298570.5890199998393655
9 15 -15432.0987654000000475
11 15 2777777.7777800001204014
14 15 517922.1318159999791533
15 15 3890038.0684799998998642
16 15 -2634990.2746999999508262
17 15 2777777.7777800001204014
21 15 -1680000.0000000000000000
39 15 -28935.1851851999999781
40 15 -2083333.3333300000522286
44 15 -517922.1318159999791533
45 15 -2165670.7845299998298287
46 15 -551656.9413669999921694
10 16 -3333333.3333299998193979
14 16 4298570.5890199998393655
15 16 -2634990.2746999999508262
16 16 1975720635.3099999427795410
20 16 -2000000.0000000000000000
22 16 400000000.0000000000000000
39 16 2083333.3333300000522286
40 16 100000000.0000000000000000
44 16 -2298570.5890199998393655
45 16 551656.9413659999845549
46 16 486193650.9900000095367432
9 17 -2777777.7777800001204014
11 17 333333333.3330000042915344
13 17 -2149285.2945099999196827
15 17 2777777.7777800001204014
17 17 1527346515.4700000286102295
18 17 -109779731.3320000022649765
19 17 1000000.0000000000000000
23 17 200000000.0000000000000000
41 17 -833333.3333329999586567
43 17 1149285.2945099999196827
47 17 229724661.2360000014305115
48 17 -55717351.0778999999165535
8 18 5555555.5555499996989965
12 18 666666666.6670000553131104
13 18 2359161.8040200001560152
14 18 -5555555.5555499996989965
17 18 -109779731.3320000022649765
18 18 1564111437.1099998950958252
24 18 -2000000.0000000000000000
37 18 -2083333.3333300000522286
42 18 100000000.0000000000000000
43 18 -275828.4706829999922775
47 18 -55717351.0778999999165535
48 18 10941196.0037999991327524
1 19 -2800000.0000000000000000
13 19 -3333.3333333300001868
17 19 1000000.0000000000000000
19 19 2832268.5185199999250472
23 19 1000000.0000000000000000
24 19 2083333.3333300000522286
43 19 -28935.1851851999999781
48 19 2083333.3333300000522286
2 20 -30864.1975309000008565
6 20 -5555555.5555499996989965
14 20 -6666.6666666700002679
16 20 -2000000.0000000000000000
20 20 1635447.5308600000571460
22 20 -2000000.0000000000000000
24 20 -5555555.5555499996989965
44 20 -1597916.6666699999477714
3 21 -15432.0987654000000475
5 21 2777777.7777800001204014
15 21 -1680000.0000000000000000
21 21 1724367.2839500000700355
22 21 -2083333.3333300000522286
23 21 2777777.7777800001204014
45 21 -28935.1851851999999781
46 21 -2083333.3333300000522286
4 22 -3333333.3333299998193979
14 22 2000000.0000000000000000
16 22 400000000.0000000000000000
20 22 -2000000.0000000000000000
21 22 -2083333.3333300000522286
22 22 1003333333.3300000429153442
45 22 2083333.3333300000522286
46 22 100000000.0000000000000000
3 23 -2777777.7777800001204014
5 23 333333333.3330000042915344
13 23 -1000000.0000000000000000
17 23 200000000.0000000000000000
19 23 1000000.0000000000000000
21 23 2777777.7777800001204014
23 23 1067500000.0000000000000000
47 23 -833333.3333329999586567
2 24 5555555.5555499996989965
6 24 666666666.6670000553131104
18 24 -2000000.0000000000000000
19 24 2083333.3333300000522286
20 24 -5555555.5555499996989965
24 24 1535333333.3299999237060547
43 24 -2083333.3333300000522286
48 24 100000000.0000000000000000
1 25 -28935.1851851999999781
6 25 -2083333.3333300000522286
25 25 60879.6296296000000439
29 25 1250000.0000000000000000
30 25 416666.6666669999831356
31 25 -4166.6666666700002679
35 25 1250000.0000000000000000
2 26 -1597916.6666699999477714
26 26 3372916.6666700001806021
28 26 -2500000.0000000000000000
32 26 -8333.3333333299997321
34 26 -2500000.0000000000000000
3 27 -28935.1851851999999781
4 27 2083333.3333300000522286
27 27 2411712.9629600001499057
28 27 -416666.6666669999831356
33 27 -2355000.0000000000000000
3 28 -2083333.3333300000522286
4 28 100000000.0000000000000000
26 28 -2500000.0000000000000000
27 28 -416666.6666669999831356
28 28 1500000000.0000000000000000
32 28 2500000.0000000000000000
34 28 500000000.0000000000000000
5 29 -833333.3333329999586567
25 29 1250000.0000000000000000
29 29 501833333.3330000042915344
31 29 -1250000.0000000000000000
35 29 250000000.0000000000000000
1 30 2083333.3333300000522286
6 30 100000000.0000000000000000
25 30 416666.6666669999831356
30 30 502500000.0000000000000000
36 30 -2500000.0000000000000000
7 31 -28935.1851851999999781
12 31 -2083333.3333300000522286
25 31 -4166.6666666700002679
29 31 -1250000.0000000000000000
31 31 3985879.6296299998648465
35 31 -1250000.0000000000000000
36 31 416666.6666669999831356
37 31 -3925000.0000000000000000
8 32 -1597916.6666699999477714
26 32 -8333.3333333299997321
28 32 2500000.0000000000000000
32 32 3411496.9135799999348819
34 32 2500000.0000000000000000
36 32 6944444.4444399997591972
38 32 -38580.2469135999999708
42 32 6944444.4444500003010035
9 33 -28935.1851851999999781
10 33 2083333.3333300000522286
27 33 -2355000.0000000000000000
33 33 2431003.0864200000651181
34 33 -416666.6666669999831356
35 33 -3472222.2222199998795986
39 33 -19290.1234567999999854
41 33 -3472222.2222199998795986
9 34 -2083333.3333300000522286
10 34 100000000.0000000000000000
26 34 -2500000.0000000000000000
28 34 500000000.0000000000000000
32 34 2500000.0000000000000000
33 34 -416666.6666669999831356
34 34 1504166666.6700000762939453
40 34 -4166666.6666700001806021
11 35 -833333.3333329999586567
25 35 1250000.0000000000000000
29 35 250000000.0000000000000000
31 35 -1250000.0000000000000000
33 35 -3472222.2222199998795986
35 35 1335166666.6700000762939453
39 35 3472222.2222199998795986
41 35 416666666.6669999957084656
7 36 2083333.3333300000522286
12 36 100000000.0000000000000000
30 36 -2500000.0000000000000000
31 36 416666.6666669999831356
32 36 6944444.4444399997591972
36 36 2169166666.6700000762939453
38 36 -6944444.4444399997591972
42 36 833333333.3329999446868896
13 37 -28935.1851851999999781
18 37 -2083333.3333300000522286
31 37 -3925000.0000000000000000
37 37 3985879.6296299998648465
41 37 -1250000.0000000000000000
42 37 416666.6666669999831356
43 37 -4166.6666666700002679
47 37 -1250000.0000000000000000
14 38 -1597916.6666699999477714
32 38 -38580.2469135999999708
36 38 -6944444.4444399997591972
38 38 3411496.9135799999348819
40 38 2500000.0000000000000000
42 38 -6944444.4444500003010035
44 38 -8333.3333333299997321
46 38 2500000.0000000000000000
15 39 -28935.1851851999999781
16 39 2083333.3333300000522286
33 39 -19290.1234567999999854
35 39 3472222.2222199998795986
39 39 2431003.0864200000651181
40 39 -416666.6666669999831356
41 39 3472222.2222199998795986
45 39 -2355000.0000000000000000
15 40 -2083333.3333300000522286
16 40 100000000.0000000000000000
34 40 -4166666.6666700001806021
38 40 2500000.0000000000000000
39 40 -416666.6666669999831356
40 40 1504166666.6700000762939453
44 40 -2500000.0000000000000000
46 40 500000000.0000000000000000
17 41 -833333.3333329999586567
33 41 -3472222.2222199998795986
35 41 416666666.6669999957084656
37 41 -1250000.0000000000000000
39 41 3472222.2222199998795986
41 41 1335166666.6700000762939453
43 41 1250000.0000000000000000
47 41 250000000.0000000000000000
13 42 2083333.3333300000522286
18 42 100000000.0000000000000000
32 42 6944444.4444500003010035
36 42 833333333.3329999446868896
37 42 416666.6666669999831356
38 42 -6944444.4444500003010035
42 42 2169166666.6700000762939453
48 42 -2500000.0000000000000000
13 43 -3830.9509817100001783
17 43 1149285.2945099999196827
18 43 -275828.4706829999922775
19 43 -28935.1851851999999781
24 43 -2083333.3333300000522286
37 43 -4166.6666666700002679
41 43 1250000.0000000000000000
43 43 64710.5806112999998732
47 43 2399285.2945099999196827
48 43 140838.1959839999908581
14 44 -131963.2135990000097081
15 44 -517922.1318159999791533
16 44 -2298570.5890199998393655
20 44 -1597916.6666699999477714
38 44 -8333.3333333299997321
40 44 -2500000.0000000000000000
44 44 3504879.8802700000815094
45 44 517922.1318159999791533
46 44 -4798570.5890199998393655
14 45 -517922.1318159999791533
15 45 -2165670.7845299998298287
16 45 551656.9413659999845549
21 45 -28935.1851851999999781
22 45 2083333.3333300000522286
39 45 -2355000.0000000000000000
44 45 517922.1318159999791533
45 45 4577383.7474899999797344
46 45 134990.2747000000090338
14 46 2298570.5890199998393655
15 46 -551656.9413669999921694
16 46 486193650.9900000095367432
21 46 -2083333.3333300000522286
22 46 100000000.0000000000000000
38 46 2500000.0000000000000000
40 46 500000000.0000000000000000
44 46 -4798570.5890199998393655
45 46 134990.2747000000090338
46 46 2472387301.9800000190734863
13 47 -1149285.2945099999196827
17 47 229724661.2360000014305115
18 47 -55717351.0778999999165535
23 47 -833333.3333329999586567
37 47 -1250000.0000000000000000
41 47 250000000.0000000000000000
43 47 2399285.2945099999196827
47 47 961679848.8040000200271606
48 47 -109779731.3320000022649765
13 48 275828.4706829999922775
17 48 -55717351.0778999999165535
18 48 10941196.0037999991327524
19 48 2083333.3333300000522286
24 48 100000000.0000000000000000
42 48 -2500000.0000000000000000
43 48 140838.1959839999908581
47 48 -109779731.3320000022649765
48 48 531278103.7749999761581421
