66 66 4356
1 1 1990.3332861199999115
2 1 567.9121799179999925
3 1 775.7836144069999591
4 1 -1386.7966028799999094
5 1 -0.2678552315280000
6 1 -0.4669042534600000
7 1 -1.1304774307100001
8 1 0.3920577899290000
9 1 0.0262199288535000
10 1 -490.2884354930000086
11 1 -490.2050618850000205
12 1 0.0251002521432000
13 1 -59.4381129068000007
14 1 -38.6059428873000030
15 1 -385.4807538300000260
16 1 0.0466086025542000
17 1 -0.0746500484851000
18 1 -0.6498462037860000
19 1 0.1546051920360000
20 1 0.0447455376660000
21 1 0.0143035540049000
22 1 -0.0215970091930000
23 1 -0.1365640535770000
24 1 -0.2257658321740000
25 1 5.0618606418200001
26 1 -0.1150200802010000
27 1 -0.6069369402590000
28 1 0.4217404679440000
29 1 -0.0787629069631000
30 1 -0.6402842195589999
31 1 0.5833626720800000
32 1 -0.1467981229140000
33 1 -0.0871746664017000
34 1 -0.0304465542656000
35 1 0.0020519491656300
36 1 0.0243121071600000
37 1 -1.2047283301500000
38 1 0.0507082671607000
39 1 0.1799636207970000
40 1 -0.2124989565920000
41 1 -0.0034664287054000
42 1 -0.0526654610775000
43 1 -0.0754533265616000
44 1 -0.0248232630014000
45 1 0.0108515475812000
46 1 -0.0125118931756000
47 1 0.0729970999190000
48 1 0.0242525155573000
49 1 0.0162954538440000
50 1 0.0161020356063000
51 1 -0.0204115183559000
52 1 0.1243507287240000
53 1 0.0000170460112115
54 1 -0.0389694574713000
55 1 0.0538813622137000
56 1 -0.0046895762181000
57 1 -0.0116852063763000
58 1 0.0292282258830000
59 1 -0.0201849310451000
60 1 -0.0093135085877000
61 1 0.0108271891898000
62 1 -0.0134893178973000
63 1 -0.0018809933188200
64 1 0.0048897564464600
65 1 0.0122115404646000
66 1 0.0116594521197000
1 2 567.9121799179999925
2 2 1990.3332861199999115
3 2 775.7836144069999591
4 2 0.3920577899290000
5 2 -1.1304774307100001
6 2 0.0262199288535000
7 2 -0.2678552315280000
8 2 -1386.7966028799999094
9 2 -0.4669042534600000
10 2 -490.2050618850000205
11 2 -490.2884354930000086
12 2 0.0251002521432000
13 2 -38.6059428873000030
14 2 -59.4381129068000007
15 2 -385.4807538300000260
16 2 0.0447455376660000
17 2 0.1546051920360000
18 2 0.0143035540049000
19 2 -0.0746500484851000
20 2 0.0466086025542000
21 2 -0.6498462037860000
22 2 -0.1365640535770000
23 2 -0.0215970091930000
24 2 -0.2257658321740000
25 2 -0.1150200802010000
26 2 5.0618606418200001
27 2 -0.6069369402590000
28 2 -0.1467981229140000
29 2 0.5833626720800000
30 2 -0.0871746664017000
31 2 -0.0787629069631000
32 2 0.4217404679440000
33 2 -0.6402842195589999
34 2 0.0020519491656300
35 2 -0.0304465542656000
36 2 0.0243121071600000
37 2 0.0507082671607000
38 2 -1.2047283301500000
39 2 0.1799636207970000
40 2 -0.0248232630014000
41 2 -0.0754533265616000
42 2 0.0108515475812000
43 2 -0.0034664287054000
44 2 -0.2124989565920000
45 2 -0.0526654610775000
46 2 0.0729970999190000
47 2 -0.0125118931756000
48 2 0.0242525155573000
49 2 0.0161020356063000
50 2 0.0162954538439000
51 2 -0.0204115183559000
52 2 0.0000170460112114
53 2 0.1243507287240000
54 2 -0.0389694574713000
55 2 -0.0201849310451000
56 2 0.0292282258830000
57 2 -0.0093135085877000
58 2 -0.0046895762181000
59 2 0.0538813622137000
60 2 -0.0116852063763000
61 2 -0.0134893178973000
62 2 0.0108271891898000
63 2 -0.0018809933188200
64 2 0.0122115404646000
65 2 0.0048897564464600
66 2 0.0116594521197000
1 3 775.7836144069999591
2 3 775.7836144069999591
3 3 7797.0672021099999256
4 3 -0.0531350053921000
5 3 -0.0030481558279100
6 3 -1.0251412266000000
7 3 -0.0030481558279100
8 3 -0.0531350053921000
9 3 -1.0251412266000000
10 3 -0.0251002521432000
11 3 -0.0251002521432000
12 3 -0.3266604752190000
13 3 -388.5572617920000198
14 3 -388.5572617920000198
15 3 -3897.5312273300000925
16 3 -0.5533457355369999
17 3 -0.0272280415412000
18 3 -0.0207460439442000
19 3 -0.0272280415412000
20 3 -0.5533457355369999
21 3 -0.0207460439442000
22 3 -0.2370892051440000
23 3 -0.2370892051440000
24 3 -0.0465557198794000
25 3 -0.3372379168190000
26 3 -0.3372379168190000
27 3 0.0797039821776000
28 3 0.1109872833770000
29 3 -0.0277103782968000
30 3 0.0744259789853000
31 3 -0.0277103782968000
32 3 0.1109872833770000
33 3 0.0744259789853000
34 3 0.0372260199967000
35 3 0.0372260199967000
36 3 0.0055277287022900
37 3 0.0764975709273000
38 3 0.0764975709273000
39 3 -0.0308651363971000
40 3 -0.0055349559899400
41 3 0.0023673898600500
42 3 0.0000617619299493
43 3 0.0023673898600500
44 3 -0.0055349559899400
45 3 0.0000617619299494
46 3 -0.0152097225825000
47 3 -0.0152097225825000
48 3 -0.0063774372802800
49 3 -0.0015535611246900
50 3 -0.0015535611246900
51 3 0.0041043598558400
52 3 -0.0077848358807200
53 3 -0.0077848358807200
54 3 0.0045557891145500
55 3 0.0013196456254600
56 3 -0.0010515148522300
57 3 0.0024963966144000
58 3 -0.0010515148522300
59 3 0.0013196456254600
60 3 0.0024963966144000
61 3 0.0012612165199800
62 3 0.0012612165199800
63 3 0.0009956926286520
64 3 -0.0010317711952700
65 3 -0.0010317711952700
66 3 -0.0022018361231900
1 4 -1386.7966028799999094
2 4 0.3920577899290000
3 4 -0.0531350053921000
4 4 3060.6523687600001722
5 4 -710.3271148009999933
6 4 -1533.0130341599999610
7 4 -490.3562505579999993
8 4 490.3117371270000149
9 4 0.0504023053961000
10 4 -1.1304774307100001
11 4 -0.2678552315280000
12 4 0.0030481558279100
13 4 -1066.0059828299999936
14 4 71.4179836927000053
15 4 710.3793693129999838
16 4 -58.5566581604999996
17 4 38.6300510423000034
18 4 386.5821965900000237
19 4 -0.0274214146462000
20 4 0.2496662880150000
21 4 0.3604230800190000
22 4 -5.3781077260399996
23 4 70.5225867677000053
24 4 47.1605767174999997
25 4 0.2481452047740000
26 4 -0.1005845817720000
27 4 -0.0920349214383000
28 4 6.5690052262999998
29 4 0.2648952201670000
30 4 1.0050774397900000
31 4 -0.0738640835819000
32 4 0.3064117788130000
33 4 0.1145508421620000
34 4 0.4114700075380000
35 4 -0.0007737179586300
36 4 0.0549392153396000
37 4 -0.1813817427960000
38 4 -0.0054826189087400
39 4 -0.1540833788310000
40 4 -1.0965097251700000
41 4 -0.0469509373020000
42 4 -0.1608364225480000
43 4 -0.0140005255790000
44 4 -0.0455285453152000
45 4 -0.0065100684687800
46 4 -0.1845469878720000
47 4 -0.0828652174830000
48 4 -0.0353680584512000
49 4 -0.0100962570567000
50 4 0.0279679975636000
51 4 0.0294306684201000
52 4 0.0469961812924000
53 4 -0.0034171168838400
54 4 -0.0226327177363000
55 4 0.1767590743460000
56 4 0.0183093875259000
57 4 0.0372450942250000
58 4 0.0052355034304500
59 4 0.0144877708743000
60 4 0.0141998602399000
61 4 0.0389265774119000
62 4 -0.0169268924454000
63 4 0.0083676050190100
64 4 -0.0188819257888000
65 4 0.0186253545948000
66 4 -0.0128915968856000
1 5 -0.2678552315280000
2 5 -1.1304774307100001
3 5 -0.0030481558279100
4 5 -710.3271148009999933
5 5 3060.6523687600001722
6 5 1533.0130341599999610
7 5 490.3117371270000149
8 5 -490.3562505579999993
9 5 -0.0504023053961000
10 5 0.3920577899290000
11 5 -1386.7966028799999094
12 5 0.0531350053921000
13 5 70.5225867677000053
14 5 -5.3781077260399996
15 5 -47.1605767174999997
16 5 38.6300510423000034
17 5 -58.5566581604999996
18 5 -386.5821965900000237
19 5 0.2496662880150000
20 5 -0.0274214146462000
21 5 -0.3604230800190000
22 5 71.4179836927000053
23 5 -1066.0059828299999936
24 5 -710.3793693129999838
25 5 -0.0007737179586290
26 5 0.4114700075380000
27 5 -0.0549392153396000
28 5 0.2648952201670000
29 5 6.5690052262999998
30 5 -1.0050774397900000
31 5 0.3064117788130000
32 5 -0.0738640835819000
33 5 -0.1145508421620000
34 5 -0.1005845817720000
35 5 0.2481452047740000
36 5 0.0920349214383000
37 5 -0.0828652174830000
38 5 -0.1845469878720000
39 5 0.0353680584512000
40 5 -0.0469509373020000
41 5 -1.0965097251700000
42 5 0.1608364225480000
43 5 -0.0455285453152000
44 5 -0.0140005255790000
45 5 0.0065100684687800
46 5 -0.0054826189087400
47 5 -0.1813817427960000
48 5 0.1540833788310000
49 5 0.0279679975636000
50 5 -0.0100962570567000
51 5 -0.0294306684201000
52 5 -0.0169268924454000
53 5 0.0389265774119000
54 5 -0.0083676050190100
55 5 0.0183093875259000
56 5 0.1767590743460000
57 5 -0.0372450942250000
58 5 0.0144877708743000
59 5 0.0052355034304500
60 5 -0.0141998602399000
61 5 -0.0034171168838400
62 5 0.0469961812924000
63 5 0.0226327177363000
64 5 0.0186253545948000
65 5 -0.0188819257888000
66 5 0.0128915968856000
1 6 -0.4669042534600000
2 6 0.0262199288535000
3 6 -1.0251412266000000
4 6 -1533.0130341599999610
5 6 1533.0130341599999610
6 6 8746.0335390799991728
7 6 -0.0504023053961000
8 6 0.0504023053961000
9 6 -0.2348609208870000
10 6 -0.0262199288535000
11 6 0.4669042534600000
12 6 -1.0251412266000000
13 6 710.3893351389999680
14 6 -47.4760020004000012
15 6 -474.4853821620000076
16 6 389.1481834290000279
17 6 -389.1481834290000279
18 6 -3897.2311988400001610
19 6 0.1641208243340000
20 6 -0.1641208243340000
21 6 -0.0050500829014200
22 6 47.4760020004000012
23 6 -710.3893351389999680
24 6 -474.4853821620000076
25 6 0.4607791307030000
26 6 -0.0404939072345000
27 6 -0.0532046305311000
28 6 0.3800735642100000
29 6 -0.3800735642100000
30 6 -0.0064656964227100
31 6 0.0077342004189500
32 6 -0.0077342004189500
33 6 0.0105140076630000
34 6 0.0404939072345000
35 6 -0.4607791307030000
36 6 -0.0532046305311000
37 6 -0.1177413401990000
38 6 0.0161032743626000
39 6 0.0067623339186200
40 6 -0.0742279746884000
41 6 0.0742279746884000
42 6 -0.0264453981116000
43 6 0.0031176662882000
44 6 -0.0031176662882000
45 6 -0.0005292396160130
46 6 -0.0161032743626000
47 6 0.1177413401990000
48 6 0.0067623339186200
49 6 -0.0018528390070700
50 6 0.0018528390070700
51 6 -0.0001194485803040
52 6 0.0154432749250000
53 6 -0.0030509451239600
54 6 -0.0044152414332900
55 6 0.0136510977670000
56 6 -0.0136510977670000
57 6 0.0020057675803100
58 6 0.0030029548119700
59 6 -0.0030029548119700
60 6 0.0003569302873640
61 6 0.0030509451239600
62 6 -0.0154432749250000
63 6 -0.0044152414332900
64 6 -0.0024879489752800
65 6 0.0024879489752800
66 6 0.0005285052082910
1 7 -1.1304774307100001
2 7 -0.2678552315280000
3 7 -0.0030481558279100
4 7 -490.3562505579999993
5 7 490.3117371270000149
6 7 -0.0504023053961000
7 7 3060.6523687600001722
8 7 -710.3271148009999933
9 7 1533.0130341599999610
10 7 -1386.7966028799999094
11 7 0.3920577899290000
12 7 0.0531350053921000
13 7 -5.3781077260399996
14 7 70.5225867677000053
15 7 -47.1605767174999997
16 7 -0.0274214146462000
17 7 0.2496662880150000
18 7 -0.3604230800190000
19 7 -58.5566581604999996
20 7 38.6300510423000034
21 7 -386.5821965900000237
22 7 -1066.0059828299999936
23 7 71.4179836927000053
24 7 -710.3793693129999838
25 7 0.4114700075380000
26 7 -0.0007737179586250
27 7 -0.0549392153396000
28 7 -0.0738640835819000
29 7 0.3064117788130000
30 7 -0.1145508421620000
31 7 6.5690052262999998
32 7 0.2648952201670000
33 7 -1.0050774397900000
34 7 0.2481452047740000
35 7 -0.1005845817720000
36 7 0.0920349214383000
37 7 -0.1845469878720000
38 7 -0.0828652174830000
39 7 0.0353680584512000
40 7 -0.0140005255790000
41 7 -0.0455285453152000
42 7 0.0065100684687800
43 7 -1.0965097251700000
44 7 -0.0469509373020000
45 7 0.1608364225480000
46 7 -0.1813817427960000
47 7 -0.0054826189087400
48 7 0.1540833788310000
49 7 -0.0100962570567000
50 7 0.0279679975636000
51 7 -0.0294306684201000
52 7 0.0389265774119000
53 7 -0.0169268924454000
54 7 -0.0083676050190100
55 7 0.0052355034304500
56 7 0.0144877708743000
57 7 -0.0141998602399000
58 7 0.1767590743460000
59 7 0.0183093875259000
60 7 -0.0372450942250000
61 7 0.0469961812924000
62 7 -0.0034171168838400
63 7 0.0226327177363000
64 7 -0.0188819257888000
65 7 0.0186253545948000
66 7 0.0128915968856000
1 8 0.3920577899290000
2 8 -1386.7966028799999094
3 8 -0.0531350053921000
4 8 490.3117371270000149
5 8 -490.3562505579999993
6 8 0.0504023053961000
7 8 -710.3271148009999933
8 8 3060.6523687600001722
9 8 -1533.0130341599999610
10 8 -0.2678552315280000
11 8 -1.1304774307100001
12 8 0.0030481558279100
13 8 71.4179836927000053
14 8 -1066.0059828299999936
15 8 710.3793693129999838
16 8 0.2496662880150000
17 8 -0.0274214146462000
18 8 0.3604230800190000
19 8 38.6300510423000034
20 8 -58.5566581604999996
21 8 386.5821965900000237
22 8 70.5225867677000053
23 8 -5.3781077260399996
24 8 47.1605767174999997
25 8 -0.1005845817720000
26 8 0.2481452047740000
27 8 -0.0920349214383000
28 8 0.3064117788130000
29 8 -0.0738640835819000
30 8 0.1145508421620000
31 8 0.2648952201670000
32 8 6.5690052262999998
33 8 1.0050774397900000
34 8 -0.0007737179586280
35 8 0.4114700075380000
36 8 0.0549392153396000
37 8 -0.0054826189087400
38 8 -0.1813817427960000
39 8 -0.1540833788310000
40 8 -0.0455285453152000
41 8 -0.0140005255790000
42 8 -0.0065100684687800
43 8 -0.0469509373020000
44 8 -1.0965097251700000
45 8 -0.1608364225480000
46 8 -0.0828652174830000
47 8 -0.1845469878720000
48 8 -0.0353680584512000
49 8 0.0279679975636000
50 8 -0.0100962570567000
51 8 0.0294306684201000
52 8 -0.0034171168838400
53 8 0.0469961812924000
54 8 -0.0226327177363000
55 8 0.0144877708743000
56 8 0.0052355034304500
57 8 0.0141998602399000
58 8 0.0183093875259000
59 8 0.1767590743460000
60 8 0.0372450942250000
61 8 -0.0169268924454000
62 8 0.0389265774119000
63 8 0.0083676050190100
64 8 0.0186253545948000
65 8 -0.0188819257888000
66 8 -0.0128915968856000
1 9 0.0262199288535000
2 9 -0.4669042534600000
3 9 -1.0251412266000000
4 9 0.0504023053961000
5 9 -0.0504023053961000
6 9 -0.2348609208870000
7 9 1533.0130341599999610
8 9 -1533.0130341599999610
9 9 8746.0335390799991728
10 9 0.4669042534600000
11 9 -0.0262199288535000
12 9 -1.0251412266000000
13 9 -47.4760020004000012
14 9 710.3893351389999680
15 9 -474.4853821620000076
16 9 -0.1641208243340000
17 9 0.1641208243340000
18 9 -0.0050500829014200
19 9 -389.1481834290000279
20 9 389.1481834290000279
21 9 -3897.2311988400001610
22 9 -710.3893351389999680
23 9 47.4760020004000012
24 9 -474.4853821620000076
25 9 -0.0404939072345000
26 9 0.4607791307030000
27 9 -0.0532046305311000
28 9 -0.0077342004189500
29 9 0.0077342004189500
30 9 0.0105140076630000
31 9 -0.3800735642100000
32 9 0.3800735642100000
33 9 -0.0064656964227100
34 9 -0.4607791307030000
35 9 0.0404939072345000
36 9 -0.0532046305311000
37 9 0.0161032743626000
38 9 -0.1177413401990000
39 9 0.0067623339186200
40 9 -0.0031176662882000
41 9 0.0031176662882000
42 9 -0.0005292396160130
43 9 0.0742279746884000
44 9 -0.0742279746884000
45 9 -0.0264453981116000
46 9 0.1177413401990000
47 9 -0.0161032743626000
48 9 0.0067623339186200
49 9 0.0018528390070700
50 9 -0.0018528390070700
51 9 -0.0001194485803040
52 9 -0.0030509451239600
53 9 0.0154432749250000
54 9 -0.0044152414332900
55 9 -0.0030029548119700
56 9 0.0030029548119700
57 9 0.0003569302873640
58 9 -0.0136510977670000
59 9 0.0136510977670000
60 9 0.0020057675803100
61 9 -0.0154432749250000
62 9 0.0030509451239600
63 9 -0.0044152414332900
64 9 0.0024879489752800
65 9 -0.0024879489752800
66 9 0.0005285052082910
1 10 -490.2884354930000086
2 10 -490.2050618850000205
3 10 -0.0251002521432000
4 10 -1.1304774307100001
5 10 0.3920577899290000
6 10 -0.0262199288535000
7 10 -1386.7966028799999094
8 10 -0.2678552315280000
9 10 0.4669042534600000
10 10 1990.3332861199999115
11 10 567.9121799179999925
12 10 -775.7836144069999591
13 10 -0.0215970091930000
14 10 -0.1365640535770000
15 10 0.2257658321740000
16 10 0.1546051920360000
17 10 0.0447455376660000
18 10 -0.0143035540049000
19 10 0.0466086025542000
20 10 -0.0746500484851000
21 10 0.6498462037860000
22 10 -59.4381129068000007
23 10 -38.6059428873000030
24 10 385.4807538300000260
25 10 -0.0304465542656000
26 10 0.0020519491656300
27 10 -0.0243121071600000
28 10 0.5833626720800000
29 10 -0.1467981229140000
30 10 0.0871746664017000
31 10 0.4217404679440000
32 10 -0.0787629069631000
33 10 0.6402842195589999
34 10 5.0618606418200001
35 10 -0.1150200802010000
36 10 0.6069369402590000
37 10 -0.0125118931756000
38 10 0.0729970999190000
39 10 -0.0242525155573000
40 10 -0.0754533265616000
41 10 -0.0248232630014000
42 10 -0.0108515475812000
43 10 -0.2124989565920000
44 10 -0.0034664287054000
45 10 0.0526654610775000
46 10 -1.2047283301500000
47 10 0.0507082671607000
48 10 -0.1799636207970000
49 10 0.0162954538439000
50 10 0.0161020356063000
51 10 0.0204115183559000
52 10 0.0108271891898000
53 10 -0.0134893178973000
54 10 0.0018809933188200
55 10 0.0292282258830000
56 10 -0.0201849310451000
57 10 0.0093135085877000
58 10 0.0538813622137000
59 10 -0.0046895762181000
60 10 0.0116852063763000
61 10 0.1243507287240000
62 10 0.0000170460112115
63 10 0.0389694574713000
64 10 0.0048897564464600
65 10 0.0122115404646000
66 10 -0.0116594521196000
1 11 -490.2050618850000205
2 11 -490.2884354930000086
3 11 -0.0251002521432000
4 11 -0.2678552315280000
5 11 -1386.7966028799999094
6 11 0.4669042534600000
7 11 0.3920577899290000
8 11 -1.1304774307100001
9 11 -0.0262199288535000
10 11 567.9121799179999925
11 11 1990.3332861199999115
12 11 -775.7836144069999591
13 11 -0.1365640535770000
14 11 -0.0215970091930000
15 11 0.2257658321740000
16 11 -0.0746500484851000
17 11 0.0466086025542000
18 11 0.6498462037860000
19 11 0.0447455376660000
20 11 0.1546051920360000
21 11 -0.0143035540049000
22 11 -38.6059428873000030
23 11 -59.4381129068000007
24 11 385.4807538300000260
25 11 0.0020519491656300
26 11 -0.0304465542656000
27 11 -0.0243121071600000
28 11 -0.0787629069631000
29 11 0.4217404679440000
30 11 0.6402842195589999
31 11 -0.1467981229140000
32 11 0.5833626720800000
33 11 0.0871746664017000
34 11 -0.1150200802010000
35 11 5.0618606418200001
36 11 0.6069369402590000
37 11 0.0729970999190000
38 11 -0.0125118931756000
39 11 -0.0242525155573000
40 11 -0.0034664287054000
41 11 -0.2124989565920000
42 11 0.0526654610775000
43 11 -0.0248232630014000
44 11 -0.0754533265616000
45 11 -0.0108515475812000
46 11 0.0507082671607000
47 11 -1.2047283301500000
48 11 -0.1799636207970000
49 11 0.0161020356063000
50 11 0.0162954538439000
51 11 0.0204115183559000
52 11 -0.0134893178973000
53 11 0.0108271891898000
54 11 0.0018809933188200
55 11 -0.0046895762181000
56 11 0.0538813622137000
57 11 0.0116852063763000
58 11 -0.0201849310451000
59 11 0.0292282258830000
60 11 0.0093135085877000
61 11 0.0000170460112111
62 11 0.1243507287240000
63 11 0.0389694574713000
64 11 0.0122115404646000
65 11 0.0048897564464600
66 11 -0.0116594521197000
1 12 0.0251002521432000
2 12 0.0251002521432000
3 12 -0.3266604752190000
4 12 0.0030481558279100
5 12 0.0531350053921000
6 12 -1.0251412266000000
7 12 0.0531350053921000
8 12 0.0030481558279100
9 12 -1.0251412266000000
10 12 -775.7836144069999591
11 12 -775.7836144069999591
12 12 7797.0672021099999256
13 12 0.2370892051440000
14 12 0.2370892051440000
15 12 -0.0465557198794000
16 12 0.0272280415412000
17 12 0.5533457355369999
18 12 -0.0207460439442000
19 12 0.5533457355369999
20 12 0.0272280415412000
21 12 -0.0207460439442000
22 12 388.5572617920000198
23 12 388.5572617920000198
24 12 -3897.5312273300000925
25 12 -0.0372260199967000
26 12 -0.0372260199967000
27 12 0.0055277287022900
28 12 0.0277103782968000
29 12 -0.1109872833770000
30 12 0.0744259789853000
31 12 -0.1109872833770000
32 12 0.0277103782968000
33 12 0.0744259789853000
34 12 0.3372379168190000
35 12 0.3372379168190000
36 12 0.0797039821776000
37 12 0.0152097225825000
38 12 0.0152097225825000
39 12 -0.0063774372802800
40 12 -0.0023673898600500
41 12 0.0055349559899400
42 12 0.0000617619299493
43 12 0.0055349559899400
44 12 -0.0023673898600500
45 12 0.0000617619299493
46 12 -0.0764975709273000
47 12 -0.0764975709273000
48 12 -0.0308651363971000
49 12 0.0015535611246900
50 12 0.0015535611246900
51 12 0.0041043598558400
52 12 -0.0012612165199800
53 12 -0.0012612165199800
54 12 0.0009956926286520
55 12 0.0010515148522300
56 12 -0.0013196456254600
57 12 0.0024963966144000
58 12 -0.0013196456254600
59 12 0.0010515148522300
60 12 0.0024963966144000
61 12 0.0077848358807200
62 12 0.0077848358807200
63 12 0.0045557891145500
64 12 0.0010317711952700
65 12 0.0010317711952700
66 12 -0.0022018361231900
1 13 -59.4381129068000007
2 13 -38.6059428873000030
3 13 -388.5572617920000198
4 13 -1066.0059828299999936
5 13 70.5225867677000053
6 13 710.3893351389999680
7 13 -5.3781077260399996
8 13 71.4179836927000053
9 13 -47.4760020004000012
10 13 -0.0215970091930000
11 13 -0.1365640535770000
12 13 0.2370892051440000
13 13 4392.0263114099998347
14 13 660.4927291159999641
15 13 993.1755938129999777
16 13 -1585.3516071700000793
17 13 -0.7407732317390000
18 13 -0.0339265510303000
19 13 -1.7823336721000000
20 13 0.4750929941910000
21 13 0.0547535358152000
22 13 -560.6487095319999980
23 13 -560.7216603309999527
24 13 -0.0747832598980000
25 13 -57.7287954366000022
26 13 -38.8699119070999970
27 13 -387.2248758829999815
28 13 -1062.4272625099999914
29 13 -82.1391317591999979
30 13 -816.1603348759999790
31 13 -7.0076102637800002
32 13 -81.0473350461000024
33 13 -62.6345745042000033
34 13 -0.0036243812875300
35 13 -0.1956857582310000
36 13 -0.1961870004050000
37 13 6.6533847799499997
38 13 -0.0972213137014000
39 13 -1.1542521476800001
40 13 0.4612138064070000
41 13 0.1406336939690000
42 13 0.1628960170160000
43 13 0.5365303725560000
44 13 0.0945192619804000
45 13 -0.0839861186181000
46 13 -0.0439696991295000
47 13 -0.3372216498930000
48 13 -0.1776233415720000
49 13 -0.0740894096044000
50 13 -0.1148229016020000
51 13 0.1429882728990000
52 13 -0.7130250804340000
53 13 0.0244685703281000
54 13 0.2092585152260000
55 13 -0.1608891547060000
56 13 0.0040349162858800
57 13 0.1129733742160000
58 13 -0.1679468543220000
59 13 0.1028998955550000
60 13 0.0540286997809000
61 13 -0.0387498520835000
62 13 0.0475908299023000
63 13 0.0081245209478200
64 13 -0.0171316493050000
65 13 -0.0865194672883000
66 13 -0.0779925613117000
1 14 -38.6059428873000030
2 14 -59.4381129068000007
3 14 -388.5572617920000198
4 14 71.4179836927000053
5 14 -5.3781077260399996
6 14 -47.4760020004000012
7 14 70.5225867677000053
8 14 -1066.0059828299999936
9 14 710.3893351389999680
10 14 -0.1365640535770000
11 14 -0.0215970091930000
12 14 0.2370892051440000
13 14 660.4927291159999641
14 14 4392.0263114099998347
15 14 993.1755938129999777
16 14 0.4750929941910000
17 14 -1.7823336721000000
18 14 0.0547535358152000
19 14 -0.7407732317390000
20 14 -1585.3516071700000793
21 14 -0.0339265510303000
22 14 -560.7216603309999527
23 14 -560.6487095319999980
24 14 -0.0747832598980000
25 14 -38.8699119070999970
26 14 -57.7287954366000022
27 14 -387.2248758829999815
28 14 -81.0473350461000024
29 14 -7.0076102637800002
30 14 -62.6345745042000033
31 14 -82.1391317591999979
32 14 -1062.4272625099999914
33 14 -816.1603348759999790
34 14 -0.1956857582310000
35 14 -0.0036243812875300
36 14 -0.1961870004050000
37 14 -0.0972213137014000
38 14 6.6533847799499997
39 14 -1.1542521476800001
40 14 0.0945192619804000
41 14 0.5365303725560000
42 14 -0.0839861186181000
43 14 0.1406336939690000
44 14 0.4612138064070000
45 14 0.1628960170160000
46 14 -0.3372216498930000
47 14 -0.0439696991295000
48 14 -0.1776233415720000
49 14 -0.1148229016020000
50 14 -0.0740894096044000
51 14 0.1429882728990000
52 14 0.0244685703281000
53 14 -0.7130250804340000
54 14 0.2092585152260000
55 14 0.1028998955550000
56 14 -0.1679468543220000
57 14 0.0540286997809000
58 14 0.0040349162858800
59 14 -0.1608891547060000
60 14 0.1129733742160000
61 14 0.0475908299023000
62 14 -0.0387498520835000
63 14 0.0081245209478200
64 14 -0.0865194672883000
65 14 -0.0171316493050000
66 14 -0.0779925613117000
1 15 -385.4807538300000260
2 15 -385.4807538300000260
3 15 -3897.5312273300000925
4 15 710.3793693129999838
5 15 -47.1605767174999997
6 15 -474.4853821620000076
7 15 -47.1605767174999997
8 15 710.3793693129999838
9 15 -474.4853821620000076
10 15 0.2257658321740000
11 15 0.2257658321740000
12 15 -0.0465557198794000
13 15 993.1755938129999777
14 15 993.1755938129999777
15 15 10005.3777405000000726
16 15 -0.0573311367906000
17 15 0.0503288745856000
18 15 -1.5354488812300000
19 15 0.0503288745856000
20 15 -0.0573311367906000
21 15 -1.5354488812300000
22 15 0.0747832598980000
23 15 0.0747832598980000
24 15 -0.2687279199010000
25 15 -389.9591014960000166
26 15 -389.9591014960000166
27 15 -3896.9207867800000713
28 15 -816.6674957799999675
29 15 -63.0733305886000011
30 15 -629.3390697820000241
31 15 -63.0733305886000011
32 15 -816.6674957799999675
33 15 -629.3390697820000241
34 15 -0.1905807211160000
35 15 -0.1905807211160000
36 15 -0.0335171346580000
37 15 -0.2484706740920000
38 15 -0.2484706740920000
39 15 -0.0727183829809000
40 15 -0.4985514336020000
41 15 -0.0283691770900000
42 15 -0.0763130477700000
43 15 -0.0283691770900000
44 15 -0.4985514336020000
45 15 -0.0763130477700000
46 15 -0.0330982419074000
47 15 -0.0330982419074000
48 15 0.0026628753925200
49 15 0.0055418820846200
50 15 0.0055418820846200
51 15 0.0155028969814000
52 15 0.0360688720459000
53 15 0.0360688720459000
54 15 -0.0302927153659000
55 15 0.0844287031863000
56 15 0.0146398643442000
57 15 0.0165472784700000
58 15 0.0146398643442000
59 15 0.0844287031863000
60 15 0.0165472784700000
61 15 0.0013905928013200
62 15 0.0013905928013200
63 15 0.0020552492090600
64 15 -0.0005033759035250
65 15 -0.0005033759035250
66 15 -0.0056805608566200
1 16 0.0466086025542000
2 16 0.0447455376660000
3 16 -0.5533457355369999
4 16 -58.5566581604999996
5 16 38.6300510423000034
6 16 389.1481834290000279
7 16 -0.0274214146462000
8 16 0.2496662880150000
9 16 -0.1641208243340000
10 16 0.1546051920360000
11 16 -0.0746500484851000
12 16 0.0272280415412000
13 16 -1585.3516071700000793
14 16 0.4750929941910000
15 16 -0.0573311367906000
16 16 2253.1684451599999193
17 16 -638.1991646850000279
18 16 -776.5177360510000426
19 16 -560.3610380999999734
20 16 560.3130494160000126
21 16 0.0158984424773000
22 16 -1.7823336721000000
23 16 -0.7407732317390000
24 16 -0.0503288745856000
25 16 0.2546321099600000
26 16 0.0301723547646000
27 16 0.2695107894820000
28 16 -58.2814458610000017
29 16 38.6877556940999980
30 16 385.8767948079999996
31 16 -0.0278594194749000
32 16 0.1739587391570000
33 16 0.1238272835950000
34 16 0.1024768989110000
35 16 0.0175985339893000
36 16 0.0034759028716000
37 16 0.6244860535330000
38 16 0.1238093331980000
39 16 0.6474624037370000
40 16 4.7675912179199997
41 16 0.0121185882311000
42 16 0.7260967285030000
43 16 -0.0013924119935700
44 16 -0.0731863221228000
45 16 0.0022758523244400
46 16 0.6878899898960000
47 16 0.1708298815330000
48 16 0.1281898045050000
49 16 0.0342053056329000
50 16 -0.0319406492645000
51 16 -0.1226956112690000
52 16 -0.1741197292220000
53 16 -0.0029302576259100
54 16 0.0938044205977000
55 16 -0.8083586078230000
56 16 -0.0544553916344000
57 16 -0.1925939017090000
58 16 -0.0388056068068000
59 16 -0.0084526224038300
60 16 -0.0247343065241000
61 16 -0.1015970265130000
62 16 0.0421317301656000
63 16 -0.0244629395181000
64 16 0.0570756354789000
65 16 -0.0262495943374000
66 16 0.0532158912700000
1 17 -0.0746500484851000
2 17 0.1546051920360000
3 17 -0.0272280415412000
4 17 38.6300510423000034
5 17 -58.5566581604999996
6 17 -389.1481834290000279
7 17 0.2496662880150000
8 17 -0.0274214146462000
9 17 0.1641208243340000
10 17 0.0447455376660000
11 17 0.0466086025542000
12 17 0.5533457355369999
13 17 -0.7407732317390000
14 17 -1.7823336721000000
15 17 0.0503288745856000
16 17 -638.1991646850000279
17 17 2253.1684451599999193
18 17 776.5177360510000426
19 17 560.3130494160000126
20 17 -560.3610380999999734
21 17 -0.0158984424773000
22 17 0.4750929941910000
23 17 -1585.3516071700000793
24 17 0.0573311367906000
25 17 0.0175985339893000
26 17 0.1024768989110000
27 17 -0.0034759028716000
28 17 38.6877556940999980
29 17 -58.2814458610000017
30 17 -385.8767948079999996
31 17 0.1739587391570000
32 17 -0.0278594194750000
33 17 -0.1238272835950000
34 17 0.0301723547646000
35 17 0.2546321099600000
36 17 -0.2695107894820000
37 17 0.1708298815330000
38 17 0.6878899898960000
39 17 -0.1281898045050000
40 17 0.0121185882311000
41 17 4.7675912179199997
42 17 -0.7260967285030000
43 17 -0.0731863221228000
44 17 -0.0013924119935600
45 17 -0.0022758523244400
46 17 0.1238093331980000
47 17 0.6244860535330000
48 17 -0.6474624037370000
49 17 -0.0319406492645000
50 17 0.0342053056329000
51 17 0.1226956112690000
52 17 0.0421317301656000
53 17 -0.1015970265130000
54 17 0.0244629395181000
55 17 -0.0544553916344000
56 17 -0.8083586078230000
57 17 0.1925939017090000
58 17 -0.0084526224038300
59 17 -0.0388056068068000
60 17 0.0247343065241000
61 17 -0.0029302576259100
62 17 -0.1741197292220000
63 17 -0.0938044205977000
64 17 -0.0262495943374000
65 17 0.0570756354789000
66 17 -0.0532158912700000
1 18 -0.6498462037860000
2 18 0.0143035540049000
3 18 -0.0207460439442000
4 18 386.5821965900000237
5 18 -386.5821965900000237
6 18 -3897.2311988400001610
7 18 -0.3604230800190000
8 18 0.3604230800190000
9 18 -0.0050500829014200
10 18 -0.0143035540049000
11 18 0.6498462037860000
12 18 -0.0207460439442000
13 18 -0.0339265510303000
14 18 0.0547535358152000
15 18 -1.5354488812300000
16 18 -776.5177360510000426
17 18 776.5177360510000426
18 18 7798.0734971600004428
19 18 -0.0158984424773000
20 18 0.0158984424773000
21 18 -0.4373853369770000
22 18 -0.0547535358152000
23 18 0.0339265510303000
24 18 -1.5354488812300000
25 18 0.6488080281770000
26 18 -0.0270482712633000
27 18 -0.0525450103689000
28 18 388.9871233929999903
29 18 -388.9871233929999903
30 18 -3897.4270489199998337
31 18 0.3291299142240000
32 18 -0.3291299142240000
33 18 -0.0863818806313000
34 18 0.0270482712633000
35 18 -0.6488080281770000
36 18 -0.0525450103689000
37 18 -0.1334624360280000
38 18 -0.0231838625570000
39 18 0.0788350347189000
40 18 0.2610593803470000
41 18 -0.2610593803470000
42 18 0.0748702987363000
43 18 -0.0442692342250000
44 18 0.0442692342250000
45 18 0.0158796065663000
46 18 0.0231838625570000
47 18 0.1334624360280000
48 18 0.0788350347189000
49 18 0.0018981269004000
50 18 -0.0018981269004000
51 18 -0.0220231042250000
52 18 0.0056803333722800
53 18 0.0017498958862300
54 18 -0.0002032795163700
55 18 -0.0387540102171000
56 18 0.0387540102171000
57 18 -0.0273080237031000
58 18 0.0102926619295000
59 18 -0.0102926619295000
60 18 -0.0079825706431100
61 18 -0.0017498958862300
62 18 -0.0056803333722800
63 18 -0.0002032795163700
64 18 0.0021533327969900
65 18 -0.0021533327969900
66 18 0.0102405017127000
1 19 0.1546051920360000
2 19 -0.0746500484851000
3 19 -0.0272280415412000
4 19 -0.0274214146462000
5 19 0.2496662880150000
6 19 0.1641208243340000
7 19 -58.5566581604999996
8 19 38.6300510423000034
9 19 -389.1481834290000279
10 19 0.0466086025542000
11 19 0.0447455376660000
12 19 0.5533457355369999
13 19 -1.7823336721000000
14 19 -0.7407732317390000
15 19 0.0503288745856000
16 19 -560.3610380999999734
17 19 560.3130494160000126
18 19 -0.0158984424773000
19 19 2253.1684451599999193
20 19 -638.1991646850000279
21 19 776.5177360510000426
22 19 -1585.3516071700000793
23 19 0.4750929941910000
24 19 0.0573311367906000
25 19 0.1024768989110000
26 19 0.0175985339893000
27 19 -0.0034759028716000
28 19 -0.0278594194749000
29 19 0.1739587391570000
30 19 -0.1238272835950000
31 19 -58.2814458610000017
32 19 38.6877556940999980
33 19 -385.8767948079999996
34 19 0.2546321099600000
35 19 0.0301723547646000
36 19 -0.2695107894820000
37 19 0.6878899898960000
38 19 0.1708298815330000
39 19 -0.1281898045050000
40 19 -0.0013924119935600
41 19 -0.0731863221228000
42 19 -0.0022758523244400
43 19 4.7675912179199997
44 19 0.0121185882311000
45 19 -0.7260967285030000
46 19 0.6244860535330000
47 19 0.1238093331980000
48 19 -0.6474624037370000
49 19 0.0342053056329000
50 19 -0.0319406492645000
51 19 0.1226956112690000
52 19 -0.1015970265130000
53 19 0.0421317301656000
54 19 0.0244629395181000
55 19 -0.0388056068068000
56 19 -0.0084526224038300
57 19 0.0247343065241000
58 19 -0.8083586078230000
59 19 -0.0544553916344000
60 19 0.1925939017090000
61 19 -0.1741197292220000
62 19 -0.0029302576259100
63 19 -0.0938044205977000
64 19 0.0570756354789000
65 19 -0.0262495943374000
66 19 -0.0532158912700000
1 20 0.0447455376660000
2 20 0.0466086025542000
3 20 -0.5533457355369999
4 20 0.2496662880150000
5 20 -0.0274214146462000
6 20 -0.1641208243340000
7 20 38.6300510423000034
8 20 -58.5566581604999996
9 20 389.1481834290000279
10 20 -0.0746500484851000
11 20 0.1546051920360000
12 20 0.0272280415412000
13 20 0.4750929941910000
14 20 -1585.3516071700000793
15 20 -0.0573311367906000
16 20 560.3130494160000126
17 20 -560.3610380999999734
18 20 0.0158984424773000
19 20 -638.1991646850000279
20 20 2253.1684451599999193
21 20 -776.5177360510000426
22 20 -0.7407732317390000
23 20 -1.7823336721000000
24 20 -0.0503288745856000
25 20 0.0301723547646000
26 20 0.2546321099600000
27 20 0.2695107894820000
28 20 0.1739587391570000
29 20 -0.0278594194750000
30 20 0.1238272835950000
31 20 38.6877556940999980
32 20 -58.2814458610000017
33 20 385.8767948079999996
34 20 0.0175985339893000
35 20 0.1024768989110000
36 20 0.0034759028716000
37 20 0.1238093331980000
38 20 0.6244860535330000
39 20 0.6474624037370000
40 20 -0.0731863221228000
41 20 -0.0013924119935700
42 20 0.0022758523244400
43 20 0.0121185882311000
44 20 4.7675912179199997
45 20 0.7260967285030000
46 20 0.1708298815330000
47 20 0.6878899898960000
48 20 0.1281898045050000
49 20 -0.0319406492645000
50 20 0.0342053056329000
51 20 -0.1226956112690000
52 20 -0.0029302576259100
53 20 -0.1741197292220000
54 20 0.0938044205977000
55 20 -0.0084526224038300
56 20 -0.0388056068068000
57 20 -0.0247343065241000
58 20 -0.0544553916344000
59 20 -0.8083586078230000
60 20 -0.1925939017090000
61 20 0.0421317301656000
62 20 -0.1015970265130000
63 20 -0.0244629395181000
64 20 -0.0262495943374000
65 20 0.0570756354789000
66 20 0.0532158912700000
1 21 0.0143035540049000
2 21 -0.6498462037860000
3 21 -0.0207460439442000
4 21 0.3604230800190000
5 21 -0.3604230800190000
6 21 -0.0050500829014200
7 21 -386.5821965900000237
8 21 386.5821965900000237
9 21 -3897.2311988400001610
10 21 0.6498462037860000
11 21 -0.0143035540049000
12 21 -0.0207460439442000
13 21 0.0547535358152000
14 21 -0.0339265510303000
15 21 -1.5354488812300000
16 21 0.0158984424773000
17 21 -0.0158984424773000
18 21 -0.4373853369770000
19 21 776.5177360510000426
20 21 -776.5177360510000426
21 21 7798.0734971600004428
22 21 0.0339265510303000
23 21 -0.0547535358152000
24 21 -1.5354488812300000
25 21 -0.0270482712633000
26 21 0.6488080281770000
27 21 -0.0525450103689000
28 21 -0.3291299142240000
29 21 0.3291299142240000
30 21 -0.0863818806313000
31 21 -388.9871233929999903
32 21 388.9871233929999903
33 21 -3897.4270489199998337
34 21 -0.6488080281770000
35 21 0.0270482712633000
36 21 -0.0525450103689000
37 21 -0.0231838625570000
38 21 -0.1334624360280000
39 21 0.0788350347189000
40 21 0.0442692342250000
41 21 -0.0442692342250000
42 21 0.0158796065663000
43 21 -0.2610593803470000
44 21 0.2610593803470000
45 21 0.0748702987363000
46 21 0.1334624360280000
47 21 0.0231838625570000
48 21 0.0788350347189000
49 21 -0.0018981269004000
50 21 0.0018981269004000
51 21 -0.0220231042250000
52 21 0.0017498958862300
53 21 0.0056803333722800
54 21 -0.0002032795163700
55 21 -0.0102926619295000
56 21 0.0102926619295000
57 21 -0.0079825706431100
58 21 0.0387540102171000
59 21 -0.0387540102171000
60 21 -0.0273080237030000
61 21 -0.0056803333722800
62 21 -0.0017498958862300
63 21 -0.0002032795163700
64 21 -0.0021533327969900
65 21 0.0021533327969900
66 21 0.0102405017127000
1 22 -0.0215970091930000
2 22 -0.1365640535770000
3 22 -0.2370892051440000
4 22 -5.3781077260399996
5 22 71.4179836927000053
6 22 47.4760020004000012
7 22 -1066.0059828299999936
8 22 70.5225867677000053
9 22 -710.3893351389999680
10 22 -59.4381129068000007
11 22 -38.6059428873000030
12 22 388.5572617920000198
13 22 -560.6487095319999980
14 22 -560.7216603309999527
15 22 0.0747832598980000
16 22 -1.7823336721000000
17 22 0.4750929941910000
18 22 -0.0547535358152000
19 22 -1585.3516071700000793
20 22 -0.7407732317390000
21 22 0.0339265510303000
22 22 4392.0263114099998347
23 22 660.4927291159999641
24 22 -993.1755938129999777
25 22 -0.0036243812875300
26 22 -0.1956857582310000
27 22 0.1961870004050000
28 22 -7.0076102637800002
29 22 -81.0473350461000024
30 22 62.6345745042000033
31 22 -1062.4272625099999914
32 22 -82.1391317591999979
33 22 816.1603348759999790
34 22 -57.7287954366000022
35 22 -38.8699119070999970
36 22 387.2248758829999815
37 22 -0.0439696991295000
38 22 -0.3372216498930000
39 22 0.1776233415720000
40 22 0.5365303725560000
41 22 0.0945192619804000
42 22 0.0839861186181000
43 22 0.4612138064070000
44 22 0.1406336939690000
45 22 -0.1628960170160000
46 22 6.6533847799499997
47 22 -0.0972213137014000
48 22 1.1542521476800001
49 22 -0.0740894096044000
50 22 -0.1148229016020000
51 22 -0.1429882728990000
52 22 -0.0387498520835000
53 22 0.0475908299023000
54 22 -0.0081245209478200
55 22 -0.1679468543220000
56 22 0.1028998955550000
57 22 -0.0540286997809000
58 22 -0.1608891547060000
59 22 0.0040349162858700
60 22 -0.1129733742160000
61 22 -0.7130250804340000
62 22 0.0244685703281000
63 22 -0.2092585152260000
64 22 -0.0171316493050000
65 22 -0.0865194672883000
66 22 0.0779925613117000
1 23 -0.1365640535770000
2 23 -0.0215970091930000
3 23 -0.2370892051440000
4 23 70.5225867677000053
5 23 -1066.0059828299999936
6 23 -710.3893351389999680
7 23 71.4179836927000053
8 23 -5.3781077260399996
9 23 47.4760020004000012
10 23 -38.6059428873000030
11 23 -59.4381129068000007
12 23 388.5572617920000198
13 23 -560.7216603309999527
14 23 -560.6487095319999980
15 23 0.0747832598980000
16 23 -0.7407732317390000
17 23 -1585.3516071700000793
18 23 0.0339265510303000
19 23 0.4750929941910000
20 23 -1.7823336721000000
21 23 -0.0547535358152000
22 23 660.4927291159999641
23 23 4392.0263114099998347
24 23 -993.1755938129999777
25 23 -0.1956857582310000
26 23 -0.0036243812875300
27 23 0.1961870004050000
28 23 -82.1391317591999979
29 23 -1062.4272625099999914
30 23 816.1603348759999790
31 23 -81.0473350461000024
32 23 -7.0076102637800002
33 23 62.6345745042000033
34 23 -38.8699119070999970
35 23 -57.7287954366000022
36 23 387.2248758829999815
37 23 -0.3372216498930000
38 23 -0.0439696991295000
39 23 0.1776233415720000
40 23 0.1406336939690000
41 23 0.4612138064070000
42 23 -0.1628960170160000
43 23 0.0945192619804000
44 23 0.5365303725560000
45 23 0.0839861186181000
46 23 -0.0972213137014000
47 23 6.6533847799499997
48 23 1.1542521476800001
49 23 -0.1148229016020000
50 23 -0.0740894096044000
51 23 -0.1429882728990000
52 23 0.0475908299023000
53 23 -0.0387498520835000
54 23 -0.0081245209478200
55 23 0.0040349162858800
56 23 -0.1608891547060000
57 23 -0.1129733742160000
58 23 0.1028998955550000
59 23 -0.1679468543220000
60 23 -0.0540286997809000
61 23 0.0244685703281000
62 23 -0.7130250804340000
63 23 -0.2092585152260000
64 23 -0.0865194672883000
65 23 -0.0171316493050000
66 23 0.0779925613117000
1 24 -0.2257658321740000
2 24 -0.2257658321740000
3 24 -0.0465557198794000
4 24 47.1605767174999997
5 24 -710.3793693129999838
6 24 -474.4853821620000076
7 24 -710.3793693129999838
8 24 47.1605767174999997
9 24 -474.4853821620000076
10 24 385.4807538300000260
11 24 385.4807538300000260
12 24 -3897.5312273300000925
13 24 -0.0747832598980000
14 24 -0.0747832598980000
15 24 -0.2687279199010000
16 24 -0.0503288745856000
17 24 0.0573311367906000
18 24 -1.5354488812300000
19 24 0.0573311367906000
20 24 -0.0503288745856000
21 24 -1.5354488812300000
22 24 -993.1755938129999777
23 24 -993.1755938129999777
24 24 10005.3777405000000726
25 24 0.1905807211160000
26 24 0.1905807211160000
27 24 -0.0335171346580000
28 24 63.0733305886000011
29 24 816.6674957799999675
30 24 -629.3390697820000241
31 24 816.6674957799999675
32 24 63.0733305886000011
33 24 -629.3390697820000241
34 24 389.9591014960000166
35 24 389.9591014960000166
36 24 -3896.9207867800000713
37 24 0.0330982419074000
38 24 0.0330982419074000
39 24 0.0026628753925200
40 24 0.0283691770900000
41 24 0.4985514336020000
42 24 -0.0763130477700000
43 24 0.4985514336020000
44 24 0.0283691770900000
45 24 -0.0763130477700000
46 24 0.2484706740920000
47 24 0.2484706740920000
48 24 -0.0727183829809000
49 24 -0.0055418820846200
50 24 -0.0055418820846200
51 24 0.0155028969814000
52 24 -0.0013905928013200
53 24 -0.0013905928013200
54 24 0.0020552492090600
