112 112 640
1 1 296965303.2559999823570251
4 1 4507339372.8199996948242188
5 1 -296965303.2559999823570251
8 1 4507339372.8199996948242188
2 2 296965303.2559999823570251
3 2 -4507339372.8199996948242188
6 2 -296965303.2559999823570251
7 2 -4507339372.8199996948242188
2 3 -4507339372.8199996948242188
3 3 167239646968.0000000000000000
6 3 4507339372.8199996948242188
7 3 -30414852966.4000015258789062
1 4 4507339372.8199996948242188
4 4 167239646968.0000000000000000
5 4 -4507339372.8199996948242188
8 4 -30414852966.4000015258789062
1 5 -296965303.2559999823570251
4 5 -4507339372.8199996948242188
5 5 393237959.4049999713897705
8 5 -4138133736.4899997711181641
9 5 -96272656.1492999941110611
12 5 369205636.3330000042915344
2 6 -296965303.2559999823570251
3 6 4507339372.8199996948242188
6 6 393237959.4049999713897705
7 6 4138133736.4899997711181641
10 6 -96272656.1492999941110611
11 6 -369205636.3330000042915344
2 7 -4507339372.8199996948242188
3 7 -30414852966.4000015258789062
6 7 4138133736.4899997711181641
7 7 171258001691.0000000000000000
10 7 369205636.3330000042915344
11 7 -1186547492.8800001144409180
1 8 4507339372.8199996948242188
4 8 -30414852966.4000015258789062
5 8 -4138133736.4899997711181641
8 8 171258001691.0000000000000000
9 8 -369205636.3330000042915344
12 8 -1186547492.8800001144409180
5 9 -96272656.1492999941110611
8 9 -369205636.3330000042915344
9 9 196873924.3019999861717224
12 9 42562563.0918999984860420
13 9 -100431268.1519999951124191
16 9 411768199.4240000247955322
6 10 -96272656.1492999941110611
7 10 369205636.3330000042915344
10 10 196873924.3019999861717224
11 10 -42562563.0918999984860420
14 10 -100431268.1519999951124191
15 10 -411768199.4240000247955322
6 11 -369205636.3330000042915344
7 11 -1186547492.8800001144409180
10 11 -42562563.0918999984860420
11 11 8484384828.9899997711181641
14 11 411768199.4240000247955322
15 11 -1089530870.1700000762939453
5 12 369205636.3330000042915344
8 12 -1186547492.8800001144409180
9 12 42562563.0918999984860420
12 12 8484384828.9899997711181641
13 12 -411768199.4240000247955322
16 12 -1089530870.1700000762939453
9 13 -100431268.1519999951124191
12 13 -411768199.4240000247955322
13 13 201032536.3050000071525574
17 13 -100431268.1519999951124191
20 13 411768199.4240000247955322
10 14 -100431268.1519999951124191
11 14 411768199.4240000247955322
14 14 201032536.3050000071525574
18 14 -100431268.1519999951124191
19 14 -411768199.4240000247955322
10 15 -411768199.4240000247955322
11 15 -1089530870.1700000762939453
15 15 8932060210.8899993896484375
18 15 411768199.4240000247955322
19 15 -1089530870.1700000762939453
9 16 411768199.4240000247955322
12 16 -1089530870.1700000762939453
16 16 8932060210.8899993896484375
17 16 -411768199.4240000247955322
20 16 -1089530870.1700000762939453
13 17 -100431268.1519999951124191
16 17 -411768199.4240000247955322
17 17 201032536.3050000071525574
21 17 -100431268.1519999951124191
24 17 411768199.4240000247955322
14 18 -100431268.1519999951124191
15 18 411768199.4240000247955322
18 18 201032536.3050000071525574
22 18 -100431268.1519999951124191
23 18 -411768199.4240000247955322
14 19 -411768199.4240000247955322
15 19 -1089530870.1700000762939453
19 19 8932060210.8899993896484375
22 19 411768199.4240000247955322
23 19 -1089530870.1700000762939453
13 20 411768199.4240000247955322
16 20 -1089530870.1700000762939453
20 20 8932060210.8899993896484375
21 20 -411768199.4240000247955322
24 20 -1089530870.1700000762939453
17 21 -100431268.1519999951124191
20 21 -411768199.4240000247955322
21 21 201032536.3050000071525574
25 21 -100431268.1519999951124191
28 21 411768199.4240000247955322
18 22 -100431268.1519999951124191
19 22 411768199.4240000247955322
22 22 201032536.3050000071525574
26 22 -100431268.1519999951124191
27 22 -411768199.4240000247955322
18 23 -411768199.4240000247955322
19 23 -1089530870.1700000762939453
23 23 8932060210.8899993896484375
26 23 411768199.4240000247955322
27 23 -1089530870.1700000762939453
17 24 411768199.4240000247955322
20 24 -1089530870.1700000762939453
24 24 8932060210.8899993896484375
25 24 -411768199.4240000247955322
28 24 -1089530870.1700000762939453
21 25 -100431268.1519999951124191
24 25 -411768199.4240000247955322
25 25 201032536.3050000071525574
28 25 0.0000045299530029
29 25 -100431268.1519999951124191
32 25 411768199.4240000247955322
22 26 -100431268.1519999951124191
23 26 411768199.4240000247955322
26 26 201032536.3050000071525574
27 26 -0.0000045299530029
30 26 -100431268.1519999951124191
31 26 -411768199.4240000247955322
22 27 -411768199.4240000247955322
23 27 -1089530870.1700000762939453
26 27 -0.0000045299530029
27 27 8932060210.8899993896484375
30 27 411768199.4240000247955322
31 27 -1089530870.1700000762939453
21 28 411768199.4240000247955322
24 28 -1089530870.1700000762939453
25 28 0.0000045299530029
28 28 8932060210.8899993896484375
29 28 -411768199.4240000247955322
32 28 -1089530870.1700000762939453
25 29 -100431268.1519999951124191
28 29 -411768199.4240000247955322
29 29 118560149.3480000048875809
32 29 -220955086.7240000069141388
33 29 -17958881.1953999996185303
36 29 190813112.7010000050067902
26 30 -100431268.1519999951124191
27 30 411768199.4240000247955322
30 30 118560149.3480000048875809
31 30 220955086.7240000069141388
34 30 -17958881.1953999996185303
35 30 -190813112.7010000050067902
26 31 -411768199.4240000247955322
27 31 -1089530870.1700000762939453
30 31 220955086.7240000069141388
31 31 7565315898.4799995422363281
34 31 190813112.7010000050067902
35 31 955492851.8559999465942383
25 32 411768199.4240000247955322
28 32 -1089530870.1700000762939453
29 32 -220955086.7240000069141388
32 32 7565315898.4799995422363281
33 32 -190813112.7010000050067902
36 32 955492851.8559999465942383
29 33 -17958881.1953999996185303
32 33 -190813112.7010000050067902
33 33 207459981.9860000014305115
36 33 229121326.6509999930858612
37 33 -189501100.7899999916553497
40 33 419934439.3510000109672546
30 34 -17958881.1953999996185303
31 34 190813112.7010000050067902
34 34 207459981.9860000014305115
35 34 -229121326.6509999930858612
38 34 -189501100.7899999916553497
39 34 -419934439.3510000109672546
30 35 -190813112.7010000050067902
31 35 955492851.8559999465942383
34 35 -229121326.6509999930858612
35 35 8533651124.3500003814697266
38 35 419934439.3510000109672546
39 35 -3573215896.1199998855590820
29 36 190813112.7010000050067902
32 36 955492851.8559999465942383
33 36 229121326.6509999930858612
36 36 8533651124.3500003814697266
37 36 -419934439.3510000109672546
40 36 -3573215896.1199998855590820
33 37 -189501100.7899999916553497
36 37 -419934439.3510000109672546
37 37 189831384.1750000119209290
40 37 -405856110.0659999847412109
41 37 -330283.3849819999886677
44 37 14078329.2849000003188848
34 38 -189501100.7899999916553497
35 38 419934439.3510000109672546
38 38 189831384.1750000119209290
39 38 405856110.0659999847412109
42 38 -330283.3849819999886677
43 38 -14078329.2849000003188848
34 39 -419934439.3510000109672546
35 39 -3573215896.1199998855590820
38 39 405856110.0659999847412109
39 39 6241431243.1899995803833008
42 39 14078329.2849000003188848
43 39 393111659.6669999957084656
33 40 419934439.3510000109672546
36 40 -3573215896.1199998855590820
37 40 -405856110.0659999847412109
40 40 6241431243.1899995803833008
41 40 -14078329.2849000003188848
44 40 393111659.6669999957084656
37 41 -330283.3849819999886677
40 41 -14078329.2849000003188848
41 41 42437449.2280000001192093
44 41 257197086.6590000092983246
45 41 -42107165.8430000022053719
48 41 271275415.9440000057220459
38 42 -330283.3849819999886677
39 42 14078329.2849000003188848
42 42 42437449.2280000001192093
43 42 -257197086.6590000092983246
46 42 -42107165.8430000022053719
47 42 -271275415.9440000057220459
38 43 -14078329.2849000003188848
39 43 393111659.6669999957084656
42 43 -257197086.6590000092983246
43 43 4057458593.9800000190734863
46 43 271275415.9440000057220459
47 43 244991052.3160000145435333
37 44 14078329.2849000003188848
40 44 393111659.6669999957084656
41 44 257197086.6590000092983246
44 44 4057458593.9800000190734863
45 44 -271275415.9440000057220459
48 44 244991052.3160000145435333
41 45 -42107165.8430000022053719
44 45 -271275415.9440000057220459
45 45 43166557.6567000001668930
48 45 -250959150.0349999964237213
49 45 -550091.8136820000363514
52 45 20316265.9087999984622002
42 46 -42107165.8430000022053719
43 46 271275415.9440000057220459
46 46 43166557.6567000001668930
47 46 250959150.0349999964237213
50 46 -550091.8136820000363514
51 46 -20316265.9087999984622002
42 47 -271275415.9440000057220459
43 47 244991052.3160000145435333
46 47 250959150.0349999964237213
47 47 4262854087.3000001907348633
50 47 20316265.9087999984622002
51 47 488199576.1710000038146973
41 48 271275415.9440000057220459
44 48 244991052.3160000145435333
45 48 -250959150.0349999964237213
48 48 4262854087.3000001907348633
49 48 -20316265.9087999984622002
52 48 488199576.1710000038146973
45 49 -550091.8136820000363514
48 49 -20316265.9087999984622002
49 49 583761.4250649999594316
52 49 -17216557.3108000010251999
53 49 -33669.6113831999973627
56 49 3099708.5979700000025332
46 50 -550091.8136820000363514
47 50 20316265.9087999984622002
50 50 583761.4250649999594316
51 50 17216557.3108000010251999
54 50 -33669.6113831999973627
55 50 -3099708.5979700000025332
46 51 -20316265.9087999984622002
47 51 488199576.1710000038146973
50 51 17216557.3108000010251999
51 51 1393658877.8800001144409180
54 51 3099708.5979700000025332
55 51 189536372.9020000100135803
45 52 20316265.9087999984622002
48 52 488199576.1710000038146973
49 52 -17216557.3108000010251999
52 52 1393658877.8800001144409180
53 52 -3099708.5979700000025332
56 52 189536372.9020000100135803
49 53 -33669.6113831999973627
52 53 -3099708.5979700000025332
53 53 38798237.6696999967098236
56 53 255072314.6699999868869781
57 53 -38764568.0583000034093857
60 53 258172023.2680000066757202
50 54 -33669.6113831999973627
51 54 3099708.5979700000025332
54 54 38798237.6696999967098236
55 54 -255072314.6699999868869781
58 54 -38764568.0583000034093857
59 54 -258172023.2680000066757202
50 55 -3099708.5979700000025332
51 55 189536372.9020000100135803
54 55 -255072314.6699999868869781
55 55 3510285309.8299999237060547
58 55 258172023.2680000066757202
59 55 309763512.8040000200271606
49 56 3099708.5979700000025332
52 56 189536372.9020000100135803
53 56 255072314.6699999868869781
56 56 3510285309.8299999237060547
57 56 -258172023.2680000066757202
60 56 309763512.8040000200271606
53 57 -38764568.0583000034093857
56 57 -258172023.2680000066757202
57 57 40183435.6163000017404556
60 57 -230234655.7240000069141388
61 57 -909567.5580230000196025
64 57 27937367.5447000004351139
54 58 -38764568.0583000034093857
55 58 258172023.2680000066757202
58 58 40183435.6163000017404556
59 58 230234655.7240000069141388
62 58 -909567.5580230000196025
63 58 -27937367.5447000004351139
54 59 -258172023.2680000066757202
55 59 309763512.8040000200271606
58 59 230234655.7240000069141388
59 59 4292844182.1900000572204590
62 59 27937367.5447000004351139
63 59 552436143.2070000171661377
53 60 258172023.2680000066757202
56 60 309763512.8040000200271606
57 60 -230234655.7240000069141388
60 60 4292844182.1900000572204590
61 60 -27937367.5447000004351139
64 60 552436143.2070000171661377
57 61 -909567.5580230000196025
60 61 -27937367.5447000004351139
61 61 3409726.0697800000198185
64 61 24565961.2021999992430210
65 61 -2500158.5117600001394749
68 61 52503328.7468999996781349
58 62 -909567.5580230000196025
59 62 27937367.5447000004351139
62 62 3409726.0697800000198185
63 62 -24565961.2021999992430210
66 62 -2500158.5117600001394749
67 62 -52503328.7468999996781349
58 63 -27937367.5447000004351139
59 63 552436143.2070000171661377
62 63 -24565961.2021999992430210
63 63 2686440534.4600000381469727
66 63 52503328.7468999996781349
67 63 682455617.9709999561309814
57 64 27937367.5447000004351139
60 64 552436143.2070000171661377
61 64 24565961.2021999992430210
64 64 2686440534.4600000381469727
65 64 -52503328.7468999996781349
68 64 682455617.9709999561309814
61 65 -2500158.5117600001394749
64 65 -52503328.7468999996781349
65 65 8801000.2500599995255470
68 65 42009297.3276000022888184
69 65 -6300841.7383000003173947
72 65 94512626.0744999945163727
62 66 -2500158.5117600001394749
63 66 52503328.7468999996781349
66 66 8801000.2500599995255470
67 66 -42009297.3276000022888184
70 66 -6300841.7383000003173947
71 66 -94512626.0744999945163727
62 67 -52503328.7468999996781349
63 67 682455617.9709999561309814
66 67 -42009297.3276000022888184
67 67 3547183580.5199999809265137
70 67 94512626.0744999945163727
71 67 810879391.1169999837875366
61 68 52503328.7468999996781349
64 68 682455617.9709999561309814
65 68 42009297.3276000022888184
68 68 3547183580.5199999809265137
69 68 -94512626.0744999945163727
72 68 810879391.1169999837875366
65 69 -6300841.7383000003173947
68 69 -94512626.0744999945163727
69 69 12601683.4766000006347895
73 69 -6300841.7383000003173947
76 69 94512626.0744999945163727
66 70 -6300841.7383000003173947
67 70 94512626.0744999945163727
70 70 12601683.4766000006347895
74 70 -6300841.7383000003173947
75 70 -94512626.0744999945163727
66 71 -94512626.0744999945163727
67 71 810879391.1169999837875366
71 71 4048998782.2300000190734863
74 71 94512626.0744999945163727
75 71 810879391.1169999837875366
65 72 94512626.0744999945163727
68 72 810879391.1169999837875366
72 72 4048998782.2300000190734863
73 72 -94512626.0744999945163727
76 72 810879391.1169999837875366
69 73 -6300841.7383000003173947
72 73 -94512626.0744999945163727
73 73 28373429.0472000017762184
76 73 170358421.6329999864101410
77 73 -22072587.3088999986648560
80 73 264871047.7069999873638153
70 74 -6300841.7383000003173947
71 74 94512626.0744999945163727
74 74 28373429.0472000017762184
75 74 -170358421.6329999864101410
78 74 -22072587.3088999986648560
79 74 -264871047.7069999873638153
70 75 -94512626.0744999945163727
71 75 810879391.1169999837875366
74 75 -170358421.6329999864101410
75 75 6930451963.6099996566772461
78 75 264871047.7069999873638153
79 75 1450952572.4900000095367432
69 76 94512626.0744999945163727
72 76 810879391.1169999837875366
73 76 170358421.6329999864101410
76 76 6930451963.6099996566772461
77 76 -264871047.7069999873638153
80 76 1450952572.4900000095367432
73 77 -22072587.3088999986648560
76 77 -264871047.7069999873638153
77 77 23543789.2870000004768372
80 77 -235520568.2450000047683716
81 77 -1471201.9780699999537319
84 77 29350479.4624999985098839
74 78 -22072587.3088999986648560
75 78 264871047.7069999873638153
78 78 23543789.2870000004768372
79 78 235520568.2450000047683716
82 78 -1471201.9780699999537319
83 78 -29350479.4624999985098839
74 79 -264871047.7069999873638153
75 79 1450952572.4900000095367432
78 79 235520568.2450000047683716
79 79 5710148773.1000003814697266
82 79 29350479.4624999985098839
83 79 366887929.9390000104904175
73 80 264871047.7069999873638153
76 80 1450952572.4900000095367432
77 80 -235520568.2450000047683716
80 80 5710148773.1000003814697266
81 80 -29350479.4624999985098839
84 80 366887929.9390000104904175
77 81 -1471201.9780699999537319
80 81 -29350479.4624999985098839
81 81 9441904.9892299994826317
84 81 -27046371.9897999987006187
85 81 -30703.0111633999986225
88 81 2304107.4727599998004735
78 82 -1471201.9780699999537319
79 82 29350479.4624999985098839
82 82 29001904.9891999997198582
83 82 27046371.9897999987006187
86 82 -30703.0111633999986225
87 82 -2304107.4727599998004735
78 83 -29350479.4624999985098839
79 83 366887929.9390000104904175
82 83 27046371.9897999987006187
83 83 1035235069.6299999952316284
86 83 2304107.4727599998004735
87 83 114784621.5670000016689301
77 84 29350479.4624999985098839
80 84 366887929.9390000104904175
81 84 -27046371.9897999987006187
84 84 1035235069.6299999952316284
85 84 -2304107.4727599998004735
88 84 114784621.5670000016689301
81 85 -30703.0111633999986225
84 85 -2304107.4727599998004735
85 85 112445.9436430000059772
88 85 2110419.5957999997772276
89 85 -81742.9324796000000788
92 85 4414527.0685599995777011
82 86 -30703.0111633999986225
83 86 2304107.4727599998004735
86 86 112445.9436430000059772
87 86 -2110419.5957999997772276
90 86 -81742.9324796000000788
91 86 -4414527.0685599995777011
82 87 -2304107.4727599998004735
83 87 114784621.5670000016689301
86 87 -2110419.5957999997772276
87 87 550218479.9240000247955322
90 87 4414527.0685599995777011
91 87 157633457.7709999978542328
81 88 2304107.4727599998004735
84 88 114784621.5670000016689301
85 88 2110419.5957999997772276
88 88 550218479.9240000247955322
89 88 -4414527.0685599995777011
92 88 157633457.7709999978542328
85 89 -81742.9324796000000788
88 89 -4414527.0685599995777011
89 89 7356558.7952500004321337
92 89 74699095.4389999955892563
93 89 -7274815.8627699995413423
96 89 79113622.5075999945402145
86 90 -81742.9324796000000788
87 90 4414527.0685599995777011
90 90 7356558.7952500004321337
91 90 -74699095.4389999955892563
94 90 -7274815.8627699995413423
95 90 -79113622.5075999945402145
86 91 -4414527.0685599995777011
87 91 157633457.7709999978542328
90 91 -74699095.4389999955892563
91 91 1603747152.2300000190734863
94 91 79113622.5075999945402145
95 91 436153748.2189999818801880
85 92 4414527.0685599995777011
88 92 157633457.7709999978542328
89 92 74699095.4389999955892563
92 92 1603747152.2300000190734863
93 92 -79113622.5075999945402145
96 92 436153748.2189999818801880
89 93 -7274815.8627699995413423
92 93 -79113622.5075999945402145
93 93 34924194.7964999973773956
96 93 77105368.4680999964475632
97 93 -27649378.9338000006973743
100 93 156218990.9760000109672546
90 94 -7274815.8627699995413423
91 94 79113622.5075999945402145
94 94 34924194.7964999973773956
95 94 -77105368.4680999964475632
98 94 -27649378.9338000006973743
99 94 -156218990.9760000109672546
90 95 -79113622.5075999945402145
91 95 436153748.2189999818801880
94 95 -77105368.4680999964475632
95 95 2983709265.1100001335144043
98 95 156218990.9760000109672546
99 95 66132874.2340999990701675
89 96 79113622.5075999945402145
92 96 436153748.2189999818801880
93 96 77105368.4680999964475632
96 96 2983709265.1100001335144043
97 96 -156218990.9760000109672546
100 96 66132874.2340999990701675
93 97 -27649378.9338000006973743
96 97 -156218990.9760000109672546
97 97 48551840.7075000032782555
100 97 -53359540.8224999979138374
101 97 -11655461.7737000007182360
104 97 102859450.1529999971389771
94 98 -27649378.9338000006973743
95 98 156218990.9760000109672546
98 98 52768840.7075000032782555
99 98 53359540.8224999979138374
102 98 -11655461.7737000007182360
103 98 -102859450.1529999971389771
94 99 -156218990.9760000109672546
95 99 66132874.2340999990701675
98 99 53359540.8224999979138374
99 99 3129624246.7500000000000000
102 99 102859450.1529999971389771
103 99 384986772.2490000128746033
93 100 156218990.9760000109672546
96 100 66132874.2340999990701675
97 100 -53359540.8224999979138374
100 100 3129624246.7500000000000000
101 100 -102859450.1529999971389771
104 100 384986772.2490000128746033
97 101 -11655461.7737000007182360
100 101 -102859450.1529999971389771
101 101 22825330.2171999998390675
104 101 -2330634.1623800001107156
105 101 -11169868.4433999992907047
108 101 100528815.9909999966621399
98 102 -11655461.7737000007182360
99 102 102859450.1529999971389771
102 102 22825330.2171999998390675
103 102 2330634.1623800001107156
106 102 -11169868.4433999992907047
107 102 -100528815.9909999966621399
98 103 -102859450.1529999971389771
99 103 384986772.2490000128746033
102 103 2330634.1623800001107156
103 103 2847825200.2100000381469727
106 103 100528815.9909999966621399
107 103 392176010.5849999785423279
97 104 102859450.1529999971389771
100 104 384986772.2490000128746033
101 104 -2330634.1623800001107156
104 104 2847825200.2100000381469727
105 104 -100528815.9909999966621399
108 104 392176010.5849999785423279
101 105 -11169868.4433999992907047
104 105 -100528815.9909999966621399
105 105 80076045.1004000008106232
108 105 102312384.6430000066757202
109 105 -59659176.6569999977946281
112 105 202841200.6340000033378601
102 106 -11169868.4433999992907047
103 106 100528815.9909999966621399
106 106 84293045.1004000008106232
107 106 -102312384.6430000066757202
110 106 -59659176.6569999977946281
111 106 -202841200.6340000033378601
102 107 -100528815.9909999966621399
103 107 392176010.5849999785423279
106 107 -102312384.6430000066757202
107 107 3463840994.6999998092651367
110 107 202841200.6340000033378601
111 107 -667178153.1399999856948853
101 108 100528815.9909999966621399
104 108 392176010.5849999785423279
105 108 102312384.6430000066757202
108 108 3463840994.6999998092651367
109 108 -202841200.6340000033378601
112 108 -667178153.1399999856948853
105 109 -59659176.6569999977946281
108 109 -202841200.6340000033378601
109 109 59659176.6569999977946281
112 109 -202841200.6340000033378601
106 110 -59659176.6569999977946281
107 110 202841200.6340000033378601
110 110 59659176.6569999977946281
111 110 202841200.6340000033378601
106 111 -202841200.6340000033378601
107 111 -667178153.1399999856948853
110 111 202841200.6340000033378601
111 111 2046498317.4500000476837158
105 112 202841200.6340000033378601
108 112 -667178153.1399999856948853
109 112 -202841200.6340000033378601
112 112 2046498317.4500000476837158
