320 320 3934
1 1 0.9999999999511747
192 1 0.4677071733442226
206 1 0.0816278935558109
208 1 0.1013051123219923
212 1 0.1048284837026613
213 1 0.0859300078275193
214 1 -0.3671691680974353
222 1 -0.0012939593852224
225 1 0.0307055148260809
226 1 -0.1118094450735609
308 1 -0.4184089914813424
316 1 -0.1836414358489481
319 1 -0.0288487322443864
320 1 -0.0989887847086519
2 2 1.0000000000001881
192 2 0.1581138830114419
193 2 0.0632455531866882
206 2 0.0386333704651500
208 2 0.0479463301557970
213 2 0.0290496446904250
214 2 -0.0849224320283598
222 2 0.0094657314996605
226 2 0.0335872482078931
227 2 -0.0000000000536656
308 2 -0.0294314505248588
316 2 0.0309270673816145
320 2 0.0153963695229415
3 3 1.0000000001474996
193 3 0.0426401432630175
194 3 0.3767052875336740
213 3 0.0391705329126663
214 3 -0.0280072451659197
215 3 0.0701003601906482
226 3 0.0158391246747707
228 3 0.0000000000603023
308 3 -0.0251406556052469
309 3 0.4469203360355035
320 3 0.0090234378966335
4 4 1.0000000000000000
193 4 0.1414213562000000
206 4 0.0431934212800000
208 4 0.0536056267500000
214 4 -0.0864161592350000
222 4 0.0106020944200000
308 4 -0.0195026118600000
316 4 0.0407906962200000
5 5 1.0000000000000000
193 5 0.0707106781000000
206 5 0.0863868425600000
208 5 0.0536056267500000
214 5 -0.0412525841300000
222 5 -0.0065842905200000
230 5 0.0000000001500000
308 5 -0.0006653924635000
316 5 0.0738215417300000
6 6 1.0000000000001881
193 6 0.1897366595600646
208 6 0.0958926603115939
214 6 -0.0804759809722886
222 6 0.0515092117811171
231 6 -0.0000000001341640
308 6 0.0595421824066728
316 6 0.0630416017305657
7 7 1.0000000000000000
193 7 0.1414213562000000
214 7 -0.0281558797900000
308 7 0.0517094743300000
8 8 0.9999999998000002
193 8 0.0471404520619526
206 8 0.0575912283675742
207 8 0.1270001269873000
208 8 0.0714741689928526
213 8 0.0216523267478348
214 8 -0.0082839222358383
222 8 0.0441866137589147
226 8 0.0169650616949702
232 8 -0.0000000000433334
308 8 0.0320499725901283
316 8 0.2205663201246100
320 8 0.0280420396238625
9 9 1.0000000000000000
193 9 0.1414213562000000
206 9 0.0863868425600000
214 9 -0.0177378089700000
222 9 -0.0171500360150000
308 9 -0.0196283684350000
316 9 0.0407682091350000
10 10 1.0000000000380493
193 10 0.0999999999755207
213 10 0.0459315212210495
214 10 -0.0125186845971331
226 10 0.0284289885632975
308 10 0.0192240694573008
320 10 0.0407321333027203
11 11 0.9999999998935079
193 11 0.0447213595358162
198 11 0.0745355992474423
206 11 0.1639075094072551
207 11 0.0401609664429263
208 11 0.0339031751843647
214 11 -0.0036367624558228
217 11 0.0127247284685668
222 11 -0.0206063736930237
235 11 -0.0000000000853815
308 11 -0.0245476038690838
311 11 -0.0768135425445634
316 11 0.0349271922277179
12 12 1.0000000000000000
193 12 0.0707106781000000
198 12 0.3535533906000000
214 12 -0.0036598690855000
217 12 -0.0630840930250000
236 12 -0.0000000000499999
308 12 -0.0483948543100000
311 12 -0.5803645719499999
13 13 1.0000000000359373
193 13 0.0408248290363495
198 13 0.4082482904789655
206 13 0.0498754668073540
207 13 0.1099853362678263
214 13 -0.0013538672972495
217 13 0.2366853449078537
222 13 0.0067507539845913
237 13 -0.0000000002020726
308 13 -0.0184015233509859
311 13 -0.2364659389133262
316 13 0.0292038143077956
14 14 1.0000000000359373
193 14 0.0408248290363495
197 14 0.2581988897518249
203 14 0.0440225453076601
206 14 0.0997509336147080
207 14 0.1466471150237684
214 14 -0.0006725706647463
217 14 -0.0667832544499296
220 14 -0.0178713192016599
222 14 0.0161669770469707
238 14 -0.0000000000866026
308 14 -0.0066059059065740
311 14 0.0995126302588228
314 14 0.1370013954078697
316 14 0.0906979852244177
15 15 1.0000000000380493
193 15 0.0999999999755207
206 15 0.0610847221806328
214 15 0.0009273099727769
222 15 -0.0057090501356849
308 15 0.0202227469114025
316 15 0.0446837307055403
16 16 1.0000000000359375
193 16 0.0816496580726991
206 16 0.0997509336147080
214 16 0.0018082887986712
222 16 -0.0053026044692397
240 16 -0.0000000003464102
308 16 0.0318650955444313
316 16 0.0872520452069394
17 17 1.0000000000000000
193 17 0.1414213562000000
214 17 0.0059641449910000
308 17 0.0873856509600000
18 18 1.0000000000359375
193 18 0.0816496580726991
213 18 0.0750058600675132
214 18 0.0047670627449651
226 18 0.0528015008174098
241 18 -0.0000000001154701
308 18 0.0616780718181510
320 18 0.1019274086716719
19 19 1.0000000000001881
193 19 0.0632455531866882
208 19 0.0479463301557970
213 19 0.0871489340712750
214 19 0.0046575431135353
222 19 0.0207969818887175
226 19 0.0582624721882027
242 19 0.0000000000000001
308 19 0.0676499994732510
316 19 0.0537437287726744
320 19 0.1414063511850724
20 20 1.0000000000000000
193 20 0.0707106781000000
208 20 0.0536056267500000
213 20 0.0649569802500000
214 20 0.0072302178700000
222 20 0.0231181385100000
226 20 0.0264963325925000
243 20 -0.0000000000500000
308 20 0.0714801945500000
316 20 0.0581579229000000
320 20 0.1021892513000000
21 21 1.0000000000000000
193 21 0.0707106781000000
208 21 0.0536056267500000
213 21 0.0649569802500000
214 21 0.0085451200150000
222 21 0.0230527046600000
226 21 0.0268316442324000
244 21 -0.0000000000500000
308 21 0.0630012984500000
316 21 0.0542159355500000
320 21 0.0956472867700000
22 22 0.9999999998000002
193 22 0.1414213561858579
208 22 0.0714741689928526
213 22 0.0866093069913391
214 22 0.0871059693746227
222 22 0.0301062299636560
226 22 0.0203468072799987
245 22 -0.0000000000666667
308 22 0.1014284698898571
316 22 0.0646707861868663
320 22 0.1148995716351767
23 23 1.0000000000000000
193 23 0.1414213562000000
213 23 0.0649569802500000
214 23 0.1210012245700000
226 23 0.0250761892050000
308 23 0.0844061871500000
320 23 0.0796355114950000
24 24 1.0000000000000000
193 24 0.1414213562000000
213 24 0.0649569802500000
214 24 0.1207652164650000
226 24 0.0250959134155000
308 24 0.0620892296350000
320 24 0.0710216761850000
25 25 0.9999999998935079
193 25 0.1788854381432650
208 25 0.0678063503687294
213 25 0.0821648030022545
214 25 0.1648263686353504
222 25 0.0261075512835290
226 25 0.0267750144293096
248 25 -0.0000000000632455
308 25 0.0592989518826853
316 25 0.0453195369772616
320 25 0.0824162000632941
26 26 1.0000000000000000
193 26 0.0707106781000000
213 26 0.0974354703750000
214 26 0.0378101214950000
226 26 0.0249546259100000
249 26 -0.0000000000500001
308 26 0.0062512198700000
320 26 0.0778741219650000
27 27 1.0000000000000000
193 27 0.1414213562000000
213 27 0.0649569802500000
214 27 0.0824307617800000
226 27 0.0181529901550000
308 27 -0.0039426525075000
320 27 0.0455867119300000
28 28 1.0000000000000000
193 28 0.0707106781000000
213 28 0.0974354703750000
214 28 0.0406422184200000
226 28 0.0335478083950000
251 28 -0.0000000000500001
308 28 -0.0078673755000000
320 28 0.0615434539000000
29 29 1.0000000000359375
193 29 0.0816496580726991
213 29 0.0750058600675132
214 29 0.0484479096945722
226 29 0.0268601376227157
252 29 -0.0000000001154701
308 29 0.0095025708012559
320 29 0.0617132876326840
30 30 1.0000000000000000
193 30 0.1414213562000000
213 30 0.0649569802500000
214 30 0.0909270525300000
226 30 0.0237415174050000
308 30 0.0397867824600000
320 30 0.0624507329100000
31 31 1.0000000000000000
193 31 0.1414213562000000
213 31 0.0649569802500000
214 31 0.0914664995650000
226 31 0.0238006900400000
308 31 0.0397916192500000
320 31 0.0624525977800000
32 32 1.0000000000359375
193 32 0.0816496580726991
213 32 0.0750058600675132
214 32 0.0551440823181037
226 32 0.0280520586166124
255 32 -0.0000000001154701
308 32 0.0663415853622385
320 32 0.1055622914722232
33 33 1.0000000000000000
193 33 0.0707106781000000
213 33 0.0974354703750000
214 33 0.0504196958500000
226 33 0.0316608586000000
256 33 -0.0000000000500001
308 33 0.0728151491000000
320 33 0.1548876653500000
34 34 1.0000000000000000
193 34 0.0707106781000000
213 34 0.0974354703750000
214 34 0.0513974436000000
226 34 0.0315162143650000
257 34 -0.0000000000500001
308 34 0.0906338902500000
320 34 0.1754870212000000
35 35 1.0000000000000000
193 35 0.1414213562000000
214 35 0.1094031134000000
308 35 0.1165998736000000
36 36 1.0000000000359375
193 36 0.0816496580726991
213 36 0.0750058600675132
214 36 0.0647211663838888
226 36 0.0080627085113354
258 36 -0.0000000001154701
308 36 0.0424264178107248
320 36 0.0870734859241204
37 37 1.0000000000001881
193 37 0.0632455531866882
208 37 0.0958926603115939
213 37 0.0580992893808500
214 37 0.0783286653905104
222 37 0.0403966232015042
226 37 0.0032050643563234
259 37 -0.0000000000894428
308 37 0.0519806546892074
316 37 0.0929356534287380
320 37 0.0822102168940142
38 38 0.9999999996207338
194 38 0.6333682398487760
201 38 0.2513123448814569
202 38 0.2167774923298443
213 38 0.0210748272930393
215 38 -0.3066385472343591
219 38 0.2557050922661755
226 38 0.0085197528969900
260 38 0.0000000000486667
309 38 -0.2234055660303734
313 38 0.1162518276480060
320 38 -0.0033737368655057
39 39 0.9999999997003904
194 39 0.1515108038040708
196 39 0.5965587590453879
203 39 0.0369863360593169
207 39 0.0308020551770244
215 39 0.2089793926494045
216 39 0.2484176549401701
220 39 -0.0583263299804376
222 39 0.0035235879351617
261 39 0.0000000001455214
309 39 0.2633864934941202
310 39 0.4164236355661112
314 39 0.0763758666516459
316 39 0.0053642609321641
40 40 1.0000000000000000
194 40 0.3123475238000000
215 40 0.3980531264000000
309 40 -0.5955364979000000
41 41 0.9999999996105974
195 41 0.2964997265994732
205 41 0.0524142418273765
206 41 0.1016511221181563
208 41 0.0630775700269390
210 41 0.2365249583670250
212 41 0.1631784879857684
216 41 -0.2486804455587695
221 41 0.2160284355745457
222 41 -0.1110258151357580
224 41 -0.2239230831209715
225 41 -0.2579729861078816
262 41 0.0000000000431456
310 41 -0.1963173138750695
315 41 -0.0108966732155203
316 41 -0.1540862977504918
318 41 -0.0143928376681188
319 41 -0.0298324065881445
42 42 0.9999999996871367
195 42 0.2314550249012804
205 42 0.0727392967360139
206 42 0.1058018423645219
208 42 0.0656532164295240
210 42 0.1846372364537329
212 42 0.1415346292905276
216 42 -0.1941261106018462
221 42 0.2997825647560302
222 42 -0.1156060803847049
224 42 -0.1747708507024052
225 42 -0.2236436646972298
263 42 -0.0000000000040825
310 42 -0.2154279046165258
315 42 -0.0789804995610717
316 42 -0.2106963398968392
318 42 -0.2838894388474168
319 42 -0.0623574444539433
43 43 1.0000000000001881
196 43 0.2000000000447590
206 43 0.0772667409303000
207 43 0.0567961834246266
216 43 0.0390391392472845
222 43 -0.0226909537011200
264 43 -0.0000000000447214
310 43 0.2078234212358991
316 43 0.0572566856188182
44 44 0.9999999998935079
196 44 0.4949747469149541
203 44 0.0482242822041630
213 44 0.0410824015011272
216 44 0.3502222122999977
220 44 -0.0746687431535834
226 44 0.0161839164700515
265 44 0.0000000000316228
310 44 -0.0396117115239844
314 44 -0.0390489154538220
320 44 -0.0093860677202011
45 45 1.0000000001474996
197 45 0.4045199175078166
198 45 0.5685352436677067
217 45 -0.1515483589897453
311 45 0.5662549071272120
46 46 1.0000000004474012
199 46 0.6067798763974050
200 46 0.4719399038646483
206 46 0.0386333704737887
208 46 0.0239731650832590
213 46 0.0145248223484603
218 46 -0.0754033370549592
222 46 -0.0044235802809862
226 46 0.0171405809457676
266 46 0.0000000001565248
312 46 0.4664591107599392
316 46 0.0041990114232121
320 46 0.0024506863750865
47 47 1.0000000000359375
199 47 0.1740776559716640
213 47 0.0750058600675132
218 47 -0.1923036386983929
226 47 0.0236563754779502
267 47 0.0000000001732051
312 47 -0.2282729293963749
320 47 -0.0043821464214378
48 48 0.9999999999070242
199 48 0.0805822964047349
200 48 0.3223291856189395
201 48 0.1380131118368462
202 48 0.3571428571096516
213 48 0.0347209664233775
218 48 0.1791435125562811
219 48 -0.0331899238652900
226 48 0.0141417994374847
268 48 -0.0000000000053451
312 48 -0.4518554423496042
313 48 0.2894735032336851
320 48 -0.0011802500238009
49 49 0.9999999998000002
201 49 0.1721325931161201
206 49 0.1151824567351484
208 49 0.0357370844964263
213 49 0.0433046534956695
219 49 -0.1895103816810489
222 49 -0.0614266406071907
226 49 0.0163448909816988
269 49 -0.0000000000666665
313 49 0.0407010483625966
316 49 -0.0331084802866892
320 49 -0.0071959385792804
50 50 1.0000000000359373
201 50 0.1490711984754361
204 50 0.0440225453076601
205 50 0.1543033499692383
206 50 0.0249377334036770
213 50 0.0375029300337566
219 50 -0.0977776277479715
221 50 -0.0200461322196480
222 50 -0.0136358510542626
226 50 -0.0181026944322570
270 50 -0.0000000000317542
313 50 -0.0641656527143055
315 50 0.2421587222353218
316 50 -0.0112239990538362
320 50 -0.0153093824641873
51 51 1.0000000000359375
201 51 0.1490711984754361
213 51 0.0750058600675132
219 51 -0.0992492158728161
226 51 -0.0353019583050927
313 51 -0.1261450602079047
320 51 -0.0419433198228606
52 52 1.0000000000380493
201 52 0.3651483716103617
219 52 0.3711966206356430
313 52 0.0906858398863279
53 53 1.0000000000359373
202 53 0.0771516749788457
204 53 0.2641352718459604
205 53 0.1028688999794922
206 53 0.0249377334036770
219 53 -0.0671951491800930
221 53 -0.0619574096108961
222 53 -0.0140419672328058
272 53 -0.0000000000577351
313 53 -0.1376828120527301
315 53 0.0138824914585976
316 53 -0.0228618966358681
54 54 0.9999999999090349
202 54 0.1482498633185857
204 54 0.2537729605968885
205 54 0.1235415527747331
219 54 -0.1250465416336295
221 54 -0.0618758214675905
273 54 0.0000000001109400
313 54 -0.1625806250107767
315 54 0.1908839204596054
55 55 0.9999999998000002
202 55 0.0890870806244246
204 55 0.1016657135231668
205 55 0.1781741612621826
219 55 -0.0714193375261914
221 55 -0.0339770162784690
274 55 -0.0000000000666667
313 55 -0.1820604420817939
315 55 -0.0462510588887082
56 56 0.9999999999070242
203 56 0.2852987010044672
206 56 0.0461757096528108
207 56 0.1018266349904332
213 56 0.0347209664233775
220 56 -0.0191255966405769
222 56 0.0210156270155302
226 56 0.0136919632510206
275 56 0.0000000001069045
314 56 0.1554470095415237
316 56 -0.0036095502223459
320 56 0.0018650199067778
57 57 1.0000000000359375
203 57 0.2641352718459604
220 57 -0.2711192486712108
314 57 -0.1965544235298532
58 58 1.0000000002566360
203 58 0.6647258570574293
220 58 0.1725960658600245
314 58 -0.3367976767192242
59 59 1.0000000000000000
203 59 0.1524985703000000
220 59 -0.0664290164500000
314 59 0.2633552097000000
60 60 1.0000000000359375
203 60 0.2641352718459604
220 60 0.0587698728853721
314 60 0.4568221292681409
61 61 1.0000000000001881
203 61 0.0681994339324725
208 61 0.0479463301557970
213 61 0.0871489340712750
220 61 -0.0240149098955602
222 61 0.0169586640440170
226 61 0.0531874933538430
276 61 0.0000000000447213
314 61 0.0690250233682929
316 61 0.0022039941601019
320 61 0.0131945867705650
62 62 1.0000000001770344
203 62 0.0622572806286691
208 62 0.0437688109637371
213 62 0.1060743045724191
220 62 -0.0215825211966846
222 62 0.0154276448899954
226 62 0.0410619787689416
277 62 -0.0000000000816497
314 62 0.0665185082707429
316 62 0.0023865191367878
320 62 0.0172897414037049
63 63 0.9999999999511741
203 63 0.2881952087834648
213 63 0.0491028616157253
220 63 0.1506353459010119
226 63 0.0192987496690338
278 63 -0.0000000001133893
314 63 -0.3065309150140310
320 63 -0.0138405560439358
64 64 0.9999999998935079
204 64 0.0964485644083259
205 64 0.1690308509414943
213 64 0.0410824015011272
221 64 -0.0322570902938160
226 64 -0.0196350714040043
315 64 -0.0644219775085485
320 64 -0.0434567663597780
65 65 0.9999999998000002
204 65 0.0508328567615834
205 65 0.2375655483495767
221 65 -0.0353361258565330
315 65 -0.0488588949484474
66 66 1.0000000002471585
204 66 0.1699096415212498
205 66 0.3474041669426049
206 66 0.0320832678904187
221 66 -0.0667897743801891
222 66 -0.0178305682037166
280 66 0.0000000001652687
315 66 -0.3767187857524812
316 66 -0.0397993874286888
67 67 0.9999999998935079
204 67 0.1928971288166518
205 67 0.1690308509414943
221 67 -0.0681785533162323
315 67 0.2887453020879775
68 68 0.9999999998935079
204 68 0.1928971288166518
205 68 0.1690308509414943
221 68 -0.0681454259073669
315 68 0.3190765736531017
69 69 0.9999999998935079
204 69 0.0964485644083259
205 69 0.1690308509414943
213 69 0.0410824015011272
221 69 -0.0581674540844752
226 69 -0.0324424178960537
315 69 0.2814698490787216
320 69 -0.0183427916933211
70 70 1.0000000000380493
204 70 0.2156655463648698
205 70 0.1259881576757105
221 70 -0.0494985774816548
315 70 -0.2775192828294526
71 71 0.9999999996346917
204 71 0.1968748076614870
205 71 0.2300218530786236
221 71 -0.0581666301566088
315 71 -0.2904147218257413
72 72 1.0000000001770344
205 72 0.1454785935076626
213 72 0.0530371522862095
221 72 -0.0333267144015356
226 72 -0.0418722449160130
315 72 0.2105305560739779
320 72 -0.0194916042718259
73 73 0.9999999999511741
205 73 0.1683587574260305
213 73 0.0491028616157253
221 73 -0.0386544377091708
226 73 -0.0387860460990204
283 73 -0.0000000001133893
315 73 0.2307186144942235
320 73 -0.0195329623621896
74 74 1.0000000000000000
205 74 0.0890870806400000
213 74 0.0649569802500000
221 74 -0.0203223100150000
226 74 -0.0512893919400000
315 74 0.1110215472000000
320 74 -0.0290435273400000
75 75 0.9999999998935079
205 75 0.2817180849024905
221 75 -0.0350464150595801
315 75 -0.1087815650360591
76 76 1.0000000000000000
205 76 0.1781741612800000
221 76 -0.0196593367495000
315 76 -0.1592897162950000
77 77 0.9999999999511741
205 77 0.2020305089112366
206 77 0.0326511574223244
221 77 -0.0145013111119296
222 77 -0.0180245806056681
285 77 -0.0000000001511858
315 77 -0.0767347618750126
316 77 -0.0350294426578004
78 78 1.0000000000000000
206 78 0.0431934212800000
208 78 0.0536056267500000
213 78 0.0649569802500000
222 78 -0.0013750260250000
226 78 0.0051218595750000
316 78 -0.0988316624100000
320 78 -0.0762639048900000
79 79 1.0000000000380493
206 79 0.0610847221806328
208 79 0.0758098043708022
222 79 -0.0019175903641462
316 79 -0.1441004486351502
80 80 1.0000000000380493
206 80 0.0610847221806328
208 80 0.0758098043708022
222 80 -0.0019021674601516
316 80 -0.1133451682460679
81 81 1.0000000000380493
206 81 0.0610847221806328
208 81 0.0758098043708022
222 81 -0.0018636102001650
316 81 -0.1083268834205242
82 82 1.0000000000380493
206 82 0.0610847221806328
208 82 0.0758098043708022
222 82 -0.0018713216592334
316 82 -0.1015245315508106
83 83 1.0000000000380493
206 83 0.0610847221806328
208 83 0.0758098043708022
222 83 -0.0018520430221690
316 83 -0.0887085063035833
84 84 1.0000000000380493
206 84 0.0610847221806328
208 84 0.0758098043708022
222 84 -0.0018481872961703
316 84 -0.0802429332962518
85 85 1.0000000000000000
206 85 0.0863868425600000
222 85 -0.0716264401900000
316 85 -0.0488203682200000
86 86 1.0000000000380493
206 86 0.0610847221806328
208 86 0.0758098043708022
222 86 -0.0017672170431273
316 86 -0.0636234424882246
87 87 1.0000000000000000
206 87 0.0863868425600000
222 87 -0.0713210822400000
316 87 -0.0404821542500000
88 88 1.0000000000380493
206 88 0.0610847221806328
208 88 0.0758098043708022
222 88 -0.0016939582420817
316 88 -0.0521621633423015
89 89 1.0000000000380493
206 89 0.0610847221806328
208 89 0.0758098043708022
222 89 -0.0016978139610093
316 89 -0.0352310173347096
90 90 0.9999999999511741
206 90 0.1306046296892975
208 90 0.0405220449287969
213 90 0.0491028616157253
222 90 -0.0714113340302432
226 90 0.0185085141502209
287 90 -0.0000000000755929
316 90 -0.0520974270220328
320 90 -0.0129890916033726
91 91 1.0000000000001881
206 91 0.0772667409303000
209 91 0.0845154254707963
213 91 0.0580992893808500
222 91 -0.0574439032053193
223 91 0.1037843155195597
226 91 0.0218878080239442
288 91 0.0000000000000000
316 91 -0.0517678082664738
317 91 0.1890362673914190
320 91 -0.0378567495540354
92 92 1.0000000000380493
206 92 0.0610847221806328
209 92 0.1336306209554922
211 92 0.2236067977423268
213 92 0.0459315212210495
222 92 -0.0453979700480935
223 92 0.1589036725310297
224 92 0.2047660765744460
226 92 0.0173503220116860
289 92 0.0000000000707107
316 92 -0.0581465860351226
317 92 -0.1206830734721951
318 92 0.0451132936097400
320 92 -0.0441963148948360
93 93 1.0000000000000000
206 93 0.0863868425600000
213 93 0.0649569802500000
222 93 -0.0642051513550000
226 93 0.0245370606950000
316 93 -0.1027646549000000
320 93 -0.0795199682050000
94 94 1.0000000000380493
206 94 0.0916270832709492
209 94 0.0668153104777461
210 94 0.1066003581876950
211 94 0.1118033988711634
213 94 0.0459315212210495
222 94 -0.0682560037890306
223 94 0.0740416917486522
224 94 0.0993863391797917
226 94 0.0173410239146022
291 94 -0.0000000000707107
316 94 -0.1026086498168357
317 94 -0.1851152804429936
318 94 -0.1202037896723173
320 94 -0.0526832257190315
95 95 1.0000000001474996
206 95 0.0520932261120282
209 95 0.2849014411631510
211 95 0.0953462589265142
213 95 0.0587557993689994
222 95 -0.0386398909283069
223 95 -0.0377012286475199
224 95 0.0700628325799365
226 95 -0.0033639361899684
292 95 -0.0000000000904534
316 95 -0.0487115845125800
317 95 -0.1996962692538621
318 95 0.0268413044717748
320 95 -0.0553525176068732
96 96 0.9999999999511741
206 96 0.0326511574223244
209 96 0.2142857142752516
213 96 0.0736542924235880
222 96 -0.0242342906380854
223 96 0.0624704375444340
226 96 -0.0171936778255191
293 96 -0.0000000000000001
316 96 -0.0259181693198269
317 96 0.1856695770814323
320 96 -0.0579595393281892
97 97 0.9999999999511741
206 97 0.0326511574223244
209 97 0.2857142857003355
213 97 0.0491028616157253
222 97 -0.0241600956299702
223 97 0.0865636282014178
226 97 0.0117890272070537
294 97 0.0000000000377965
316 97 -0.0306114950068508
317 97 -0.2117826635266256
320 97 -0.0464429039959759
98 98 1.0000000000000000
206 98 0.0863868425600000
222 98 -0.0632018323700000
316 98 -0.0906418632400000
99 99 1.0000000000000000
206 99 0.0431934212800000
208 99 0.0536056267500000
213 99 0.0649569802500000
222 99 0.0052528774100000
226 99 0.0244844627900000
316 99 -0.0053348283490000
320 99 0.0012680723835000
100 100 0.9999999996346917
206 100 0.1115249341684035
208 100 0.0553636532340905
212 100 0.1790287185335649
213 100 0.0503154605364445
222 100 -0.0275157788258735
225 100 0.1021969930248460
226 100 0.0056751509317769
316 100 0.0128137089359117
319 100 0.1264011915749570
320 100 0.0089940463900389
101 101 0.9999999999511741
206 101 0.0326511574223244
208 101 0.0405220449287969
213 101 0.1227571540393133
222 101 0.0077897840561606
226 101 0.0248380106488366
316 101 0.0039770100189459
320 101 0.0191021921022616
102 102 1.0000000000000000
206 102 0.0431934212800000
208 102 0.0536056267500000
213 102 0.0649569802500000
222 102 0.0103021892850000
226 102 0.0209604032550000
316 102 0.0031113236730000
320 102 0.0083508492865000
103 103 1.0000000000000000
206 103 0.0431934212800000
208 103 0.0536056267500000
213 103 0.0649569802500000
222 103 0.0103076421050000
226 103 0.0207302874250000
316 103 0.0008468734370000
320 103 0.0064691952840000
104 104 1.0000000000380493
206 104 0.0610847221806328
208 104 0.0758098043708022
222 104 0.0148393966574496
316 104 0.0075865915945541
105 105 1.0000000000000000
206 105 0.0863868425600000
222 105 -0.0400655145700000
316 105 0.0064798901610000
106 106 1.0000000000359375
206 106 0.0498754668073540
208 106 0.0618984460694944
213 106 0.0375029300337566
222 106 0.0121950213169711
226 106 0.0435735228790942
298 106 -0.0000000000577350
316 106 0.0287198079603191
320 106 0.0152296624874989
107 107 1.0000000000001881
206 107 0.0772667409303000
207 107 0.0567961834246266
208 107 0.0958926603115939
222 107 0.0303106662865363
316 107 0.0373620548707204
108 108 1.0000000000001881
206 108 0.0386333704651500
207 108 0.1135923668492533
208 108 0.0958926603115939
222 108 0.0523383188201943
316 108 0.0165168720565012
109 109 1.0000000000000000
206 109 0.0863868425600000
222 109 -0.0328950554900000
316 109 0.0567025630300000
110 110 1.0000000000359375
206 110 0.0498754668073540
207 110 0.1466471150237684
222 110 -0.0013568799308728
316 110 0.0484325735855595
111 111 1.0000000000359375
206 111 0.0498754668073540
207 111 0.1466471150237684
222 111 0.0027074300647487
316 111 -0.0411340572054478
112 112 1.0000000000359375
206 112 0.0498754668073540
207 112 0.1466471150237684
222 112 0.0107919754020221
316 112 -0.0035121254633677
113 113 1.0000000000000000
206 113 0.0431934212800000
207 113 0.1905001905000000
222 113 0.0165311215850000
316 113 0.0098183334695000
114 114 1.0000000000359375
206 114 0.0498754668073540
207 114 0.1466471150237684
222 114 0.0112295734544011
316 114 0.0062250713097312
115 115 1.0000000000001881
206 115 0.0772667409303000
207 115 0.1135923668492533
208 115 0.0479463301557970
222 115 0.0259602475792849
316 115 0.0433316132045088
116 116 1.0000000000001881
206 116 0.0772667409303000
207 116 0.0567961834246266
208 116 0.0958926603115939
222 116 0.0426864369735012
316 116 0.0183250367950890
117 117 1.0000000000001881
206 117 0.0772667409303000
207 117 0.0567961834246266
208 117 0.0958926603115939
222 117 0.0426132797074225
316 117 0.1106299359631371
118 118 1.0000000000001881
206 118 0.0772667409303000
207 118 0.0567961834246266
208 118 0.0958926603115939
222 118 0.0425888939505722
316 118 0.0850521484246942
119 119 1.0000000000001881
206 119 0.0772667409303000
207 119 0.0567961834246266
208 119 0.0958926603115939
222 119 0.0425645081981940
316 119 0.1284481021597448
120 120 1.0000000000000000
206 120 0.0431934212800000
207 120 0.0635000635000000
208 120 0.1072112535000000
222 120 0.0559659201350000
316 120 0.1789460064700000
121 121 1.0000000000359375
206 121 0.0498754668073540
207 121 0.1466471150237684
222 121 0.0179257681442599
316 121 -0.0579910922606181
122 122 1.0000000000359375
206 122 0.0498754668073540
207 122 0.1466471150237684
222 122 0.0151018440141398
316 122 0.0052669311490744
123 123 1.0000000000000000
206 123 0.0431934212800000
207 123 0.1905001905000000
222 123 0.0229572706550000
316 123 0.0324965664700000
124 124 1.0000000000359375
206 124 0.0498754668073540
207 124 0.1466471150237684
222 124 0.0191661539907087
316 124 0.0161336427455757
125 125 1.0000000000359375
206 125 0.0997509336147080
207 125 0.0733235575118842
222 125 -0.0010515057446779
316 125 0.0471135079957643
126 126 1.0000000000359375
206 126 0.0997509336147080
207 126 0.0733235575118842
222 126 0.0119064337571694
316 126 0.0260422141739146
127 127 1.0000000000380493
206 127 0.1221694443612655
222 127 -0.0032516717110045
316 127 0.1050424461448032
128 128 1.0000000000380493
206 128 0.1221694443612655
222 128 -0.0032208258987726
316 128 0.0686264895374000
129 129 1.0000000000380493
206 129 0.1221694443612655
222 129 -0.0027889845395461
316 129 0.0833124460102993
130 130 1.0000000000359375
206 130 0.0498754668073540
207 130 0.1466471150237684
222 130 0.0341830080825209
316 130 0.0575336068355072
131 131 1.0000000000001881
206 131 0.0386333704651500
207 131 0.1703885502738799
208 131 0.0479463301557970
222 131 0.0518432880017494
316 131 -0.0122971079657193
132 132 1.0000000000359375
206 132 0.0498754668073540
207 132 0.1466471150237684
222 132 0.0247321493864817
316 132 -0.0197044345474583
133 133 1.0000000000000000
207 133 0.1905001905000000
208 133 0.0536056267500000
222 133 0.0426555850610000
316 133 -0.0423584677450000
134 134 1.0000000000000000
207 134 0.1270001270000000
208 134 0.1072112535000000
222 134 0.0426773963400000
316 134 -0.0406292103150000
135 135 1.0000000000001881
207 135 0.1135923668492533
208 135 0.1438389904673909
222 135 0.0547110527882076
316 135 -0.0428086308525556
136 136 1.0000000000359375
208 136 0.0618984460694944
213 136 0.0750058600675132
222 136 0.0220666914525063
226 136 0.0287505091249551
299 136 0.0000000000577350
316 136 0.0102378240134930
320 136 0.0236245394199316
137 137 1.0000000000359375
208 137 0.0618984460694944
213 137 0.0750058600675132
222 137 0.0221548406969370
226 137 0.0287505091359247
300 137 0.0000000000577350
316 137 0.0256641402876579
320 137 0.0492043811238732
138 138 1.0000000000001881
208 138 0.0958926603115939
213 138 0.0871489340712750
222 138 0.0403941846262664
226 138 0.0191033944132443
301 138 0.0000000000894427
316 138 0.0976059076898261
320 138 0.1291299404872651
139 139 1.0000000000001881
208 139 0.0958926603115939
213 139 0.0871489340712750
222 139 0.0403868689005529
226 139 0.0189269756809117
302 139 0.0000000000894427
316 139 0.1045891645751829
320 139 0.1379185828889042
140 140 1.0000000000359375
208 140 0.0618984460694944
213 140 0.0750058600675132
222 140 0.0269023073556601
226 140 0.0531583179311517
303 140 0.0000000000577350
316 140 0.0651608070091442
320 140 0.1146796456059909
141 141 1.0000000000000000
208 141 0.0536056267500000
213 141 0.0974354703750000
222 141 0.0233744210800000
226 141 0.0707345261650000
304 141 -0.0000000000500001
316 141 0.0539303494500000
320 141 0.1427492254050000
142 142 1.0000000000359375
208 142 0.0618984460694944
213 142 0.0750058600675132
222 142 0.0305290192873556
226 142 0.0588294324372924
305 142 0.0000000000577350
316 142 0.0524297467804047
320 142 0.0935572727397997
143 143 1.0000000000000000
208 143 0.1072112535000000
222 143 0.0685055963400000
316 143 -0.0300976148400000
144 144 0.9999999996346917
209 144 0.2927700218239369
210 144 0.2335496832230223
211 144 0.4898979484410685
223 144 -0.2957478411500094
224 144 0.2337582767305682
306 144 -0.0000000005422176
317 144 -0.0046446054838654
318 144 0.4098967690280929
145 145 1.0000000000001881
209 145 0.2535462764123890
213 145 0.0580992893808500
223 145 0.0102454750170959
226 145 -0.0612112951651202
317 145 0.2257076142489925
320 145 -0.0455611980740953
146 146 1.0000000000359375
209 146 0.3273268353518792
223 146 -0.0217586753148282
317 146 0.3965978604152618
147 147 1.0000000001770344
212 147 0.3396831103804714
225 147 0.1335170802623356
319 147 0.2223668527549446
148 148 1.0000000000000000
212 148 0.2773500982000000
225 148 0.0992895840745000
319 148 0.4579159252000000
149 149 1.0000000001770344
212 149 0.3396831103804714
225 149 0.1847568400886007
319 149 -0.5179575301551320
150 150 1.0000000000380493
212 150 0.3922322704074119
225 150 0.1451782192378953
319 150 -0.0431715056095993
151 151 1.0000000000380493
213 151 0.0918630424420989
226 151 0.0072155089879573
320 151 -0.1016530982785248
152 152 1.0000000000380493
213 152 0.0918630424420989
226 152 0.0072248070885766
320 152 -0.1010966228062529
153 153 1.0000000000380493
213 153 0.0918630424420989
226 153 0.0073549802568318
320 153 -0.0965894349177241
154 154 1.0000000000359375
213 154 0.1125087901012698
226 154 0.0619231928320106
320 154 -0.1220173558248194
155 155 1.0000000000380493
213 155 0.0918630424420989
226 155 -0.1241385174589525
320 155 -0.0983907276699826
156 156 1.0000000000359375
213 156 0.1125087901012698
226 156 -0.0457748400421977
320 156 -0.1196637261436005
157 157 1.0000000000359375
213 157 0.1125087901012698
226 157 -0.0458887178448242
320 157 -0.1203032759969762
158 158 1.0000000000359375
213 158 0.1125087901012698
226 158 -0.0464277394346858
320 158 -0.1297780890097245
159 159 1.0000000000380493
213 159 0.0918630424420989
226 159 -0.1242593925336594
320 159 -0.1123369006138198
160 160 1.0000000000359375
213 160 0.1125087901012698
226 160 -0.1495023335418846
320 160 -0.1201913009618583
161 161 1.0000000000380493
213 161 0.0918630424420989
226 161 -0.1239618538724533
320 161 -0.1006931121235712
162 162 1.0000000000000000
213 162 0.0649569802500000
226 162 -0.0827297887600000
320 162 -0.0660183082000000
163 163 1.0000000000380493
213 163 0.0918630424420989
226 163 0.0114368389475540
320 163 -0.0982140268896667
164 164 1.0000000000380493
213 164 0.0918630424420989
226 164 0.0107394826738920
320 164 -0.1077558676337287
165 165 1.0000000000380493
213 165 0.0918630424420989
226 165 0.0108510596691926
320 165 -0.1245582632001935
166 166 1.0000000000380493
213 166 0.0918630424420989
226 166 0.0108789539356955
320 166 -0.1309511382091144
167 167 1.0000000000380493
213 167 0.0918630424420989
226 167 0.0108975501015789
320 167 -0.0968004208875552
168 168 1.0000000000380493
213 168 0.0918630424420989
226 168 -0.0971926712836550
320 168 -0.0720385794214728
169 169 1.0000000000380493
213 169 0.0918630424420989
226 169 -0.0967463632883103
320 169 -0.1247718865015418
170 170 1.0000000000380493
213 170 0.0918630424420989
226 170 -0.0967556613677165
320 170 -0.0763084080886383
171 171 1.0000000000380493
213 171 0.0918630424420989
226 171 -0.0966533824447510
320 171 -0.0747444745506720
172 172 1.0000000000380493
213 172 0.0918630424420989
226 172 -0.0967277671153558
320 172 -0.0969955829177808
173 173 1.0000000000380493
213 173 0.0918630424420989
226 173 -0.0726736249435296
320 173 -0.0783233241493163
174 174 1.0000000000380493
213 174 0.0918630424420989
226 174 -0.0726271345323566
320 174 -0.0601310584653997
175 175 1.0000000000380493
213 175 0.0918630424420989
226 175 -0.0725992402729248
320 175 -0.0520977674530067
176 176 1.0000000000380493
213 176 0.0918630424420989
226 176 -0.0725062594435076
320 176 -0.0321200329635082
177 177 1.0000000000380493
213 177 0.0918630424420989
226 177 -0.0725527498546807
320 177 -0.0313314728834098
178 178 1.0000000000380493
213 178 0.0918630424420989
226 178 -0.0725620479482290
320 178 -0.0396997041075302
179 179 1.0000000000359375
213 179 0.1125087901012698
226 179 0.0138667605623783
320 179 -0.0007871236118865
180 180 1.0000000000380493
213 180 0.0918630424420989
226 180 -0.0447142876674806
320 180 -0.0200806457780584
181 181 1.0000000000380493
213 181 0.0918630424420989
226 181 -0.0427337958842216
320 181 -0.0351133964785469
182 182 1.0000000000380493
213 182 0.0918630424420989
226 182 0.0374249824985371
320 182 -0.0145343519587661
183 183 1.0000000000380493
213 183 0.0918630424420989
226 183 0.0371367419096661
320 183 -0.0705933254906527
184 184 1.0000000000380493
213 184 0.0918630424420989
226 184 0.0361790392994938
320 184 -0.0404777148827731
185 185 1.0000000000380493
213 185 0.0918630424420989
226 185 0.0229385683157937
320 185 0.1671061111222391
186 186 1.0000000000380493
213 186 0.0918630424420989
226 186 0.0232825974086789
320 186 0.1674384139741650
187 187 1.0000000000380493
213 187 0.0918630424420989
226 187 0.0243797712601486
320 187 0.1595132533064890
188 188 1.0000000000380493
213 188 0.0918630424420989
226 188 0.0230408472295668
320 188 0.1070753265643846
189 189 1.0000000000380493
213 189 0.0918630424420989
226 189 0.0235615398955163
320 189 0.0998701555270660
190 190 1.0000000000380493
213 190 0.0918630424420989
226 190 0.1027161252640008
320 190 -0.1033831832990227
191 191 1.0000000000000000
213 191 0.0649569802500000
226 191 0.0726575676500000
320 191 -0.0731682204300000
1 192 0.4677071733442226
2 192 0.1581138830114419
192 192 1.0000000000380493
214 192 -0.7220407009751451
227 192 -0.1247110870280469
308 192 -0.7944224498251411
2 193 0.0632455531866882
3 193 0.0426401432630175
4 193 0.1414213562000000
5 193 0.0707106781000000
6 193 0.1897366595600646
7 193 0.1414213562000000
8 193 0.0471404520619526
9 193 0.1414213562000000
10 193 0.0999999999755207
11 193 0.0447213595358162
12 193 0.0707106781000000
13 193 0.0408248290363495
14 193 0.0408248290363495
15 193 0.0999999999755207
16 193 0.0816496580726991
17 193 0.1414213562000000
18 193 0.0816496580726991
19 193 0.0632455531866882
20 193 0.0707106781000000
21 193 0.0707106781000000
22 193 0.1414213561858579
23 193 0.1414213562000000
24 193 0.1414213562000000
25 193 0.1788854381432650
26 193 0.0707106781000000
27 193 0.1414213562000000
28 193 0.0707106781000000
29 193 0.0816496580726991
30 193 0.1414213562000000
31 193 0.1414213562000000
32 193 0.0816496580726991
33 193 0.0707106781000000
34 193 0.0707106781000000
35 193 0.1414213562000000
36 193 0.0816496580726991
37 193 0.0632455531866882
193 193 0.9999999994723630
214 193 0.2888162803117625
227 193 -0.0498844347971093
228 193 0.0628280459900711
229 193 -0.1414213562000000
230 193 -0.1224744870666222
231 193 -0.1549193338201071
232 193 -0.0518846876121841
233 193 -0.1414213562000000
234 193 -0.0999999999613785
235 193 0.0072749954441262
236 193 0.1224744870949065
237 193 0.0368823188618798
238 193 0.0179501401405778
239 193 -0.0999999999755207
240 193 -0.1154700538459674
241 193 -0.1154700537893989
242 193 -0.0927490648479523
243 193 -0.0874164142507146
244 193 -0.0874164142507146
245 193 -0.1524011757470897
246 193 -0.1414213562565685
247 193 -0.1414213562565685
248 193 -0.1731059746341409
249 193 -0.1224744871231908
250 193 -0.1414213562565685
251 193 -0.1224744871231908
252 193 -0.1154700537893989
253 193 -0.1414213562565685
254 193 -0.1414213562565685
255 193 -0.1154700537893989
256 193 -0.1224744871231908
257 193 -0.1224744871231908
258 193 -0.1154700537893989
259 193 -0.0732476984585326
308 193 0.3177689796291771
3 194 0.3767052875336740
38 194 0.6333682398487760
39 194 0.1515108038040708
40 194 0.3123475238000000
194 194 1.0000000001459135
215 194 0.0000000000037482
228 194 -0.2302968818076206
260 194 -0.4444991038232214
261 194 -0.2258030727020775
309 194 0.0000000005091265
41 195 0.2964997265994732
42 195 0.2314550249012804
195 195 0.9999999999511741
216 195 -0.8387206571780673
262 195 0.0227129296647133
263 195 -0.0122852298639239
310 195 -0.7772471627812771
39 196 0.5965587590453879
43 196 0.2000000000447590
44 196 0.4949747469149541
196 196 1.0000000004474012
216 196 0.4961938323913526
261 196 0.3426140029866114
264 196 -0.2449489743755241
265 196 0.0175157950933830
310 196 0.4598256230607400
14 197 0.2581988897518249
45 197 0.4045199175078166
197 197 1.0000000000001881
217 197 -0.2562806680147575
238 197 -0.2244925563315503
311 197 0.3828600278321195
11 198 0.0745355992474423
12 198 0.3535533906000000
13 198 0.4082482904789655
45 198 0.5685352436677067
198 198 1.0000000000380496
217 198 0.1350717719048712
235 198 -0.2232425020797877
236 198 -0.2041241452394827
237 198 -0.4080596971808236
311 198 -0.2017849542185888
46 199 0.6067798763974050
47 199 0.1740776559716640
48 199 0.0805822964047349
199 199 1.0000000001474996
218 199 -0.1932408585607867
266 199 -0.3020337444521526
267 199 -0.2461829819684617
268 199 -0.0608578912217734
312 199 0.1335798802810008
46 200 0.4719399038646483
48 200 0.3223291856189395
200 200 1.0000000001474996
218 200 0.1932408584658106
266 200 -0.2349151345738965
268 200 -0.2434315648870935
312 200 -0.1335798818187086
38 201 0.2513123448814569
48 201 0.1380131118368462
49 201 0.1721325931161201
50 201 0.1490711984754361
51 201 0.1490711984754361
52 201 0.3651483716103617
201 201 0.9999999996346917
219 201 0.1241213330449600
260 201 0.2970634429183617
268 201 -0.0181405280701675
269 201 -0.3130054852845349
270 201 -0.2898716446829812
271 201 -0.2108185106580461
313 201 0.1316749292186446
38 202 0.2167774923298443
48 202 0.3571428571096516
53 202 0.0771516749788457
54 202 0.1482498633185857
55 202 0.0890870806244246
202 202 0.9999999999070242
219 202 -0.1284777856371102
260 202 0.2562415636569225
268 202 -0.0469430761920390
272 202 -0.2447039957196255
273 202 -0.3476767475659097
274 202 -0.2519763153860170
313 202 -0.1362964996231237
14 203 0.0440225453076601
39 203 0.0369863360593169
44 203 0.0482242822041630
56 203 0.2852987010044672
57 203 0.2641352718459604
58 203 0.6647258570574293
59 203 0.1524985703000000
60 203 0.2641352718459604
61 203 0.0681994339324725
62 203 0.0622572806286691
63 203 0.2881952087834648
203 203 0.9999999995723936
220 203 0.0000000000076248
238 203 -0.1255965676950940
261 203 -0.0615938728234799
265 203 -0.1283144075543837
275 203 -0.2849431995093541
276 203 -0.1360361364126140
277 203 -0.1388352847581228
278 203 -0.1822706541304070
314 203 -0.0000000000792992
50 204 0.0440225453076601
53 204 0.2641352718459604
54 204 0.2537729605968885
55 204 0.1016657135231668
64 204 0.0964485644083259
65 204 0.0508328567615834
66 204 0.1699096415212498
67 204 0.1928971288166518
68 204 0.1928971288166518
69 204 0.0964485644083259
70 204 0.2156655463648698
71 204 0.1968748076614870
204 204 0.9999999995723936
221 204 -0.1856104368312519
270 204 0.0024722782846461
272 204 0.0506555450574107
273 204 0.1082091539888009
274 204 0.0359442577274783
279 204 -0.0482242822041630
280 204 -0.0462435470788412
281 204 -0.0482242822041630
315 204 0.0311665899515328
41 205 0.0524142418273765
42 205 0.0727392967360139
50 205 0.1543033499692383
53 205 0.1028688999794922
54 205 0.1235415527747331
