207 207 8805
1 1 8.1104777159984209
2 1 -2.1573452242900402
3 1 -1.0000000000000000
4 1 -1.1002199400439840
6 1 1.0000000000000000
7 1 -1.0000000000000000
8 1 -0.1860012347950000
9 1 -0.1125367770460000
10 1 -0.9616434891910000
11 1 -0.0921771413600000
17 1 -0.0763238670000000
18 1 -3.9577804583574707
19 1 -1.9191497700000000
20 1 -0.2811677860000000
21 1 -0.1261948532797000
22 1 -0.0089999996000000
23 1 -0.1703765471960000
24 1 -0.0444457817688005
25 1 -0.0228491891000000
26 1 -0.1254617476350741
27 1 -0.0169157002700000
28 1 -0.0245426719475364
29 1 -0.0247531001000000
30 1 -0.0255198082482199
31 1 -0.0283950115243588
32 1 -0.0461061916628585
33 1 -0.1261787401670000
34 1 -0.0550587743092893
35 1 -0.0018000000000000
36 1 -0.0225288523300000
37 1 -0.1047040424437274
38 1 -0.0117259007000000
39 1 -0.0413426011000000
40 1 -0.1197753034880928
41 1 -0.1217801901000000
42 1 -0.0802532320000000
43 1 -0.0314848455000000
44 1 -0.0378485238000000
45 1 -0.0474658072226035
46 1 -0.2195249491000000
47 1 -0.2298579760000000
48 1 -0.0730242740000000
49 1 -0.0333019600000000
50 1 -0.5500280574669278
53 1 -1.0000000000000000
54 1 0.2556019371722034
55 1 3.1768001912799910
95 1 -0.0060131924940622
96 1 -0.0023050579595602
97 1 -0.0085186917969211
98 1 -0.0061134738488731
99 1 0.1182771015297016
100 1 0.1017999600000000
101 1 0.0055000000000000
103 1 -0.0398989242798012
104 1 0.0001579759403600
107 1 -0.4998085285420381
109 1 0.0208729543166508
111 1 0.0003989499798000
115 1 0.0230129525914000
118 1 -0.0394999980000000
119 1 -0.0512999970000000
120 1 -0.1384999800000000
121 1 -0.2869999400000000
122 1 -0.0002999999600000
186 1 -1.0741627418021993
187 1 -0.0888000130000000
188 1 -0.0188000020000000
189 1 -0.0590999980000000
190 1 -0.0145000000000000
191 1 -0.0106000010000000
192 1 -0.0487999990000000
193 1 -0.0170783065880927
194 1 -0.0026677013437274
195 1 -0.0019243055780927
196 1 -0.0038783055880927
197 1 -0.0069383043880927
207 1 -0.0013930569882199
1 2 -2.1573452242900402
2 2 7.0246489843000024
3 2 1.0000000000000000
4 2 0.0156999981399990
5 2 4.0000000000000000
8 2 0.1672999900000000
9 2 0.1100999700000000
10 2 0.9531999799999999
11 2 0.0729999540000000
17 2 0.0763238670000000
18 2 1.0506896999999999
19 2 1.6983986000000000
20 2 0.1843445900000000
21 2 0.0958999990000000
22 2 0.0089999996000000
23 2 0.0983999970000000
24 2 0.0290999970000000
25 2 0.0201999990000000
26 2 0.0414999980000000
27 2 0.0159999990000000
28 2 0.0083999969000000
29 2 0.0170999990000000
31 2 0.0185999980000000
32 2 0.0272999960000000
33 2 0.1235179900000000
34 2 0.0346999990000000
35 2 0.0018000000000000
36 2 0.0195999970000000
37 2 0.0447999980000000
38 2 0.0034999999000000
39 2 0.0080999993000000
40 2 0.1084999400000000
41 2 0.1043999800000000
42 2 0.0350999980000000
43 2 0.0198999980000000
44 2 0.0130999980000000
53 2 1.0000000000000000
95 2 0.0009419992761001
96 2 0.0003610998536000
97 2 1.0013344993552000
98 2 1.0009577088951971
174 2 -1.0000000000000000
175 2 -1.0000000000000000
186 2 0.0116179964569999
207 2 0.0002182299462000
1 3 -1.0000000000000000
2 3 1.0000000000000000
3 3 4.7417354776000398
18 3 -0.2339293110000000
24 3 -0.0047347996200000
28 3 -0.0189999980000000
35 3 -0.1637593018620020
37 3 -0.1909999800000000
38 3 -0.0389999970000000
39 3 -0.0619999990000000
40 3 -0.3645186137840020
41 3 -0.6935186167840020
42 3 -0.1699999600000000
43 3 -0.0449999980000000
44 3 -0.0039999969000000
46 3 -0.9329999700000000
47 3 -0.0899999960000000
48 3 -0.0179999992000000
50 3 -0.0259999940000000
51 3 -1.0000000000000000
52 3 -1.0000000000000000
54 3 0.3353456276900040
55 3 0.0981567462480000
99 3 0.0890700708100116
1 4 -1.1002199400439840
2 4 0.0156999981399990
4 4 1.0100000040000003
8 4 0.0018924021000000
9 4 0.0010956980000000
10 4 0.0131818990000000
11 4 0.0229698310000000
18 4 0.2009301800000000
20 4 0.0270524430000000
21 4 0.0009991882800000
23 4 0.0092781782000000
24 4 0.0024597212000000
25 4 0.0006391902000000
26 4 0.0016165760000000
27 4 0.0002497013200000
28 4 0.0033441936000000
29 4 0.0037551012000000
30 4 0.0115882790000000
31 4 0.0015438639000000
32 4 0.0032647175000000
33 4 0.0008773705900000
34 4 0.0067870244000000
36 4 0.0009018555300000
37 4 0.0097073466000000
38 4 0.0020179020000000
39 4 0.0035426018000000
40 4 0.0014580579000000
41 4 0.0059652105000000
42 4 0.0135712360000000
43 4 0.0024468470000000
44 4 0.0057245269000000
45 4 0.0145192070000000
46 4 0.2104649500000000
47 4 0.0109569770000000
48 4 0.0127392750000000
49 4 0.0123159620000000
50 4 0.0981517430000000
95 4 0.0005999998499999
96 4 0.0002300000260000
97 4 0.0008500000300000
98 4 0.0006100059820012
99 4 -0.0559000000000000
186 4 0.0074000015800000
207 4 0.0001390000378000
2 5 4.0000000000000000
5 5 81.7436388935392841
6 5 -36.6267511081512467
7 5 37.1104877881080313
8 5 -2.6630000000000003
9 5 -0.2271999200000000
10 5 -0.1515998840000000
11 5 -0.0869999980000000
12 5 -2.5445996000000002
13 5 -0.0283999960000000
14 5 -0.0075999996000000
15 5 -0.6755999400000000
16 5 -0.6887999800000000
17 5 -0.0359999980000000
18 5 -0.0211999979000000
19 5 -0.0089999958000000
20 5 -0.0139999986000000
21 5 -2.0000000000000000
22 5 -2.0000000000000000
23 5 -2.0000000000000000
24 5 -2.0000000000000000
25 5 -2.0000000000000000
26 5 -2.0000000000000000
27 5 -2.0000000000000000
28 5 -2.0000000000000000
29 5 -2.0000000000000000
30 5 -2.0000000000000000
31 5 -2.0000000000000000
32 5 -2.0000000000000000
33 5 -0.4419999200000000
34 5 -2.0000000000000000
35 5 -2.0000000000000000
36 5 -2.0000000000000000
37 5 -2.0000000000000000
38 5 -2.0000000000000000
39 5 -2.0000000000000000
40 5 -2.0000000000000000
41 5 -2.0000000000000000
42 5 -2.0000000000000000
43 5 -2.0000000000000000
44 5 -2.0000000000000000
48 5 -2.0000000000000000
50 5 -2.0000000000000000
57 5 0.0799999830000000
58 5 0.5280000000000000
59 5 0.1135999600000000
60 5 0.0757999420000000
61 5 0.0434999990000000
62 5 1.0000000000000000
63 5 1.2722998000000001
64 5 0.0141999980000000
65 5 0.0037999998000000
66 5 0.3377999700000000
67 5 0.3443999900000000
68 5 0.0179999990000000
69 5 0.0098999999000000
70 5 0.0044999979000000
71 5 0.0069999993000000
72 5 1.0000000000000000
73 5 0.4894981148157024
74 5 0.9999071182177682
75 5 -1.7218029168123108
76 5 1.0000000000000000
77 5 1.0000000000000000
78 5 1.0000000000000000
79 5 1.0000000000000000
80 5 1.0000000000000000
81 5 1.0000000000000000
82 5 1.0000000000000000
83 5 0.2209999600000000
84 5 1.0000000000000000
85 5 1.0000000000000000
86 5 1.0000000000000000
87 5 1.0000000000000000
88 5 1.0000000000000000
89 5 1.0000000000000000
90 5 1.0000000000000000
91 5 1.0000000000000000
92 5 1.0000000000000000
93 5 1.0000000000000000
94 5 1.0000000000000000
95 5 1.0000000000000000
96 5 1.0000000000000000
97 5 1.0000000000000000
98 5 1.0000000000000000
135 5 -0.5280000000000000
136 5 -0.1135999600000000
137 5 -0.0757999420000000
138 5 -0.0434999990000000
139 5 -1.0000000000000000
140 5 -1.2722998000000001
141 5 -0.0141999980000000
142 5 -0.0037999998000000
143 5 -0.3377999700000000
144 5 -0.3443999900000000
145 5 -0.0179999990000000
146 5 -0.0112999980000000
147 5 -0.0044999979000000
148 5 -0.0069999993000000
149 5 -1.0000000000000000
150 5 -0.2113026626985507
151 5 -0.9998939834379740
152 5 1.7218029168123108
153 5 -1.0000000000000000
154 5 -1.0000000000000000
155 5 -1.0000000000000000
156 5 -1.0000000000000000
157 5 -1.0000000000000000
158 5 -1.0000000000000000
159 5 -1.0000000000000000
160 5 -0.2209999600000000
161 5 -1.0000000000000000
162 5 -1.0000000000000000
163 5 -1.0000000000000000
164 5 -1.0000000000000000
165 5 -1.0000000000000000
166 5 -1.0000000000000000
167 5 -1.0000000000000000
168 5 -1.0000000000000000
169 5 -1.0000000000000000
170 5 -1.0000000000000000
171 5 -1.0000000000000000
172 5 -1.0000000000000000
173 5 -1.0000000000000000
174 5 -1.0000000000000000
175 5 -1.0000000000000000
176 5 -1.0000000000000000
177 5 -1.0000000000000000
178 5 -1.0000000000000000
179 5 -1.0000000000000000
180 5 -1.0000000000000000
181 5 -1.0000000000000000
182 5 -1.0000000000000000
183 5 -1.0000000000000000
184 5 -1.0000000000000000
185 5 -1.0000000000000000
187 5 -2.0000000000000000
188 5 -2.0000000000000000
189 5 -2.0000000000000000
192 5 -2.0000000000000000
193 5 -2.0000000000000000
194 5 -2.0000000000000000
195 5 -2.0000000000000000
196 5 -2.0000000000000000
197 5 -2.0000000000000000
198 5 1.0000000000000000
199 5 1.0000000000000000
200 5 1.0000000000000000
201 5 1.0000000000000000
202 5 1.0000000000000000
203 5 1.0000000000000000
204 5 1.0000000000000000
205 5 1.0000000000000000
206 5 1.0000000000000000
207 5 1.0000000000000000
1 6 1.0000000000000000
5 6 -36.6267511081512467
6 6 37.6267511081512467
8 6 1.1810000000000000
9 6 0.1135999600000000
10 6 0.0757999420000000
11 6 0.0434999990000000
12 6 1.2722998000000001
13 6 0.0141999980000000
14 6 0.0037999998000000
15 6 0.3377999700000000
16 6 0.3443999900000000
17 6 0.0179999990000000
18 6 0.0098999999000000
19 6 0.0044999979000000
20 6 0.0069999993000000
21 6 1.0000000000000000
22 6 1.0000000000000000
23 6 1.0000000000000000
24 6 1.0000000000000000
25 6 1.0000000000000000
26 6 1.0000000000000000
27 6 1.0000000000000000
28 6 1.0000000000000000
29 6 1.0000000000000000
30 6 1.0000000000000000
31 6 1.0000000000000000
32 6 1.0000000000000000
33 6 0.2209999600000000
34 6 1.0000000000000000
35 6 1.0000000000000000
36 6 1.0000000000000000
37 6 1.0000000000000000
38 6 1.0000000000000000
39 6 1.0000000000000000
40 6 1.0000000000000000
41 6 1.0000000000000000
42 6 1.0000000000000000
43 6 1.0000000000000000
44 6 1.0000000000000000
48 6 1.0000000000000000
50 6 1.0000000000000000
58 6 -0.5280000000000000
59 6 -0.1135999600000000
60 6 -0.0757999420000000
61 6 -0.0434999990000000
62 6 -1.0000000000000000
63 6 -1.2722998000000001
64 6 -0.0141999980000000
65 6 -0.0037999998000000
66 6 -0.3377999700000000
67 6 -0.3443999900000000
68 6 -0.0179999990000000
69 6 -0.0098999999000000
70 6 -0.0044999979000000
71 6 -0.0069999993000000
72 6 -1.0000000000000000
73 6 -0.4894981148157024
74 6 -0.9999071182177682
75 6 1.7218029168123108
76 6 -1.0000000000000000
77 6 -1.0000000000000000
78 6 -1.0000000000000000
79 6 -1.0000000000000000
80 6 -1.0000000000000000
81 6 -1.0000000000000000
82 6 -1.0000000000000000
83 6 -0.2209999600000000
84 6 -1.0000000000000000
85 6 -1.0000000000000000
86 6 -1.0000000000000000
87 6 -1.0000000000000000
88 6 -1.0000000000000000
89 6 -1.0000000000000000
90 6 -1.0000000000000000
91 6 -1.0000000000000000
92 6 -1.0000000000000000
93 6 -1.0000000000000000
94 6 -1.0000000000000000
95 6 -1.0000000000000000
96 6 -1.0132999979999999
187 6 1.0000000000000000
188 6 1.0000000000000000
189 6 1.0000000000000000
192 6 1.0000000000000000
193 6 1.0000000000000000
194 6 1.0000000000000000
195 6 1.0000000000000000
196 6 1.0000000000000000
197 6 1.0000000000000000
198 6 -1.0000000000000000
199 6 -1.0000000000000000
200 6 -1.0000000000000000
201 6 -1.0000000000000000
202 6 -1.0000000000000000
203 6 -1.0000000000000000
204 6 -1.0000000000000000
205 6 -1.0000000000000000
206 6 -1.0000000000000000
1 7 -1.0000000000000000
5 7 37.1104877881080313
7 7 38.1104877881080313
8 7 -1.4820000000000000
9 7 -0.1135999600000000
10 7 -0.0757999420000000
11 7 -0.0434999990000000
12 7 -1.2722998000000001
13 7 -0.0141999980000000
14 7 -0.0037999998000000
15 7 -0.3377999700000000
16 7 -0.3443999900000000
17 7 -0.0179999990000000
18 7 -0.0112999980000000
19 7 -0.0044999979000000
20 7 -0.0069999993000000
21 7 -1.0000000000000000
22 7 -1.0000000000000000
23 7 -1.0000000000000000
24 7 -1.0000000000000000
25 7 -1.0000000000000000
26 7 -1.0000000000000000
27 7 -1.0000000000000000
28 7 -1.0000000000000000
29 7 -1.0000000000000000
30 7 -1.0000000000000000
31 7 -1.0000000000000000
32 7 -1.0000000000000000
33 7 -0.2209999600000000
34 7 -1.0000000000000000
35 7 -1.0000000000000000
36 7 -1.0000000000000000
37 7 -1.0000000000000000
38 7 -1.0000000000000000
39 7 -1.0000000000000000
40 7 -1.0000000000000000
41 7 -1.0000000000000000
42 7 -1.0000000000000000
43 7 -1.0000000000000000
44 7 -1.0000000000000000
48 7 -1.0000000000000000
50 7 -1.0000000000000000
96 7 -0.0132999980000000
135 7 -0.5280000000000000
136 7 -0.1135999600000000
137 7 -0.0757999420000000
138 7 -0.0434999990000000
139 7 -1.0000000000000000
140 7 -1.2722998000000001
141 7 -0.0141999980000000
142 7 -0.0037999998000000
143 7 -0.3377999700000000
144 7 -0.3443999900000000
145 7 -0.0179999990000000
146 7 -0.0112999980000000
147 7 -0.0044999979000000
148 7 -0.0069999993000000
149 7 -1.0000000000000000
150 7 -0.2113026626985507
151 7 -0.9998939834379740
152 7 1.7218029168123108
153 7 -1.0000000000000000
154 7 -1.0000000000000000
155 7 -1.0000000000000000
156 7 -1.0000000000000000
157 7 -1.0000000000000000
158 7 -1.0000000000000000
159 7 -1.0000000000000000
160 7 -0.2209999600000000
161 7 -1.0000000000000000
162 7 -1.0000000000000000
163 7 -1.0000000000000000
164 7 -1.0000000000000000
165 7 -1.0000000000000000
166 7 -1.0000000000000000
167 7 -1.0000000000000000
168 7 -1.0000000000000000
169 7 -1.0000000000000000
170 7 -1.0000000000000000
171 7 -1.0000000000000000
172 7 -1.0000000000000000
173 7 -1.0000000000000000
176 7 -1.0000000000000000
177 7 -1.0000000000000000
178 7 -1.0000000000000000
179 7 -1.0000000000000000
180 7 -1.0000000000000000
181 7 -1.0000000000000000
182 7 -1.0000000000000000
183 7 -1.0000000000000000
184 7 -1.0000000000000000
187 7 -1.0000000000000000
188 7 -1.0000000000000000
189 7 -1.0000000000000000
192 7 -1.0000000000000000
193 7 -1.0000000000000000
194 7 -1.0000000000000000
195 7 -1.0000000000000000
196 7 -1.0000000000000000
197 7 -1.0000000000000000
1 8 -0.1860012347950000
2 8 0.1672999900000000
4 8 0.0018924021000000
5 8 -2.6630000000000003
6 8 1.1810000000000000
7 8 -1.4820000000000000
8 8 7.8594163521953968
9 8 -0.0946868580149458
10 8 -3.0227797044430975
11 8 0.0213607806535844
12 8 0.0000025484422805
13 8 0.0000108403267053
14 8 0.0004296382850880
15 8 0.0000036242264735
16 8 0.0000003742165156
17 8 0.0130000492958032
18 8 0.2120117578842821
19 8 0.3632047426304951
20 8 0.0309820995120092
21 8 0.0176300673121358
22 8 0.0014635016890630
23 8 -0.0093667318567321
24 8 -0.0086528131389884
25 8 0.0034607998899256
26 8 -0.0117839194636303
27 8 0.0027382086400299
28 8 0.0001114199021066
29 8 0.0025616291101857
30 8 -0.0009452106461190
31 8 0.0016844696152582
32 8 0.0031696623446289
33 8 0.1768488421325150
34 8 0.0079477176511062
35 8 0.0003015303679528
36 8 0.0027636746061872
37 8 0.0004160968641997
38 8 -0.0027359643449236
39 8 0.0013884239819635
40 8 0.0114011798972040
41 8 0.0169907221223366
42 8 0.0083019617736448
43 8 0.0033889480416094
44 8 -0.0006583279276443
45 8 -0.0046467047492701
46 8 -0.0036861481201928
47 8 -0.0101919485578838
48 8 -0.0139750320827712
49 8 0.0011760005753054
50 8 -0.0418477443637801
53 8 0.1672999900000000
54 8 0.5430415921697347
55 8 0.6882215705514868
56 8 0.3446999563400008
58 8 -0.9658000016600000
73 8 0.2608371890000000
99 8 0.1414480703313139
100 8 -0.4264816390504091
101 8 -0.0117389391880000
103 8 -0.0000008754797591
104 8 -0.0000002795712686
107 8 -0.0000002900404926
135 8 1.0000000000000000
150 8 -0.5696203690000000
186 8 0.0000088446950000
187 8 0.0000007854090310
188 8 0.0000001662802837
189 8 0.0000084866722573
190 8 -0.0000608397102904
191 8 -0.0000499150981055
192 8 -0.0002234159818881
193 8 -0.0000981615551989
194 8 -0.0000350722648452
195 8 -0.0001306845193685
196 8 -0.0001139402445176
197 8 -0.0001380215300452
201 8 -0.0000022957420190
202 8 -0.0000011116955870
203 8 -0.0000004263193638
204 8 -0.0000013832303500
205 8 -0.0000011756252540
206 8 -0.0000013981322940
1 9 -0.1125367770460000
2 9 0.1100999700000000
4 9 0.0010956980000000
5 9 -0.2271999200000000
6 9 0.1135999600000000
7 9 -0.1135999600000000
8 9 -0.0946868580149458
9 9 2.7516347376699697
10 9 0.4209037123927010
11 9 0.0095572515687495
12 9 0.0000118448746159
13 9 0.0000503846256498
14 9 0.0019969106723198
15 9 0.0000168449991233
16 9 0.0000017393164760
17 9 0.0094772295475253
18 9 0.1219014523942906
19 9 0.1975489242749669
20 9 0.0207445516243364
21 9 0.0107467607580736
22 9 0.0008841529339255
23 9 0.0186016935226254
24 9 -0.0033774789259604
25 9 0.0025971579642507
26 9 0.0028475336194817
27 9 0.0018079080889511
28 9 0.0007416853572116
29 9 0.0019393771685051
30 9 -0.0001383151804677
31 9 0.0015935441569610
32 9 0.0015549628735223
33 9 -0.0437569957098143
34 9 0.0044180962989243
35 9 0.0001999944167693
36 9 0.0021877019413641
37 9 0.0043169479630972
38 9 0.0001405253616068
39 9 0.0010192793449140
40 9 0.0121213626813099
41 9 0.0104837823282302
42 9 0.0042219325544087
43 9 0.0022135522947169
44 9 0.0011101835877380
45 9 0.0014802864905081
46 9 -0.0001558533271873
47 9 0.0032876367296081
48 9 0.0004788935468189
49 9 0.0003893801378096
50 9 -0.0109755641625863
53 9 0.1100999700000000
54 9 0.1483733758942681
55 9 0.0889819262870169
56 9 0.0157412685220014
58 9 -0.0048981994911000
59 9 -0.9601350044259999
73 9 0.0085353293000000
99 9 -0.0010279213012181
100 9 -0.0579760421178200
101 9 -0.0015931299994500
102 9 0.0044220378369041
103 9 -0.0000040691317867
104 9 -0.0000012994159247
107 9 -0.0000013480757081
132 9 0.4722259692776004
136 9 1.0000000000000000
150 9 -0.0057390109000000
186 9 0.0000411091460000
187 9 0.0000036504926992
188 9 0.0000007728520270
189 9 0.0000394450994695
190 9 -0.0002827762665166
191 9 -0.0002319998111623
192 9 -0.0010384123892352
193 9 -0.0004562439609183
194 9 -0.0001630119926102
195 9 -0.0006074070208345
196 9 -0.0005295814978772
197 9 -0.0006415085143940
201 9 -0.0000106703510400
202 9 -0.0000051670370830
203 9 -0.0000019814850640
204 9 -0.0000064290998540
205 9 -0.0000054641745380
206 9 -0.0000064983613110
1 10 -0.9616434891910000
2 10 0.9531999799999999
4 10 0.0131818990000000
5 10 -0.1515998840000000
6 10 0.0757999420000000
7 10 -0.0757999420000000
8 10 -3.0227797044430975
9 10 0.4209037123927010
10 10 10.5831509449705781
11 10 0.0780431433145837
12 10 0.0000177516838328
13 10 0.0000755104612349
14 10 0.0029927312907143
15 10 0.0000252452734777
16 10 0.0000026066798765
17 10 0.0743614526211612
18 10 1.0305575678633558
19 10 1.6613127034172839
20 10 0.1767011745012727
21 10 0.0919143600108321
22 10 0.0084704789236487
23 10 0.2097672616965879
24 10 0.0588215359281715
25 10 0.0199662738820001
26 10 0.0322948566281084
27 10 0.0155290500957710
28 10 0.0071555699800380
29 10 0.0171709917919390
30 10 -0.0005580968539408
31 10 0.0191069843113832
32 10 0.0291546676231592
33 10 -0.3488251689771922
34 10 0.0375320611460490
35 10 0.0017369027690277
36 10 0.0197006577217745
37 10 0.0457934350430729
38 10 0.0023045959861814
39 10 0.0079528363968990
40 10 0.1071584316990945
41 10 0.0998051769786852
42 10 0.0358324549292189
43 10 0.0190319722722561
44 10 0.0109644766517998
45 10 0.0301572435566418
46 10 0.0132592056720078
47 10 0.0682712378957266
48 10 0.0313416450834331
49 10 0.0051195295805051
50 10 0.0299288974809452
53 10 0.9531999799999999
54 10 -1.0578501410387606
55 10 -0.1718612129888690
56 10 -0.8865705055459999
58 10 -0.0926515975618000
60 10 -0.9947300028829998
73 10 0.0262477470000000
99 10 -0.1076988913602605
100 10 -0.2443244821444978
101 10 -0.0066859766396500
102 10 0.0015344197577920
103 10 -0.0000060983290046
104 10 -0.0000019474094794
107 10 -0.0000020203349555
132 10 0.2889999609000012
137 10 1.0000000000000000
150 10 -0.0037487990000000
186 10 0.0000616094910000
187 10 0.0000054709236017
188 10 0.0000011582585540
189 10 0.0000628004520827
190 10 -0.0040639412362974
191 10 -0.0003476936908948
192 10 -0.0015562485089284
193 10 -0.0006837638743819
194 10 -0.0002443029014860
195 10 -0.0009103091622804
196 10 -0.0007933385946774
197 10 -0.0009614164747569
201 10 -0.0000159914481700
202 10 -0.0000077437371650
203 10 -0.0000029696131100
204 10 -0.0000096351677000
205 10 -0.0000081890530330
206 10 -0.0000097389691370
1 11 -0.0921771413600000
2 11 0.0729999540000000
4 11 0.0229698310000000
5 11 -0.0869999980000000
6 11 0.0434999990000000
7 11 -0.0434999990000000
8 11 0.0213607806535844
9 11 0.0095572515687495
10 11 0.0780431433145837
11 11 2.7350156843028071
12 11 0.0000528585377905
13 11 0.0002268459142445
14 11 0.0089565177550351
15 11 0.0000760569450661
16 11 0.0000080667246863
17 11 0.0103587035357510
18 11 0.1371132518294589
19 11 0.1586981634901379
20 11 0.0162709638299682
21 11 0.0074275025947159
22 11 0.0011147802686613
23 11 0.0140617723922665
24 11 0.0015024540579737
25 11 0.0048364024169189
26 11 -0.0036616625930741
27 11 0.0016311127458290
28 11 0.0001780601963232
29 11 0.0014214931389097
30 11 -0.0003072848498227
31 11 0.0015266603126322
32 11 0.0013213829287010
33 11 -0.0013720702075802
34 11 0.0045902570106552
35 11 0.0003548787857582
36 11 0.0046639398569637
37 11 0.0010997769899543
38 11 -0.0005572772764906
39 11 0.0013512142762695
40 11 0.0139679356462882
41 11 0.0091789847817122
42 11 0.0058617258913696
43 11 0.0017972245476582
44 11 -0.0001459617072275
45 11 0.0028501714289194
46 11 0.0045369752595994
47 11 0.0073324916526924
48 11 0.0002418488361602
49 11 0.0015598429621629
50 11 -0.0066987803637037
53 11 0.0729999540000000
54 11 0.0225370547702781
55 11 0.2612161373490368
56 11 0.0273652962317901
58 11 -0.0000341999941600
61 11 -0.9804500026199999
99 11 -0.0032069223422666
100 11 -0.2000109555047809
101 11 -0.0054734099204500
102 11 0.0009441797855680
103 11 -0.0000198426229802
104 11 -0.0000062819124619
107 11 -0.0000065076577125
132 11 0.0333369967312001
138 11 1.0000000000000000
186 11 0.0001073562600000
187 11 0.0000095332372836
188 11 0.0000020182979027
189 11 0.0002391052762998
190 11 -0.0430232779100646
191 11 -0.0034963606762479
192 11 -0.0051018104459755
193 11 -0.0025973950699602
194 11 -0.0004246041853124
195 11 -0.0015458007072701
196 11 -0.0013791074079988
197 11 -0.0056681317456421
201 11 -0.0000523770092500
202 11 -0.0000295575873800
203 11 -0.0000051746351110
204 11 -0.0000167895491600
205 11 -0.0000142696567300
206 11 -0.0000573762254400
5 12 -2.5445996000000002
6 12 1.2722998000000001
7 12 -1.2722998000000001
8 12 0.0000025484422805
9 12 0.0000118448746159
10 12 0.0000177516838328
11 12 0.0000528585377905
12 12 4.0007251123440417
13 12 0.0013392558783104
14 12 0.0556466080696422
15 12 0.0003653174027675
16 12 0.0002387234590554
17 12 0.0233888767031061
18 12 -0.4430348896754694
19 12 -1.5529535523760325
20 12 -0.3575321232401604
21 12 0.0000013455777765
22 12 -0.0046622781279166
23 12 0.0000272454732916
24 12 -0.0024089764791898
25 12 -0.0339337527976426
26 12 0.0004180357579694
27 12 -0.0100832864311981
28 12 0.0001916056716906
29 12 0.0004450278553039
30 12 -0.0000239660345912
31 12 -0.0073785658365882
32 12 -0.0389622480397819
33 12 0.0000000825441651
34 12 -0.0126758942799155
35 12 -0.0010957197931482
36 12 -0.0024627624722590
37 12 -0.0045169793598458
38 12 -0.0057505938813732
39 12 -0.0007312755119388
40 12 -0.0056841269217432
41 12 -0.0710188116909107
42 12 -0.0206696788351602
43 12 -0.0000491150828063
44 12 -0.0090261775153896
45 12 -0.0400777239475978
46 12 -0.0126493458343430
47 12 0.0024187688865054
48 12 0.0010798721948835
49 12 -0.0032220158863387
50 12 -0.0583831040846454
54 12 2.1321896372096636
55 12 0.3679599254114730
56 12 -0.0097888453820620
63 12 -1.0000000000000000
75 12 1.0057811999999999
82 12 -0.0000304621516604
87 12 -0.0008185887114133
88 12 -0.0000506967311487
89 12 -0.0001100849067807
90 12 -0.0001569070854249
91 12 -0.0003358223602424
92 12 -0.0017527729348396
94 12 -0.0019425106055638
99 12 0.0387382123500848
103 12 -0.0001284450831200
104 12 -0.0000835068367718
105 12 -0.0000012869256259
106 12 -0.0000008959722207
107 12 -0.0000378547777007
108 12 -0.0003228720690685
140 12 1.0000000000000000
152 12 -1.0057811999999999
187 12 -0.0022307547289333
188 12 -0.0016631080652082
189 12 -0.0009692149697072
192 12 -0.0004611611502845
193 12 -0.0059963387599981
194 12 -0.0047125254175734
195 12 -0.0022643866937524
196 12 -0.0064152118832045
197 12 -0.0024268177267522
198 12 -0.0000284758773800
199 12 -0.0000169937802500
200 12 -0.0000113626525100
201 12 -0.0000061654585440
202 12 -0.0000677888376100
203 12 -0.0000571905440100
204 12 -0.0000244295719500
205 12 -0.0000661734274500
206 12 -0.0000246639242700
5 13 -0.0283999960000000
6 13 0.0141999980000000
7 13 -0.0141999980000000
8 13 0.0000108403267053
9 13 0.0000503846256498
10 13 0.0000755104612349
11 13 0.0002268459142445
12 13 0.0013392558783104
13 13 4.0046465146898695
14 13 0.1454433330946884
15 13 0.0011775312507228
16 13 0.0002735416774290
17 13 0.0764146805314343
18 13 0.0294064432564927
19 13 0.0352033110139025
20 13 0.0262451947514807
21 13 0.0000057236935984
22 13 0.0012911668058595
23 13 0.0001140102484007
24 13 0.0006292387495672
25 13 0.0290626979363544
26 13 0.0021400333349817
27 13 0.0018800040485811
28 13 -0.0010703671362615
29 13 0.0036388246619062
30 13 0.0003477744834148
31 13 0.0033553180550132
32 13 -0.0010603670723410
33 13 0.0000002120254889
34 13 0.0009365825515050
35 13 0.0010951826253498
36 13 -0.0169094952051401
37 13 -0.0095718699135547
38 13 -0.0018005729291861
39 13 -0.0018836164273277
40 13 -0.0203356215507322
41 13 0.0015313823218184
42 13 -0.0105275670429401
43 13 0.0006627975001560
44 13 -0.0280810301197786
45 13 0.0019265941076124
46 13 0.0008790500540014
47 13 0.0063398563776092
48 13 0.0045027412845199
49 13 0.0013915366236417
50 13 0.0114236740269020
54 13 -0.0418217216904757
55 13 -0.0339427724962776
56 13 -0.0266180453885789
64 13 -1.0000000000000000
78 13 -0.0000411491475726
82 13 -0.0002671310156669
86 13 -0.0006681107506832
87 13 -0.0026014792257511
88 13 -0.0000352784097466
89 13 -0.0002827674105504
90 13 -0.0007003059523974
91 13 -0.0003602366141335
92 13 -0.0011537702983101
94 13 -0.0064204782286054
99 13 -0.0120180111143011
103 13 -0.0039537013238578
104 13 -0.0005889463044690
105 13 -0.0000112854060132
106 13 -0.0000079488704153
107 13 -0.0013297240632501
108 13 -0.0028448692412810
141 13 1.0000000000000000
187 13 -0.0057299862914164
188 13 -0.0008910472799039
189 13 -0.0003969661558515
192 13 -0.0012639798834369
193 13 -0.0270107197693314
194 13 -0.0152349649313700
195 13 -0.0101368055338338
196 13 -0.0286997292251856
197 13 -0.0108803266763763
198 13 -0.0000731440283000
199 13 -0.0000091047972070
200 13 -0.0000073458224150
201 13 -0.0000158367868700
202 13 -0.0003032667814000
203 13 -0.0001849542401000
204 13 -0.0001092905547000
205 13 -0.0002960400193000
206 13 -0.0001103389852000
5 14 -0.0075999996000000
6 14 0.0037999998000000
7 14 -0.0037999998000000
8 14 0.0004296382850880
9 14 0.0019969106723198
10 14 0.0029927312907143
11 14 0.0089565177550351
12 14 0.0556466080696422
13 14 0.1454433330946884
14 14 13.2852206738775340
15 14 0.0526607492601661
16 14 0.0141143026656897
17 14 3.5841471725604488
18 14 6.2822545252002930
19 14 3.9681229921936216
20 14 1.3462496946301774
21 14 0.0002268490556507
22 14 0.0196862283939635
23 14 0.0046164327102954
24 14 -0.8605783458865844
25 14 1.3438544711542302
26 14 0.0490625310014390
27 14 0.0630803588807638
28 14 0.0143395021507676
29 14 0.0792801089203626
30 14 0.0101702812074053
31 14 0.1021919700017206
32 14 -0.2605455439053325
33 14 0.0000300156683896
34 14 0.0480683880885472
35 14 0.0001270503032033
36 14 0.0627017840201334
37 14 -0.4329543287373965
38 14 -0.9711478190810866
39 14 -0.3319745913442499
40 14 -0.4717938831438699
41 14 0.3413892636600421
42 14 -0.7005890030508635
43 14 0.0479257142274572
44 14 0.0107394498136229
45 14 0.1109214053693736
46 14 0.0727997988160830
47 14 0.3056417526755466
48 14 0.2457666216871804
49 14 0.0713879335493895
50 14 0.6359678799181745
54 14 -3.6625807703360751
55 14 -2.0247552472155075
56 14 -1.1243539378485812
65 14 -1.0000000000000000
75 14 0.0010060000000000
82 14 -0.0263276754515208
87 14 -0.1196852096202555
88 14 -0.0182397932287317
89 14 -0.0400303411968459
90 14 -0.0236995203881834
91 14 -0.0221774188356415
92 14 -0.0734675944131109
99 14 -0.5190554576496899
103 14 -0.1162140181240899
104 14 -0.0733695919303661
105 14 -0.0011122576167793
106 14 -0.0007743663712397
107 14 -0.0154473070748329
108 14 -0.2933954476283063
142 14 1.0000000000000000
152 14 -0.0010060000000000
187 14 -0.8111730865252741
188 14 -0.8265636087651052
189 14 -0.0144306849645903
192 14 -0.1734398740361464
193 14 -0.9373375656018385
194 14 -0.7711247927055923
195 14 -0.3545404659240413
196 14 -1.0050363445512038
197 14 -0.3781654089700430
198 14 -0.0103547310900000
199 14 -0.0084458975480000
200 14 -0.0004980671782000
201 14 -0.0022419549740000
202 14 -0.0106201055600000
203 14 -0.0093593761910000
204 14 -0.0038272493580000
205 14 -0.0103670308700000
206 14 -0.0038639638680000
5 15 -0.6755999400000000
6 15 0.3377999700000000
7 15 -0.3377999700000000
8 15 0.0000036242264735
9 15 0.0000168449991233
10 15 0.0000252452734777
11 15 0.0000760569450661
12 15 0.0003653174027675
13 15 0.0011775312507228
14 15 0.0526607492601661
15 15 4.0004247300442541
16 15 0.0001152295021780
17 15 0.0271901920859333
18 15 -0.0712956070594788
19 15 -0.2071862693934209
20 15 -0.0391755783749007
21 15 0.0000019135919447
22 15 -0.0022953040827440
23 15 0.0000943959759966
24 15 -0.0005914816179834
25 15 0.0023516061510278
26 15 0.0003387659700973
27 15 -0.0022099020698917
28 15 0.0000651121151774
29 15 0.0007130114881540
30 15 -0.0012939046492550
31 15 -0.0013585800875240
32 15 -0.0078562950309803
33 15 0.0000000847913370
34 15 -0.0064591175762843
35 15 -0.0001067651894571
36 15 0.0002319465068328
37 15 -0.0042952809548860
38 15 -0.0032535195869506
39 15 -0.0008007697125192
40 15 -0.0109601581522907
41 15 -0.0249835306780263
42 15 -0.0032554384800833
43 15 0.0001903457303850
44 15 -0.0000788262677553
45 15 -0.0091001716145695
46 15 -0.0042312135327182
47 15 0.0018664534843172
48 15 0.0012091493887453
49 15 0.0001074175661750
50 15 -0.0175337448890834
54 15 2.0214878608754696
55 15 0.3489737732961493
56 15 -0.0069912765672369
66 15 -1.0000000000000000
75 15 1.0057811999999999
80 15 -0.0000221870164787
82 15 -0.0000317175474780
84 15 -0.0000919492382751
87 15 -0.0009517623071994
88 15 -0.0000563811118775
89 15 -0.0001130818385303
90 15 -0.0002397680205200
91 15 -0.0002256147103948
92 15 -0.0003192122688073
99 15 0.0079071466952556
103 15 -0.0002461782034100
104 15 -0.0000978288142727
105 15 -0.0000042942145920
106 15 -0.0000017466475788
107 15 -0.0000455982701651
108 15 -0.0003405438960731
143 15 1.0000000000000000
152 15 -1.0057811999999999
187 15 -0.0022914845766558
188 15 -0.0025131318069113
189 15 -0.0000515392014006
192 15 -0.0004875522201310
193 15 -0.0090285590139808
194 15 -0.0047024141125402
195 15 -0.0033850972075700
196 15 -0.0095845835771616
197 15 -0.0036319117611354
198 15 -0.0000292511018700
199 15 -0.0000256793954400
200 15 -0.0000017316827740
201 15 -0.0000063333055960
202 15 -0.0001012792347000
203 15 -0.0000570959908400
204 15 -0.0000364987639000
205 15 -0.0000988657518300
206 15 -0.0000368488945400
5 16 -0.6887999800000000
6 16 0.3443999900000000
7 16 -0.3443999900000000
8 16 0.0000003742165156
9 16 0.0000017393164760
10 16 0.0000026066798765
11 16 0.0000080667246863
12 16 0.0002387234590554
13 16 0.0002735416774290
14 16 0.0141143026656897
15 16 0.0001152295021780
16 16 4.0001867610318467
17 16 0.0046029320552368
18 16 -0.0736048757708620
19 16 -0.2064229732723394
20 16 -0.0429777908478483
21 16 0.0000001975863601
22 16 -0.0022974629178341
23 16 0.0001751923561982
24 16 -0.0005582246060190
25 16 -0.0065316036397328
26 16 0.0000558085659340
27 16 -0.0026490664397039
28 16 0.0000718905212806
29 16 0.0005272019358098
30 16 -0.0007033478738118
31 16 -0.0016660356072541
32 16 -0.0097942396725970
34 16 -0.0112640647735493
35 16 -0.0001090544671068
36 16 0.0001544609012093
37 16 -0.0006323050281453
38 16 -0.0002476375937954
39 16 0.0000635801020782
40 16 -0.0050034785220245
41 16 -0.0252305968875171
42 16 -0.0102983576475937
43 16 0.0000431654674757
44 16 -0.0001192195878112
45 16 -0.0097423996786680
46 16 -0.0045023543324448
47 16 0.0008914915659587
48 16 0.0004291224436182
49 16 -0.0001848364688322
50 16 -0.0195070779025383
54 16 2.3097412442587961
55 16 0.4051924309230974
56 16 -0.0049977786947119
67 16 -1.0000000000000000
75 16 1.0057811999999999
80 16 -0.0000119921997724
82 16 -0.0001747186468051
84 16 -0.0002042646667559
90 16 -0.0000437536353273
92 16 -0.0008427149507393
99 16 0.0104677084805624
103 16 -0.0005323149676591
104 16 -0.0003744040554132
105 16 -0.0000140168868972
106 16 -0.0000069497077111
107 16 -0.0001528918900901
108 16 -0.0018719436937568
144 16 1.0000000000000000
152 16 -1.0057811999999999
189 16 -0.0005361154770572
192 16 0.0000123321051040
193 16 -0.0010528297738572
194 16 0.0000008006551193
195 16 -0.0003903181965193
196 16 -0.0011059579091398
197 16 -0.0004198345690147
200 16 -0.0000057019342950
202 16 -0.0000116865322400
204 16 -0.0000042115650640
205 16 -0.0000114080449400
206 16 -0.0000042519653670
1 17 -0.0763238670000000
2 17 0.0763238670000000
5 17 -0.0359999980000000
6 17 0.0179999990000000
7 17 -0.0179999990000000
8 17 0.0130000492958032
9 17 0.0094772295475253
10 17 0.0743614526211612
11 17 0.0103587035357510
12 17 0.0233888767031061
13 17 0.0764146805314343
14 17 3.5841471725604488
15 17 0.0271901920859333
16 17 0.0046029320552368
17 17 6.2754190673813035
18 17 0.5721166219671989
19 17 0.2950126472220220
20 17 0.5543350551374535
21 17 0.0074414622266563
22 17 0.0035045607780534
23 17 0.0089390760687665
24 17 0.0098025818601678
25 17 0.7171142759346737
26 17 0.0603092703888415
27 17 0.0967090608671474
28 17 -0.5396030439884608
29 17 0.0383788220993268
30 17 0.0045737910755601
31 17 0.0698773821653529
32 17 0.0483205859675875
33 17 0.0094273706408673
34 17 0.0236395244361361
35 17 0.0001730372087413
36 17 0.0326138958021237
37 17 -0.2297846152306343
38 17 -0.4270167434109703
39 17 0.0176264241002218
40 17 -0.3354764333283296
41 17 0.0515678145698363
42 17 -0.1188412080102489
43 17 0.0134701139266157
44 17 0.0075315069269581
45 17 0.0470366874129687
46 17 0.0215667913321278
47 17 0.1428029076775386
48 17 0.0880273483324884
49 17 0.0295577641383146
50 17 0.2351372325881081
53 17 0.0763238670000000
54 17 -1.2735378537881845
55 17 -0.7923029179680591
56 17 -0.4756559760307279
68 17 -1.0000000000000000
78 17 -0.0168695233458218
87 17 -0.0633037122079305
88 17 -0.0080097798207333
90 17 -0.0146176189554986
91 17 -0.0175778410454008
92 17 -0.0160618756647509
99 17 -0.2470441762743798
103 17 -0.0056459806494575
104 17 -0.0017752718342474
107 17 -0.0018762829935178
108 17 -0.0000109379778098
145 17 1.0000000000000000
188 17 -0.3628233160743319
189 17 -0.0075423257404377
192 17 0.0036827458828072
193 17 -0.5842027461761430
194 17 -0.4058968483627633
195 17 -0.2198010308588199
196 17 -0.6220545719781068
197 17 -0.2364072610203549
199 17 -0.0037073596310000
200 17 -0.0001055009539000
202 17 -0.0065731803940000
203 17 -0.0049258679700000
204 17 -0.0023688267300000
205 17 -0.0064165430290000
206 17 -0.0023915507200000
1 18 -3.9577804583574707
2 18 1.0506896999999999
3 18 -0.2339293110000000
4 18 0.2009301800000000
5 18 -0.0211999979000000
6 18 0.0098999999000000
7 18 -0.0112999980000000
8 18 0.2120117578842821
9 18 0.1219014523942906
10 18 1.0305575678633558
11 18 0.1371132518294589
12 18 -0.4430348896754694
13 18 0.0294064432564927
14 18 6.2822545252002930
15 18 -0.0712956070594788
16 18 -0.0736048757708620
17 18 0.5721166219671989
18 18 53.8658819961879232
19 18 37.3659349131696175
20 18 17.3333695562655983
21 18 0.1292654561024195
22 18 -0.3087020213336634
23 18 0.0627456578217687
24 18 -5.0455342267819878
25 18 -0.0579187038257845
26 18 0.0416637408428786
27 18 0.0282624907409853
28 18 -0.0280294319304950
29 18 -0.2029057979538705
30 18 -0.0130890042910284
31 18 0.0696154230178030
32 18 -0.4610379130907202
33 18 -0.5417423894403959
34 18 -0.3823991205053652
35 18 -0.7252133673196457
36 18 -0.0106557921652777
37 18 0.1516142141027191
38 18 -0.0697753205748055
39 18 -0.0199815361285704
40 18 0.4717382283130895
41 18 0.4307992197751678
42 18 0.1897826508181678
43 18 0.0007599007977223
44 18 -0.0641923477755957
45 18 -0.8329366321838718
46 18 0.0950243948829508
47 18 0.4093142251242867
48 18 -1.5053923471786628
49 18 -0.0492774619174193
50 18 1.7421673472016805
53 18 1.0506896999999999
54 18 -17.6114082959699445
55 18 -11.5555376084150616
56 18 -2.7948015211838957
58 18 -0.0000550639669509
59 18 -0.0000499823023228
60 18 -0.0000016566445657
61 18 -0.0000041128410124
62 18 -0.0011336239686619
69 18 -1.0000000000000000
72 18 -0.0417979677949242
74 18 0.0093819983000000
76 18 -0.0096470375738842
77 18 -0.0095707862152932
78 18 -0.0015989126474222
79 18 -0.0328207939474406
80 18 -0.0007784277225300
81 18 -0.0024388404172904
82 18 -0.0710056862059608
83 18 -0.0356320649307394
84 18 -0.0151817583497065
85 18 -0.0119558704561750
86 18 -0.0089997969088357
87 18 -0.0067233475841245
88 18 -0.0018141943103253
89 18 -0.0119642189622045
90 18 -0.0021266381242935
91 18 -0.0066857981768001
92 18 -0.0056542489129105
93 18 -0.0075693624058617
94 18 -0.0244308190391295
99 18 -0.8898505129474020
100 18 -0.7800409015765392
101 18 -0.0226997959610000
102 18 -0.0001106474435119
103 18 -2.3368190969009537
104 18 -0.4165308283932166
105 18 -0.0055582101009647
106 18 -0.0036277898515791
107 18 0.2733817592666755
108 18 -1.4990011564920618
109 18 0.0003353692600000
111 18 -0.0003974012458000
115 18 -0.0171543929825000
118 18 0.0393466580000000
119 18 0.0268596670000000
120 18 0.1356538500000000
121 18 0.3267340700000000
122 18 0.0003353692600000
132 18 -0.0029679100847549
146 18 1.0000000000000000
151 18 -0.0093819983000000
186 18 2.1061945000000000
187 18 0.0659869718266119
188 18 0.0102047041905039
189 18 0.0610334436929144
190 18 -0.7234588360359548
191 18 -1.5904898879763174
192 18 0.0395042646918218
193 18 -0.1955321347925486
194 18 -0.0509639000382955
195 18 -0.1330771139051606
196 18 -0.1023634242663856
197 18 -0.1260047957684622
198 18 -0.0015451314310000
199 18 -0.0003003274794000
200 18 -0.0007675016260000
201 18 -0.0007242865540000
202 18 -0.0025828173490000
203 18 -0.0006829310940000
204 18 -0.0014404098840000
205 18 -0.0011299844650000
206 18 -0.0014183932980000
1 19 -1.9191497700000000
2 19 1.6983986000000000
5 19 -0.0089999958000000
6 19 0.0044999979000000
7 19 -0.0044999979000000
8 19 0.3632047426304951
9 19 0.1975489242749669
10 19 1.6613127034172839
11 19 0.1586981634901379
12 19 -1.5529535523760325
13 19 0.0352033110139025
14 19 3.9681229921936216
15 19 -0.2071862693934209
16 19 -0.2064229732723394
17 19 0.2950126472220220
18 19 37.3659349131696175
19 19 118.4597994304330371
20 19 93.6347656048953922
21 19 0.1917058636176255
22 19 -0.4400322010012890
23 19 -0.0102732553066478
24 19 -2.7933265471615107
25 19 -0.8625310631333827
26 19 0.0387280109650288
27 19 0.0257968713961284
28 19 -0.0458019332730509
29 19 -0.3456977238337283
30 19 -0.0136874851169870
31 19 0.0546514664227538
32 19 -1.8301965076863109
33 19 -0.2336396049892005
34 19 0.2237122345349161
35 19 -7.5273496063100493
36 19 -1.3262667200998559
37 19 0.1148499700988108
38 19 -0.0513532716644651
39 19 0.0168860124570369
40 19 0.2778557703910878
41 19 0.5976891789381504
42 19 0.1126330168019113
43 19 -0.0049489463243821
44 19 0.0127179298530271
45 19 -4.5926077610929186
46 19 0.7412295650538132
47 19 0.4772555189831646
48 19 0.5511377628877870
49 19 -0.0038055657813952
50 19 1.8762589563491385
53 19 1.6983986000000000
54 19 -29.5123280704056299
55 19 -18.6936776717001614
56 19 -3.8207771434271440
70 19 -1.0000000000000000
72 19 -0.1037289780294184
76 19 -0.0087344516615381
77 19 -0.0099666760914964
78 19 -0.0018955221878541
79 19 -0.0551897583564269
80 19 -0.0006980812112951
81 19 -0.0031736147417950
82 19 -0.1614555159093576
83 19 -0.0234925033974439
84 19 -0.0022819858596690
85 19 -0.1213209966292416
86 19 -0.0581639819044752
87 19 -0.0140301870465631
88 19 -0.0011916262256681
90 19 -0.0032320785439276
91 19 -0.0092791375675813
92 19 -0.0039661061994093
93 19 -0.0058675624659644
94 19 -0.0089250041383801
99 19 -1.1154800420374202
100 19 -1.5375148830584591
101 19 -0.0427541244010000
103 19 -6.4501908129430099
104 19 -0.5699694418380244
