207 207 10023
1 1 8.1074818521660319
2 1 -2.2071651873680720
3 1 -1.0000000000000000
4 1 -1.1000798400159639
6 1 1.0000000000000000
7 1 -1.0000000000000000
8 1 -0.1831068804760000
9 1 -0.1113320006030000
10 1 -0.9487479860600000
11 1 -0.0701835432360000
17 1 -0.1554921900000000
18 1 -2.7320465206136717
19 1 -0.9328611400000001
20 1 -0.6857064250000000
21 1 -0.1251946337000000
22 1 -0.0092209995900000
23 1 -0.1697817197030000
24 1 -0.0457245302652573
25 1 -0.0228271321000000
26 1 -0.1273020937570443
27 1 -0.0169582542700000
28 1 -0.0235158309805568
29 1 -0.0232244134900000
30 1 -0.0207906994618814
31 1 -0.0286872822437251
32 1 -0.0525602635744230
33 1 -0.1395755532940000
34 1 -0.0527587536918591
35 1 -0.0018000000000000
36 1 -0.0220937977900000
37 1 -0.0982735504367149
38 1 -0.0146959985000000
39 1 -0.0591443626000000
40 1 -0.1721509873607028
41 1 -0.1223461361000000
42 1 -0.0890799050000000
43 1 -0.0331972293000000
44 1 -0.0339245121000000
45 1 -0.0442269559187382
46 1 -0.1478262673000000
47 1 -0.2286324599000000
48 1 -0.0807493700000000
49 1 -0.0253610351000000
50 1 -0.5221849771667009
53 1 -1.0000000000000000
54 1 0.2551850806053712
55 1 3.1757746703931353
99 1 0.2015333182475079
100 1 0.0866999030000000
101 1 0.0060999990000000
103 1 -0.0398988887298030
104 1 0.0001093609355400
107 1 -0.4998082096361820
109 1 0.0144436012831248
111 1 0.0003989499798000
115 1 0.0230129519854000
118 1 -0.0394999980000000
119 1 -0.0512999970000000
120 1 -0.1355758803762000
121 1 -0.2566683871499996
122 1 -0.0002999999600000
186 1 -1.0670534513776504
187 1 -0.1638000000000000
188 1 -0.0042000003000000
189 1 -0.0788407920000000
190 1 -0.0288844630000000
191 1 -0.0211155380000000
192 1 -0.0251999980000000
193 1 -0.0224560834607028
194 1 -0.1138376812803692
195 1 -0.0022402915607028
196 1 -0.0048469735607028
197 1 -0.0089290845607028
1 2 -2.2071651873680720
2 2 7.0428489834400017
3 2 1.0000000000000000
4 2 0.0207000001399992
5 2 4.0000000000000000
8 2 0.1672999900000000
9 2 0.1100999700000000
10 2 0.9531999799999999
11 2 0.0729998950000000
17 2 0.1554921900000000
18 2 0.6131190700000000
19 2 0.8255583600000000
20 2 0.4914590700000000
21 2 0.0958999990000000
22 2 0.0089999996000000
23 2 0.0983999970000000
24 2 0.0290999970000000
25 2 0.0201999990000000
26 2 0.0414999980000000
27 2 0.0159999990000000
28 2 0.0083999969000000
29 2 0.0170999990000000
31 2 0.0185999980000000
32 2 0.0272999960000000
33 2 0.1376209900000000
34 2 0.0346999990000000
35 2 0.0018000000000000
36 2 0.0195999970000000
37 2 0.0447999980000000
38 2 0.0034999999000000
39 2 0.0080999956000000
40 2 0.1084998800000000
41 2 0.1043999800000000
42 2 0.0350999980000000
43 2 0.0198999980000000
44 2 0.0130999980000000
53 2 1.0000000000000000
57 2 10.0000000000000000
97 2 1.0000000000000000
98 2 1.0000000000000000
174 2 -1.0000000000000000
175 2 -1.0000000000000000
186 2 0.0138689915240011
1 3 -1.0000000000000000
2 3 1.0000000000000000
3 3 4.1753767424822641
18 3 -0.0504523835726288
24 3 -0.0015436383044004
28 3 -0.0189999980000000
35 3 -0.0679303471290810
37 3 -0.1909999800000000
38 3 -0.0389999970000000
39 3 -0.0619999990000000
40 3 -0.2068206183400300
41 3 -0.4678901431831320
42 3 -0.1699999600000000
43 3 -0.0449999980000000
44 3 -0.0039999969000000
46 3 -0.9329999700000000
47 3 -0.0899999960000000
48 3 -0.0179999992000000
50 3 -0.0259999940000000
51 3 -1.0000000000000000
52 3 -1.0000000000000000
54 3 0.2775970726222732
55 3 0.0569311610864046
99 3 0.2312459604548003
1 4 -1.1000798400159639
2 4 0.0207000001399992
4 4 1.0100000040000003
18 4 0.1277389500000000
20 4 0.1398840000000000
22 4 0.0002209999900000
23 4 0.0086929947000000
24 4 0.0047829933000000
25 4 0.0010609999000000
26 4 0.0041679926000000
27 4 0.0003679997800000
28 4 0.0024789998000000
29 4 0.0023449999000000
30 4 0.0073449947000000
31 4 0.0023859998000000
32 4 0.0121699980000000
34 4 0.0048049986000000
36 4 0.0005409997000000
37 4 0.0048579946000000
38 4 0.0049879998000000
39 4 0.0279029980000000
40 4 0.0547899980000000
41 4 0.0086179934000000
42 4 0.0266819970000000
43 4 0.0054289997000000
44 4 0.0026219999000000
45 4 0.0127819960000000
46 4 0.1407669800000000
47 4 0.0120060000000000
48 4 0.0272879970000000
49 4 0.0067599937000000
50 4 0.0826309320000000
99 4 -0.0539999980000000
186 4 0.0066999985399994
2 5 4.0000000000000000
5 5 78.7567544074733519
6 5 -33.9327089161032092
7 5 33.9145472670635968
8 5 -1.6602013800000002
9 5 -0.2626292800000000
10 5 -0.1763887400000000
11 5 -0.0846350720000000
12 5 -5.3563385999999999
13 5 -0.0265605160000000
14 5 -0.0141525940000000
15 5 -1.2555879400000001
16 5 -1.2350322000000000
17 5 -0.0303454540000000
18 5 -0.2363720000000000
19 5 -0.0537089040000000
20 5 -0.0098332912000000
21 5 -2.0330830000000000
22 5 -1.6409890600000001
23 5 -1.4850517599999999
24 5 -3.1863022000000001
25 5 -1.7183134600000001
26 5 -1.4577785800000000
27 5 -1.5044641400000001
28 5 -1.4252894000000000
29 5 -1.6795660200000000
30 5 -1.3326568599999999
31 5 -1.5518015599999999
32 5 -1.7946629599999999
33 5 -0.5131110000000000
34 5 -1.7359254399999999
35 5 -2.2864570000000000
36 5 -1.5580346599999999
37 5 -1.5110844400000001
38 5 -1.2999117400000000
39 5 -1.4072764000000000
40 5 -1.6715085599999999
41 5 -1.4011770400000001
42 5 -1.4450196000000000
43 5 -1.2957441800000000
44 5 -1.4094443400000001
48 5 -1.8469274000000000
50 5 -1.5775525600000000
57 5 5.0799999240000000
58 5 0.5168482100000000
59 5 0.1313146400000000
60 5 0.0881943700000000
61 5 0.0423175360000000
62 5 1.0165415000000000
63 5 2.6781693000000000
64 5 0.0132802580000000
65 5 0.0070762970000000
66 5 0.6277939700000000
67 5 0.6175161000000000
68 5 0.0151727270000000
69 5 0.1181860000000000
70 5 0.0268544520000000
71 5 0.0049166456000000
72 5 0.8204945300000001
73 5 0.3267821838027325
74 5 1.5920422795862044
75 5 -3.7073021024793653
76 5 0.7288892900000000
77 5 0.7522320700000000
78 5 0.7126447000000000
79 5 0.8397830100000000
80 5 0.6663284300000000
81 5 0.7759007800000000
82 5 0.8973314800000000
83 5 0.2565555000000000
84 5 0.8679627200000000
85 5 1.1432285000000000
86 5 0.7790173300000000
87 5 0.7555422200000000
88 5 0.6499558700000000
89 5 0.7036382000000000
90 5 0.8357542800000000
91 5 0.7005885200000000
92 5 0.7225098000000000
93 5 0.6478720900000000
94 5 0.7047221700000000
95 5 0.7887762800000000
96 5 0.9234637000000000
97 5 1.0000000000000000
98 5 1.0000000000000000
135 5 -0.5168482100000000
136 5 -0.1313146400000000
137 5 -0.0881943700000000
138 5 -0.0423175360000000
139 5 -1.0165415000000000
140 5 -2.6781693000000000
141 5 -0.0132802580000000
142 5 -0.0070762970000000
143 5 -0.6277939700000000
144 5 -0.6175161000000000
145 5 -0.0151727270000000
146 5 -0.1181860000000000
147 5 -0.0268544520000000
148 5 -0.0049166456000000
149 5 -0.8204945300000001
150 5 -0.3338301006914246
151 5 -1.5920422795862044
152 5 3.7073021024793653
153 5 -0.7288892900000000
154 5 -0.7522320700000000
155 5 -0.7126447000000000
156 5 -0.8397830100000000
157 5 -0.6663284300000000
158 5 -0.7759007800000000
159 5 -0.8973314800000000
160 5 -0.2565555000000000
161 5 -0.8679627200000000
162 5 -1.1432285000000000
163 5 -0.7790173300000000
164 5 -0.7555422200000000
165 5 -0.6499558700000000
166 5 -0.7036382000000000
167 5 -0.8357542800000000
168 5 -0.7005885200000000
169 5 -0.7225098000000000
170 5 -0.6478720900000000
171 5 -0.7047221700000000
172 5 -0.7887762800000000
173 5 -0.9234637000000000
174 5 -1.0000000000000000
175 5 -1.0000000000000000
176 5 -1.0000000000000000
177 5 -1.0000000000000000
178 5 -1.0000000000000000
179 5 -1.0000000000000000
180 5 -1.0000000000000000
181 5 -1.0000000000000000
182 5 -1.0000000000000000
183 5 -1.0000000000000000
184 5 -1.0000000000000000
185 5 -1.0000000000000000
187 5 -2.0000000000000000
188 5 -2.0000000000000000
189 5 -2.0000000000000000
192 5 -2.0000000000000000
193 5 -2.0000000000000000
194 5 -2.0000000000000000
195 5 -2.0000000000000000
196 5 -2.0000000000000000
197 5 -2.0000000000000000
198 5 1.0000000000000000
199 5 1.0000000000000000
200 5 1.0000000000000000
201 5 1.0000000000000000
202 5 1.0000000000000000
203 5 1.0000000000000000
204 5 1.0000000000000000
205 5 1.0000000000000000
206 5 1.0000000000000000
207 5 1.0000000000000000
1 6 1.0000000000000000
5 6 -33.9327089161032092
6 6 37.3302150301297644
8 6 0.8883999600000001
9 6 0.1135999600000000
10 6 0.0757998820000000
11 6 0.0434999990000000
12 6 1.2722998000000001
13 6 0.0141999980000000
14 6 0.0037999998000000
15 6 0.3377999700000000
16 6 0.3443999900000000
17 6 0.0179999990000000
18 6 0.0090999976000000
19 6 0.0044999979000000
20 6 0.0069999956000000
21 6 1.0000000000000000
22 6 1.0000000000000000
23 6 1.0000000000000000
24 6 1.0000000000000000
25 6 1.0000000000000000
26 6 1.0000000000000000
27 6 1.0000000000000000
28 6 1.0000000000000000
29 6 1.0000000000000000
30 6 1.0000000000000000
31 6 1.0000000000000000
32 6 1.0000000000000000
33 6 0.2209999600000000
34 6 1.0000000000000000
35 6 1.0000000000000000
36 6 1.0000000000000000
37 6 1.0000000000000000
38 6 1.0000000000000000
39 6 1.0000000000000000
40 6 1.0000000000000000
41 6 1.0000000000000000
42 6 1.0000000000000000
43 6 1.0000000000000000
44 6 1.0000000000000000
48 6 1.0000000000000000
50 6 1.0000000000000000
58 6 -0.5280000000000000
59 6 -0.1135999600000000
60 6 -0.0757998820000000
61 6 -0.0434999990000000
62 6 -1.0000000000000000
63 6 -1.2722998000000001
64 6 -0.0141999980000000
65 6 -0.0037999998000000
66 6 -0.3377999700000000
67 6 -0.3443999900000000
68 6 -0.0179999990000000
69 6 -0.0090999976000000
70 6 -0.0044999979000000
71 6 -0.0069999956000000
72 6 -1.0000000000000000
73 6 -0.5845800738800290
74 6 -0.9999146238716567
75 6 1.7218009623125505
76 6 -1.0000000000000000
77 6 -1.0000000000000000
78 6 -1.0000000000000000
79 6 -1.0000000000000000
80 6 -1.0000000000000000
81 6 -1.0000000000000000
82 6 -1.0000000000000000
83 6 -0.2209999600000000
84 6 -1.0000000000000000
85 6 -1.0000000000000000
86 6 -1.0000000000000000
87 6 -1.0000000000000000
88 6 -1.0000000000000000
89 6 -1.0000000000000000
90 6 -1.0000000000000000
91 6 -1.0000000000000000
92 6 -1.0000000000000000
93 6 -1.0000000000000000
94 6 -1.0000000000000000
95 6 -1.0000000000000000
96 6 -1.0000000000000000
187 6 1.0000000000000000
188 6 1.0000000000000000
189 6 1.0000000000000000
192 6 1.0000000000000000
193 6 1.0000000000000000
194 6 1.0000000000000000
195 6 1.0000000000000000
196 6 1.0000000000000000
197 6 1.0000000000000000
198 6 -1.0000000000000000
199 6 -1.0000000000000000
200 6 -1.0000000000000000
201 6 -1.0000000000000000
202 6 -1.0000000000000000
203 6 -1.0000000000000000
204 6 -1.0000000000000000
205 6 -1.0000000000000000
206 6 -1.0000000000000000
1 7 -1.0000000000000000
5 7 33.9145472670635968
7 7 37.3097199825574393
8 7 -0.8585999600000001
9 7 -0.1135999600000000
10 7 -0.0757998820000000
11 7 -0.0434999990000000
12 7 -1.2722998000000001
13 7 -0.0141999980000000
14 7 -0.0037999998000000
15 7 -0.3377999700000000
16 7 -0.3443999900000000
17 7 -0.0179999990000000
18 7 -0.0134000000000000
19 7 -0.0044999979000000
20 7 -0.0069999956000000
21 7 -1.0000000000000000
22 7 -1.0000000000000000
23 7 -1.0000000000000000
24 7 -1.0000000000000000
25 7 -1.0000000000000000
26 7 -1.0000000000000000
27 7 -1.0000000000000000
28 7 -1.0000000000000000
29 7 -1.0000000000000000
30 7 -1.0000000000000000
31 7 -1.0000000000000000
32 7 -1.0000000000000000
33 7 -0.2209999600000000
34 7 -1.0000000000000000
35 7 -1.0000000000000000
36 7 -1.0000000000000000
37 7 -1.0000000000000000
38 7 -1.0000000000000000
39 7 -1.0000000000000000
40 7 -1.0000000000000000
41 7 -1.0000000000000000
42 7 -1.0000000000000000
43 7 -1.0000000000000000
44 7 -1.0000000000000000
48 7 -1.0000000000000000
50 7 -1.0000000000000000
135 7 -0.5280000000000000
136 7 -0.1135999600000000
137 7 -0.0757998820000000
138 7 -0.0434999990000000
139 7 -1.0000000000000000
140 7 -1.2722998000000001
141 7 -0.0141999980000000
142 7 -0.0037999998000000
143 7 -0.3377999700000000
144 7 -0.3443999900000000
145 7 -0.0179999990000000
146 7 -0.0134000000000000
147 7 -0.0044999979000000
148 7 -0.0069999956000000
149 7 -1.0000000000000000
150 7 -0.5932251863262127
151 7 -0.9998742812723600
152 7 1.7218009623125505
153 7 -1.0000000000000000
154 7 -1.0000000000000000
155 7 -1.0000000000000000
156 7 -1.0000000000000000
157 7 -1.0000000000000000
158 7 -1.0000000000000000
159 7 -1.0000000000000000
160 7 -0.2209999600000000
161 7 -1.0000000000000000
162 7 -1.0000000000000000
163 7 -1.0000000000000000
164 7 -1.0000000000000000
165 7 -1.0000000000000000
166 7 -1.0000000000000000
167 7 -1.0000000000000000
168 7 -1.0000000000000000
169 7 -1.0000000000000000
170 7 -1.0000000000000000
171 7 -1.0000000000000000
172 7 -1.0000000000000000
173 7 -1.0000000000000000
176 7 -1.0000000000000000
177 7 -1.0000000000000000
178 7 -1.0000000000000000
179 7 -1.0000000000000000
180 7 -1.0000000000000000
181 7 -1.0000000000000000
182 7 -1.0000000000000000
183 7 -1.0000000000000000
184 7 -1.0000000000000000
187 7 -1.0000000000000000
188 7 -1.0000000000000000
189 7 -1.0000000000000000
192 7 -1.0000000000000000
193 7 -1.0000000000000000
194 7 -1.0000000000000000
195 7 -1.0000000000000000
196 7 -1.0000000000000000
197 7 -1.0000000000000000
1 8 -0.1831068804760000
2 8 0.1672999900000000
5 8 -1.6602013800000002
6 8 0.8883999600000001
7 8 -0.8585999600000001
8 8 7.8515331039225513
9 8 -0.2347041786096803
10 8 -5.1603673294094587
11 8 -1.8180756165338263
12 8 0.0000025484422805
13 8 0.0000108403267053
14 8 0.0004296382850880
15 8 0.0000036242264735
16 8 0.0000003742165156
17 8 0.0262449089420199
18 8 0.0605449389147913
19 8 0.1688517364971137
20 8 0.0823109123876471
21 8 0.0173728345683987
22 8 0.0014635017016630
23 8 0.0014757849749740
24 8 -0.0036241780741898
25 8 0.0034595833001821
26 8 -0.0090666815245374
27 8 0.0027183586077232
28 8 0.0004031776208118
29 8 0.0025613039917509
30 8 -0.0007454528236639
31 8 0.0017451895693318
32 8 0.0026827563141276
33 8 0.1969090813486908
34 8 0.0072603250699625
35 8 0.0003015303679528
36 8 0.0028023858661591
37 8 0.0013823852946808
38 8 -0.0023811792309980
39 8 0.0013816161266153
40 8 0.0115075440874330
41 8 0.0169936897270299
42 8 0.0077276484056806
43 8 0.0033777491460541
44 8 -0.0001323536589139
45 8 -0.0014829764527139
46 8 -0.0040844639175689
47 8 -0.0133124873352327
48 8 -0.0134785015094982
49 8 0.0006500044283127
50 8 -0.0830417202368473
53 8 0.1672999900000000
54 8 0.3692206090324235
55 8 0.5037200371124301
56 8 0.3446999563400008
58 8 -0.9408700598139987
73 8 0.2989685790000000
99 8 0.2869772076662712
100 8 -0.3382533637907001
101 8 -0.0104387812153000
103 8 -0.0000008754797591
104 8 -0.0000002795712686
107 8 -0.0000002900404926
135 8 1.0000000000000000
150 8 -0.2492339760000000
186 8 0.0000068914760000
187 8 0.0000011288237688
188 8 0.0000000289442013
189 8 0.0000085072802263
190 8 -0.0000607689017843
191 8 -0.0000498633346580
192 8 -0.0002236739378139
193 8 -0.0000981559412056
194 8 -0.0000343104952745
195 8 -0.0001306841895029
196 8 -0.0001139392332998
197 8 -0.0001380194518134
201 8 -0.0002773075199904
202 8 -0.0000193721211200
203 8 -0.0000022371213718
204 8 -0.0000241038160000
205 8 -0.0000204861430400
206 8 -0.0000243634934400
1 9 -0.1113320006030000
2 9 0.1100999700000000
5 9 -0.2626292800000000
6 9 0.1135999600000000
7 9 -0.1135999600000000
8 9 -0.2347041786096803
9 9 2.9023973153156515
10 9 1.4699758886734677
11 9 0.5879939941437955
12 9 0.0000118448746159
13 9 0.0000503846256498
14 9 0.0019969106723198
15 9 0.0000168449991233
16 9 0.0000017393164760
17 9 0.0181936595347756
18 9 -0.0052596128786015
19 9 0.0944258203446247
20 9 0.0545270784370547
21 9 0.0106954237627952
22 9 0.0008845530065368
23 9 0.0203904274798992
24 9 -0.0034434957325845
25 9 0.0025964251399516
26 9 0.0034812303984672
27 9 0.0018106838225352
28 9 0.0008016723087550
29 9 0.0019892827482023
30 9 -0.0001043071134546
31 9 0.0016869598965524
32 9 0.0017108727756600
33 9 -0.0996336324566544
34 9 0.0044283086375965
35 9 0.0001999944167693
36 9 0.0022467046658740
37 9 0.0048879082356213
38 9 0.0002131595689044
39 9 0.0010149176108325
40 9 0.0123559844765899
41 9 0.0104511803274191
42 9 0.0041228862347617
43 9 0.0022097781166096
44 9 0.0012178816734687
45 9 0.0015749151745831
46 9 0.0002551444365046
47 9 0.0065165676592196
48 9 0.0024989336705474
49 9 0.0004938467989881
50 9 -0.0239450582731450
53 9 0.1100999700000000
54 9 0.1452329147272540
55 9 0.0623225100785613
56 9 -0.0394490259819995
58 9 -0.0185930809480006
59 9 -0.4195000308999995
73 9 0.0212425070000000
99 9 -0.0355257715627485
100 9 -0.0395483299726606
101 9 -0.0012182687921802
102 9 0.0085904950391001
103 9 -0.0000040691317867
104 9 -0.0000012994159247
107 9 -0.0000013480757081
132 9 0.9999987077778061
136 9 1.0000000000000000
150 9 -0.0178636090000000
186 9 0.0000320308030000
187 9 0.0000052466455314
188 9 0.0000001345293822
189 9 0.0000395408829001
190 9 -0.0002824471565895
191 9 -0.0002317592205131
192 9 -0.0010396113393473
193 9 -0.0004562178677341
194 9 -0.0001594713735862
195 9 -0.0006074054876580
196 9 -0.0005295767978548
197 9 -0.0006414988550158
201 9 -0.0012888942049411
202 9 -0.0000900394580800
203 9 -0.0000103978917238
204 9 -0.0001120318390400
205 9 -0.0000952172988800
206 9 -0.0001132387713600
1 10 -0.9487479860600000
2 10 0.9531999799999999
5 10 -0.1763887400000000
6 10 0.0757998820000000
7 10 -0.0757998820000000
8 10 -5.1603673294094587
9 10 1.4699758886734677
10 10 27.9402513567192692
11 10 9.9325196408755723
12 10 0.0000177516838328
13 10 0.0000755104612349
14 10 0.0029927312907143
15 10 0.0000252452734777
16 10 0.0000026066798765
17 10 0.1498246965213947
18 10 0.8686994576891229
19 10 0.8203947637593298
20 10 0.4690843992393937
21 10 0.0922922344019263
22 10 0.0085700642022591
23 10 0.2453701313738848
24 10 0.0633180315048729
25 10 0.0199577994868667
26 10 0.0284882876289861
27 10 0.0156741520546734
28 10 0.0065912014095326
29 10 0.0179186443557054
30 10 -0.0011021947257560
31 10 0.0206986286185166
32 10 0.0350264195305651
33 10 -0.8369440339714223
34 10 0.0410134767110198
35 10 0.0017369027690277
36 10 0.0204298696206490
37 10 0.0499710527758190
38 10 0.0016622017119164
39 10 0.0079054157264033
40 10 0.1103115098214071
41 10 0.1002470717979241
42 10 0.0371406843321528
43 10 0.0190059398930414
44 10 0.0099598605229680
45 10 0.0354526292884880
46 10 0.0212545592292232
47 10 0.1347407503512224
48 10 0.0615349939116249
49 10 0.0093882138125300
50 10 0.2927352502162558
53 10 0.9531999799999999
54 10 -1.2054582502252356
55 10 -0.0554962988804282
56 10 -1.7948702348320600
58 10 -0.3164764883450975
60 10 -0.6747401062279978
73 10 0.0055474266000000
99 10 -1.0374266145513085
100 10 -0.3931759195926058
101 10 -0.0120551190161191
102 10 0.0015366599658520
103 10 -0.0000060983290046
104 10 -0.0000019474094794
107 10 -0.0000020203349555
132 10 0.3959999912000000
137 10 1.0000000000000000
150 10 -0.0076990575000000
186 10 0.0000480039600000
187 10 0.0000078630486480
188 10 0.0000002016166464
189 10 0.0000629440015133
190 10 -0.0040634480053104
191 10 -0.0003473331221195
192 10 -0.0015580453523316
193 10 -0.0006837247688526
194 10 -0.0002389966425471
195 10 -0.0009103068645280
196 10 -0.0007933315508126
197 10 -0.0009614019983674
201 10 -0.0019316407489935
202 10 -0.0001349403704000
203 10 -0.0000155831180060
204 10 -0.0001678999520000
205 10 -0.0001427003300800
206 10 -0.0001697087691200
1 11 -0.0701835432360000
2 11 0.0729998950000000
5 11 -0.0846350720000000
6 11 0.0434999990000000
7 11 -0.0434999990000000
8 11 -1.8180756165338263
9 11 0.5879939941437955
10 11 9.9325196408755723
11 11 7.0071953521637704
12 11 0.0000528585377905
13 11 0.0002268459142445
14 11 0.0089565177550351
15 11 0.0000760569450661
16 11 0.0000080667246863
17 11 0.0161379782989690
18 11 0.2128699575696076
19 11 0.0823645617579931
20 11 0.0380659447744192
21 11 0.0075862888580853
22 11 0.0012087916850930
23 11 0.0746589776633537
24 11 0.0172653567066140
25 11 0.0048216343524557
26 11 -0.0047191284931456
27 11 0.0017159415094167
28 11 -0.0000960327643223
29 11 0.0020297919279352
30 11 -0.0007204350665650
31 11 0.0029381735797777
32 11 0.0054794565749018
33 11 -0.3884055461538236
34 11 0.0069883800523756
35 11 0.0003548786795582
36 11 0.0053141470254839
37 11 0.0054072182462181
38 11 -0.0008436602123883
39 11 0.0012685878173971
40 11 0.0167551115287443
41 11 0.0095188169895416
42 11 0.0064200166723670
43 11 0.0017462966667232
44 11 -0.0006348730338138
45 11 0.0163478548512858
46 11 0.0088160760683920
47 11 0.0622526076479468
48 11 0.0268166067429480
49 11 0.0047092621601205
50 11 0.1229620402999828
53 11 0.0729998950000000
54 11 -0.5093640633988085
55 11 0.0927185039237110
56 11 -0.7538942321520720
58 11 -0.1343562488151170
61 11 -0.9528400037479999
99 11 -0.4412311108761380
100 11 -0.2594963006493270
101 11 -0.0079566251735068
102 11 0.0003430798843760
103 11 -0.0000198426229802
104 11 -0.0000062819124619
107 11 -0.0000065076577125
132 11 0.0671669112074019
138 11 1.0000000000000000
186 11 0.0000836482360000
187 11 0.0000137015810568
188 11 0.0000003513226163
189 11 0.0002393554147242
190 11 -0.0430224184414568
191 11 -0.0034957323752054
192 11 -0.0051049414959762
193 11 -0.0025973269276107
194 11 -0.0004153578814827
195 11 -0.0015457967033799
196 11 -0.0013790951338905
197 11 -0.0056681065201763
201 11 -0.0063267294057527
202 11 -0.0005150629088000
203 11 -0.0000271540253177
204 11 -0.0002925703616000
205 11 -0.0002486593648000
206 11 -0.0009998233344000
5 12 -5.3563385999999999
6 12 1.2722998000000001
7 12 -1.2722998000000001
8 12 0.0000025484422805
9 12 0.0000118448746159
10 12 0.0000177516838328
11 12 0.0000528585377905
12 12 3.0004242340656422
13 12 0.0008674799453755
14 12 0.0290629038817678
15 12 0.0003892811947744
16 12 0.0003161306177617
17 12 0.0266139840588767
18 12 -0.5471542189347907
19 12 -1.5879177642344073
20 12 -2.0301359571224400
21 12 0.0000013455777765
22 12 -0.0099133290172564
23 12 0.0000227985701865
24 12 -0.0052627676387111
25 12 -0.0830045990383517
26 12 0.0000876430678599
27 12 -0.0218272915882337
28 12 0.0001373509432417
29 12 -0.0004058982953732
30 12 -0.0002699586166140
31 12 -0.0171325559800064
32 12 -0.0823726083581458
33 12 0.0000000825441651
34 12 -0.0270315443467266
35 12 -0.0023014593257601
36 12 -0.0060499813934189
37 12 -0.0053316426136424
38 12 -0.0083758067440837
39 12 -0.0007579502929454
40 12 -0.0068823641387966
41 12 -0.1472839467276315
42 12 -0.0158639503507164
43 12 -0.0004768381689429
44 12 -0.0070877961706570
45 12 -0.0849786218716662
46 12 -0.0269687337422525
47 12 0.0018695835763011
48 12 0.0009201423184638
49 12 -0.0074200749469710
50 12 -0.1282509167301806
54 12 4.5046039255836758
55 12 0.7880925312718482
56 12 -0.0065657098723703
63 12 -1.0000000000000000
75 12 1.0057802000000000
82 12 -0.0000657178123684
87 12 -0.0003589910958276
88 12 -0.0003334720639051
90 12 -0.0000258915310427
91 12 -0.0004619636273809
92 12 -0.0013037364813150
94 12 -0.0003262211840218
99 12 0.0797862230812707
103 12 -0.0000719407798384
104 12 -0.0000489703306704
105 12 -0.0000015695820861
106 12 -0.0000006906162560
107 12 -0.0000277679754269
108 12 -0.0001632365633217
123 12 5.0000000000000000
140 12 1.0000000000000000
152 12 -1.0057802000000000
187 12 -0.0022307547289333
188 12 -0.0016631080652082
189 12 -0.0009692149697072
192 12 -0.0004611611502845
193 12 -0.0059963387599981
194 12 -0.0047125254175734
195 12 -0.0022643866937524
196 12 -0.0064152118832045
197 12 -0.0024268177267522
198 12 -0.0004962133088000
199 12 -0.0004206381250000
200 12 -0.0001980026576000
201 12 -0.0007447387399324
202 12 -0.0011812708336000
203 12 -0.0003001087896376
204 12 -0.0004257034320000
205 12 -0.0011531211120000
206 12 -0.0004297871952000
5 13 -0.0265605160000000
6 13 0.0141999980000000
7 13 -0.0141999980000000
8 13 0.0000108403267053
9 13 0.0000503846256498
10 13 0.0000755104612349
11 13 0.0002268459142445
12 13 0.0008674799453755
13 13 3.0029986429681879
14 13 0.1020178930125212
15 13 0.0010983678565245
16 13 0.0003001302094285
17 13 0.0780438624154361
18 13 0.0187423479321732
19 13 0.0039516035859079
20 13 0.0229649729242349
21 13 0.0000057236935984
22 13 0.0005471267591626
23 13 0.0000833402031103
24 13 0.0003915836473797
25 13 0.0238707382170366
26 13 0.0014078430918969
27 13 0.0013011874875703
28 13 -0.0005004298534652
29 13 0.0022469918978211
30 13 0.0002108208772399
31 13 0.0020587933082520
32 13 -0.0000086025470175
33 13 0.0000002120254889
34 13 0.0003930762249827
35 13 0.0005374011284036
36 13 -0.0081624216342365
37 13 -0.0053557786080871
38 13 -0.0015453916447971
39 13 -0.0019232586132618
40 13 -0.0080819024703391
41 13 0.0009693306249203
42 13 -0.0064125805955475
43 13 0.0005000540419166
44 13 -0.0138327575795495
45 13 0.0013043698233790
46 13 0.0005561550795944
47 13 0.0045368695885951
48 13 0.0034868058397806
49 13 0.0011243846180761
50 13 0.0081567188177020
54 13 -0.0057063170956783
55 13 -0.0213252632545920
56 13 -0.0141238067571862
64 13 -1.0000000000000000
78 13 -0.0000363754003114
82 13 -0.0004065388773634
86 13 -0.0009552983344024
87 13 -0.0009742430504683
88 13 -0.0002782866172534
90 13 -0.0000959044428887
91 13 -0.0005164181048457
92 13 -0.0007870128801929
94 13 -0.0007606264173140
99 13 -0.0082719938066889
103 13 -0.0012841073951704
104 13 -0.0002311980008735
105 13 -0.0000097096375581
106 13 -0.0000043016614542
107 13 -0.0004913409648452
108 13 -0.0010164996480549
124 13 5.0000000000000000
141 13 1.0000000000000000
187 13 -0.0057299862914164
188 13 -0.0008910472799039
189 13 -0.0003969661558515
192 13 -0.0012639798834369
193 13 -0.0270107197693314
194 13 -0.0152349649313700
195 13 -0.0101368055338338
196 13 -0.0286997292251856
197 13 -0.0108803266763763
198 13 -0.0012745890080000
199 13 -0.0002253662675000
200 13 -0.0001280064104000
201 13 -0.0019129588843996
202 13 -0.0052846488640000
203 13 -0.0009705519346877
204 13 -0.0019044690720000
205 13 -0.0051587171680000
206 13 -0.0019227387520000
5 14 -0.0141525940000000
6 14 0.0037999998000000
7 14 -0.0037999998000000
8 14 0.0004296382850880
9 14 0.0019969106723198
10 14 0.0029927312907143
11 14 0.0089565177550351
12 14 0.0290629038817678
13 14 0.1020178930125212
14 14 8.5197461762871889
15 14 0.0391567869330641
16 14 0.0057456787037755
17 14 2.6732728292768662
18 14 1.4426793306555705
19 14 0.3583655591950498
20 14 1.0295110256194595
21 14 0.0002268490556507
22 14 0.0039870723391510
23 14 0.0025824969309997
24 14 -0.1555806404846438
25 14 0.8869927943649627
26 14 0.0346564069614589
27 14 0.0419006614352967
28 14 0.0067413288138205
29 14 0.0395542681123571
30 14 0.0039863177467857
31 14 0.0473245550318553
32 14 0.0005844266088565
33 14 0.0000300156683896
34 14 0.0128304094428452
35 14 0.0000085195052248
36 14 0.0267490271222908
37 14 -0.0484256768521252
38 14 -0.1040074523132850
39 14 -0.3363804756475849
40 14 0.1250133465286007
41 14 0.3394756961411974
42 14 0.0025998638207137
43 14 0.0381702857593021
44 14 0.0056870369137367
45 14 0.0749346503196904
46 14 0.0370888213802875
47 14 0.1720821063049019
48 14 0.1311903179701110
49 14 0.0535966829749730
50 14 0.3974822740765435
54 14 -1.9151191013061759
55 14 -1.1535249794510649
56 14 -0.2383469859518091
65 14 -1.0000000000000000
75 14 0.0010060000000000
82 14 -0.0153970117939978
87 14 -0.0119819272046072
88 14 -0.0191890335215088
90 14 -0.0012472038191107
91 14 -0.0065784927828311
92 14 -0.0103695464630316
99 14 -0.3551716978830426
103 14 -0.0207326001697328
104 14 -0.0136093259131344
105 14 -0.0003677370414526
106 14 -0.0001618043306000
107 14 -0.0040480726652014
108 14 -0.0405426546110561
125 14 5.0000000000000000
142 14 1.0000000000000000
152 14 -0.0010060000000000
187 14 -0.8111730865252741
188 14 -0.8265636087651052
189 14 -0.0144306849645903
192 14 -0.1734398740361464
193 14 -0.9373375656018385
194 14 -0.7711247927055923
195 14 -0.3545404659240413
196 14 -1.0050363445512038
197 14 -0.3781654089700430
198 14 -0.1804388784000000
199 14 -0.2090568700000000
200 14 -0.0086791904320000
201 14 -0.2708104693927220
202 14 -0.1850632256000000
203 14 -0.0491135573033291
204 14 -0.0666926620800000
205 14 -0.1806532112000000
206 14 -0.0673324396800000
5 15 -1.2555879400000001
6 15 0.3377999700000000
7 15 -0.3377999700000000
8 15 0.0000036242264735
9 15 0.0000168449991233
10 15 0.0000252452734777
11 15 0.0000760569450661
12 15 0.0003892811947744
13 15 0.0010983678565245
14 15 0.0391567869330641
15 15 3.0006044080674590
16 15 0.0002695811970987
17 15 0.0455324087012943
18 15 -0.1098153699830167
19 15 -0.2533009582492191
20 15 -0.3029128562944653
21 15 0.0000019135919447
22 15 -0.0057996100228056
23 15 0.0000980999666842
24 15 -0.0016648953027216
25 15 -0.0065977162404324
26 15 0.0004297192272880
27 15 -0.0061372270665547
28 15 0.0001024186205851
29 15 0.0008464723169141
30 15 -0.0023814686618732
31 15 -0.0042178349840370
32 15 -0.0213523938843882
33 15 0.0000000847913370
34 15 -0.0107284455463603
35 15 -0.0002670776059008
36 15 0.0001428762289325
37 15 -0.0085525035217368
38 15 -0.0067853258357690
39 15 -0.0007758796504117
40 15 -0.0187684664972299
41 15 -0.0644258679026406
42 15 -0.0073342723460518
43 15 0.0001932863607058
44 15 -0.0002632189807354
45 15 -0.0237024487743701
46 15 -0.0109982788100197
47 15 0.0024866270743034
48 15 0.0014021995032602
49 15 -0.0003278498171256
50 15 -0.0490553566160697
54 15 5.0770303108879871
55 15 0.8860305373289133
56 15 -0.0102764813684494
66 15 -1.0000000000000000
75 15 1.0057802000000000
80 15 -0.0002485104713314
82 15 -0.0001929940780494
84 15 -0.0002366987500800
87 15 -0.0011524630825905
88 15 -0.0010773864615081
90 15 -0.0000827083932505
91 15 -0.0009947276691460
92 15 -0.0006696763936416
99 15 0.0222165449060937
103 15 -0.0001469418365041
104 15 -0.0001219831133880
105 15 -0.0000069753942263
106 15 -0.0000051827904224
107 15 -0.0000533507648269
108 15 -0.0004806012419732
126 15 5.0000000000000000
143 15 1.0000000000000000
152 15 -1.0057802000000000
187 15 -0.0022914845766558
188 15 -0.0025131318069113
189 15 -0.0000515392014006
192 15 -0.0004875522201310
193 15 -0.0090285590139808
194 15 -0.0047024141125402
195 15 -0.0033850972075700
196 15 -0.0095845835771616
197 15 -0.0036319117611354
198 15 -0.0005097221712000
199 15 -0.0006356286000000
200 15 -0.0000301758582400
201 15 -0.0007650133393180
202 15 -0.0017648658720000
203 15 -0.0002996126195469
204 15 -0.0006360180640000
205 15 -0.0017228091408000
206 15 -0.0006421193504000
5 16 -1.2350322000000000
6 16 0.3443999900000000
7 16 -0.3443999900000000
8 16 0.0000003742165156
9 16 0.0000017393164760
10 16 0.0000026066798765
11 16 0.0000080667246863
12 16 0.0003161306177617
13 16 0.0003001302094285
14 16 0.0057456787037755
15 16 0.0002695811970987
16 16 3.0005773055935578
17 16 0.0131623915218951
18 16 -0.1185493411231567
19 16 -0.2671834600059008
20 16 -0.3188962521004347
21 16 0.0000001975863601
22 16 -0.0061236047772928
23 16 0.0002663490479281
24 16 -0.0017711569569219
25 16 -0.0180020515485807
26 16 0.0000828468944204
27 16 -0.0069869966849090
28 16 0.0001395804745899
29 16 0.0007057950818178
30 16 -0.0012739066537772
31 16 -0.0047875242281669
32 16 -0.0225310273560942
34 16 -0.0205865356471413
35 16 -0.0002838340628608
36 16 0.0000276645024882
37 16 -0.0017476143412470
38 16 -0.0006605008846227
39 16 0.0000912392927877
40 16 -0.0128193656213430
41 16 -0.0660848234681214
42 16 -0.0205075276070081
43 16 0.0000471568400944
44 16 -0.0003457726024410
45 16 -0.0256337278228618
46 16 -0.0118629981977781
47 16 0.0014629434453649
48 16 0.0006148250614152
49 16 -0.0006522422763934
50 16 -0.0532709731910345
54 16 6.0147781992184406
55 16 1.0578148571179160
56 16 -0.0081932644305020
67 16 -1.0000000000000000
75 16 1.0057802000000000
80 16 -0.0001319741304083
82 16 -0.0004178187612619
84 16 -0.0007948278514398
90 16 -0.0000235383544519
92 16 -0.0017370443597115
99 16 0.0261389130568358
103 16 -0.0002767730624907
104 16 -0.0002214691746059
105 16 -0.0000180452952873
106 16 -0.0000149867103008
107 16 -0.0001708858321003
108 16 -0.0010585807734307
127 16 5.0000000000000000
144 16 1.0000000000000000
152 16 -1.0057802000000000
189 16 -0.0005361154770572
192 16 0.0000123321051040
193 16 -0.0010528297738572
194 16 0.0000008006551193
195 16 -0.0003903181965193
196 16 -0.0011059579091398
197 16 -0.0004198345690147
200 16 -0.0000993604392000
202 16 -0.0002036465024000
204 16 -0.0000733896486400
205 16 -0.0001987936544000
206 16 -0.0000740936539200
1 17 -0.1554921900000000
2 17 0.1554921900000000
5 17 -0.0303454540000000
6 17 0.0179999990000000
7 17 -0.0179999990000000
8 17 0.0262449089420199
9 17 0.0181936595347756
10 17 0.1498246965213947
11 17 0.0161379782989690
12 17 0.0266139840588767
13 17 0.0780438624154361
14 17 2.6732728292768662
15 17 0.0455324087012943
16 17 0.0131623915218951
17 17 8.1833431316591785
18 17 0.6135560753409590
19 17 0.2910663767439883
20 17 1.0282626190146511
21 17 0.0150337043231880
22 17 0.0066855172842671
23 17 0.0170301561485339
24 17 0.0153264006510015
25 17 1.0403763168729478
26 17 0.1048854345974775
27 17 0.1335336022209214
28 17 -1.0894376047273053
29 17 0.0589652041779913
30 17 0.0078028573023202
31 17 0.1207887341791627
32 17 0.0887734921970979
33 17 0.0213989891250681
34 17 0.0451538806376555
35 17 0.0003552166903667
36 17 0.0560595703211837
37 17 -0.4194259274694461
38 17 -0.8627614158763919
39 17 0.0207616588651645
40 17 -0.8132936723359745
41 17 -0.0242213385788568
42 17 -0.2714623866550167
43 17 0.0214075218823051
44 17 0.0153179374773406
45 17 0.0586523934310335
46 17 0.0289853730263463
47 17 0.2210656199700344
48 17 0.1170733516084499
49 17 0.0395952824979477
50 17 0.3274792601364557
53 17 0.1554921900000000
54 17 -1.8282928795364537
55 17 -1.1133245286797970
56 17 -0.9551232616145174
68 17 -1.0000000000000000
78 17 -0.0607543619201652
87 17 -0.0755872758208584
88 17 -0.1514198390256714
90 17 -0.0081555755689642
91 17 -0.0789702932472144
92 17 -0.0343354980849234
99 17 -0.3315466290204968
103 17 -0.0060757738903832
104 17 -0.0027696962127154
107 17 -0.0028641718774167
108 17 -0.0000329264776098
128 17 5.0000000000000000
145 17 1.0000000000000000
188 17 -0.3628233160743319
189 17 -0.0075423257404377
192 17 0.0036827458828072
193 17 -0.5842027461761430
194 17 -0.4058968483627633
195 17 -0.2198010308588199
196 17 -0.6220545719781068
197 17 -0.2364072610203549
199 17 -0.0917663275000000
200 17 -0.0018384324640000
202 17 -0.1145425494400000
203 17 -0.0258486136122903
204 17 -0.0412785648000000
205 17 -0.1118130270400000
206 17 -0.0416745472000000
1 18 -2.7320465206136717
2 18 0.6131190700000000
3 18 -0.0504523835726288
4 18 0.1277389500000000
5 18 -0.2363720000000000
6 18 0.0090999976000000
7 18 -0.0134000000000000
8 18 0.0605449389147913
9 18 -0.0052596128786015
10 18 0.8686994576891229
11 18 0.2128699575696076
12 18 -0.5471542189347907
13 18 0.0187423479321732
14 18 1.4426793306555705
15 18 -0.1098153699830167
16 18 -0.1185493411231567
17 18 0.6135560753409590
18 18 23.6618650782514521
19 18 11.3115428006071266
20 18 27.6822266206140917
21 18 -0.4993381352969183
22 18 -0.1564569244365446
23 18 0.0389513211697705
24 18 -2.8931537307264534
25 18 0.0802641662882038
26 18 0.0313417670377633
27 18 0.0495268662264681
28 18 -0.0142822446363588
29 18 -0.1149274493439248
30 18 -0.0069635511036248
31 18 0.0633712991878455
32 18 -0.2055709766923415
33 18 -0.2353901615464943
34 18 -0.1934264589915100
35 18 -0.4194879875594548
36 18 0.0331414630033095
37 18 0.1002715144946496
38 18 -0.0371060700881106
39 18 -0.0487368975368698
40 18 0.3717814111866436
41 18 0.3985389701231810
42 18 0.1596871839240571
43 18 0.0096464691224758
44 18 -0.0341667933973989
45 18 -0.4202705125630657
46 18 0.0729695808841942
47 18 0.3421253879235847
48 18 -0.8427009027625716
49 18 -0.0156777105900552
50 18 1.3940381025808615
53 18 0.6131190700000000
54 18 -14.5124686350240797
55 18 -7.5412408953212138
56 18 -2.1391312019255140
58 18 -0.0043164814590042
59 18 -0.0679184269440022
60 18 -0.0220815329176001
61 18 -0.0011056399367000
62 18 -0.1266367332080004
69 18 -1.0000000000000000
72 18 -0.2761361662704004
74 18 0.0093819946000000
76 18 -0.0138942810535580
77 18 -0.0075940505906983
78 18 -0.0016660442714165
79 18 -0.0409460452509768
80 18 -0.0028560731826109
81 18 -0.0017163276193924
82 18 -0.1273753794360600
83 18 -0.0682624258047741
84 18 -0.0221572213167728
86 18 -0.0151683270919752
87 18 -0.0025807689473056
88 18 -0.0099227667084011
90 18 -0.0003432883715525
91 18 -0.0086903664948921
92 18 -0.0034971066330400
93 18 -0.0040701848615152
94 18 -0.0034115872964396
99 18 -0.9253718373788137
100 18 -0.4509740546394855
101 18 -0.0148170440984007
102 18 -0.0107908331016043
103 18 -0.3458130771766552
104 18 -0.2100040817557016
105 18 -0.0052846717986112
106 18 -0.0025239198608288
107 18 0.1883888306467600
108 18 -0.6956860268947401
109 18 0.0001957012000000
111 18 -0.0002318993128000
115 18 -0.0100102647257700
118 18 0.0229603280000000
119 18 0.0156736780000000
120 18 0.0782659794166947
121 18 0.1733261875821876
122 18 0.0001957012000000
123 18 -2.7655213999999999
124 18 -0.0157755895000000
125 18 -0.0095755445000000
126 18 -0.5967518500000000
127 18 -0.6327658999999999
128 18 -0.0471644850000000
129 18 4.9645275000000000
130 18 -0.0069629450000000
131 18 -0.0296702795000000
132 18 -0.3680203870732338
146 18 1.0000000000000000
151 18 -0.0093819946000000
186 18 1.6410847000000000
187 18 0.1477665467060834
188 18 -0.0224992003895596
189 18 0.0659417704423857
190 18 -0.7065968059889388
191 18 -1.5781631654384434
192 18 -0.0219226936441531
193 18 -0.1946140013596628
194 18 0.1302444755893322
195 18 -0.1334175336774923
196 18 -0.1025415621648137
197 18 -0.1259287964036553
198 18 -0.0269250625600000
199 18 -0.0074338485000000
200 18 -0.0133742857600000
201 18 -0.0874881003134620
202 18 -0.0450075102400000
203 18 -0.0035836977523831
204 18 -0.0251002118400000
205 18 -0.0196908184000000
206 18 -0.0247165564800000
1 19 -0.9328611400000001
2 19 0.8255583600000000
5 19 -0.0537089040000000
6 19 0.0044999979000000
7 19 -0.0044999979000000
8 19 0.1688517364971137
9 19 0.0944258203446247
10 19 0.8203947637593298
11 19 0.0823645617579931
12 19 -1.5879177642344073
13 19 0.0039516035859079
14 19 0.3583655591950498
15 19 -0.2533009582492191
16 19 -0.2671834600059008
17 19 0.2910663767439883
18 19 11.3115428006071266
19 19 32.1064752064908632
20 19 123.9906207868999104
21 19 0.0931844671710879
22 19 -0.1989104028278132
23 19 -0.0049936589980538
24 19 -1.3503165793589584
25 19 -0.2975770617076522
26 19 0.0192907367877575
27 19 0.0416789960602303
28 19 -0.0222659729905555
29 19 -0.1674842042879310
30 19 -0.0061208888808613
31 19 0.0510860770535321
32 19 -0.7767747355208510
33 19 -0.1017940309825819
34 19 0.1454391151227279
35 19 -3.6559633446407962
36 19 -0.6381752618331319
37 19 0.0609121276318423
38 19 -0.0166396817072431
39 19 0.0082079567831709
40 19 0.1463087555483416
41 19 0.5009432100984845
42 19 0.0571529807296777
43 19 -0.0015022259377628
44 19 0.0079667420053493
45 19 -2.1146761596885186
46 19 0.3984117481942351
47 19 0.2319845213550362
48 19 0.2582756175129448
49 19 0.0081868452208227
50 19 1.0961592320121292
53 19 0.8255583600000000
54 19 -22.4835358111580348
55 19 -10.4925027265614226
56 19 -1.8567084744624154
70 19 -1.0000000000000000
72 19 -0.5708293879773408
76 19 -0.0104788993411645
77 19 -0.0065874042003493
78 19 -0.0016452381537010
79 19 -0.0573534054874128
80 19 -0.0021335118720573
81 19 -0.0018604121451315
82 19 -0.2412587147470880
83 19 -0.0374893599488802
84 19 -0.0027742417936345
86 19 -0.0816577988040815
87 19 -0.0044860605416931
88 19 -0.0054290899914941
90 19 -0.0004345949844127
91 19 -0.0100468648319643
92 19 -0.0020433182777197
93 19 -0.0026281521976974
94 19 -0.0010381615210724
99 19 -0.5884893996491818
100 19 -0.7458362233750334
101 19 -0.0232662821954660
103 19 -0.7996409557909114
104 19 -0.2169984378661059
105 19 -0.0069672780519879
106 19 -0.0030873209725509
107 19 -0.4655359802878674
108 19 -0.9451449230741789
123 19 -7.9459524999999998
124 19 -0.0338549725000000
125 19 -0.0205483845000000
126 19 -1.2806463000000001
127 19 -1.3579339000000001
128 19 -0.0519554900000000
129 19 -0.1155944900000000
130 19 4.9754324500000005
