207 207 10459
1 1 8.1057435651138086
2 1 -2.2069999600000001
3 1 -1.0000000000000000
4 1 -1.1000000200000000
6 1 1.0000000000000000
7 1 -1.0000000000000000
8 1 -0.1978075686802000
9 1 -0.1195352030450000
10 1 -0.9636527817390000
11 1 -0.0735919083590000
17 1 -0.0773293380000000
18 1 -6.6970186888100249
19 1 -4.1418847999999997
20 1 -0.1064703165000000
21 1 -0.1665338965998000
22 1 -0.0091399995900000
23 1 -0.1628341869060000
24 1 -0.0427180844652573
25 1 -0.0233717466000000
26 1 -0.1394919595570443
27 1 -0.0188899802800000
28 1 -0.0657258689005568
29 1 -0.0240462552900000
30 1 -0.0202131223618814
31 1 -0.0271272992437251
32 1 -0.0556371484944230
33 1 -0.1265259729980000
34 1 -0.0547779535918591
35 1 -0.0018000000000000
36 1 -0.0224639785700000
37 1 -0.0741794497367149
38 1 -0.0119189954000000
39 1 -0.0701495186000000
40 1 -0.1875772856607028
41 1 -0.1255914626000000
42 1 -0.0993075080000000
43 1 -0.0338152527000000
44 1 -0.0308753624000000
45 1 -0.0465347995187382
46 1 -0.1201761823000000
47 1 -0.2338648894000000
48 1 -0.0852410270000000
49 1 -0.0244315453000000
50 1 -0.3708137311667009
53 1 -1.0000000000000000
54 1 0.2544288363514770
55 1 1.3619252592873081
95 1 -0.0038999999000000
96 1 -0.0027999999000000
97 1 -0.0233000000000000
98 1 0.1423999700000000
99 1 0.1438324010561339
100 1 0.5237999600000000
101 1 0.0242999980000000
103 1 -0.0398988887298030
104 1 0.0000036599974480
107 1 -0.4998082096361820
109 1 0.0001731657756448
111 1 0.0003989499798000
115 1 0.0230129519854000
118 1 -0.0394999980000000
119 1 -0.0512999970000000
120 1 -0.1355758803762000
121 1 -0.2566683871499996
122 1 -0.0002999999600000
186 1 -1.1299999999999999
187 1 -0.1037592900000000
188 1 -0.0155636780000000
189 1 -0.0465048180000000
190 1 -0.0462151690000000
191 1 -0.0337848810000000
192 1 -0.0176473780000000
193 1 -0.0136471314607028
194 1 -0.0465770382803692
195 1 -0.0017226973907028
196 1 -0.0032602676607028
197 1 -0.0056681330607028
198 1 0.1037600000000000
199 1 0.0155600010000000
200 1 0.0465000010000000
201 1 0.0176500010000000
202 1 0.0126699990000000
203 1 0.0461400000000000
204 1 0.0007400000500000
205 1 0.0022799999000000
206 1 0.0046899989000000
1 2 -2.2069999600000001
2 2 7.0428489834400017
3 2 1.0000000000000000
4 2 0.0207000001399992
5 2 4.0000000000000000
8 2 0.1672999900000000
9 2 0.1100999700000000
10 2 0.9531999799999999
11 2 0.0729998950000000
17 2 0.0773293380000000
18 2 3.1711635999999999
19 2 3.1271019000000000
20 2 0.0162105190000000
21 2 0.0958999990000000
22 2 0.0089999996000000
23 2 0.0983999970000000
24 2 0.0290999970000000
25 2 0.0201999990000000
26 2 0.0414999980000000
27 2 0.0159999990000000
28 2 0.0083999969000000
29 2 0.0170999990000000
31 2 0.0185999980000000
32 2 0.0272999960000000
33 2 0.1215618800000000
34 2 0.0346999990000000
35 2 0.0018000000000000
36 2 0.0195999970000000
37 2 0.0447999980000000
38 2 0.0034999999000000
39 2 0.0080999956000000
40 2 0.1084998800000000
41 2 0.1043999800000000
42 2 0.0350999980000000
43 2 0.0198999980000000
44 2 0.0130999980000000
53 2 1.0000000000000000
57 2 10.0000000000000000
95 2 0.0008072998233000
96 2 0.0005795998673000
97 2 1.0048230990680000
98 2 0.8576000300000000
174 2 -1.0000000000000000
175 2 -1.0000000000000000
186 2 0.0269099948000000
1 3 -1.0000000000000000
2 3 1.0000000000000000
3 3 3.6066098920000162
18 3 -0.1703486911871092
24 3 -0.0010865389070003
28 3 -0.0349999960000000
35 3 -0.0087950395328000
37 3 -0.0989999770000000
38 3 -0.0569999960000000
39 3 -0.0279999970000000
40 3 -0.1237852395460020
41 3 -0.5033926463390000
42 3 -0.1169999800000000
43 3 -0.0419999990000000
44 3 -0.0069999956000000
46 3 -0.9329999700000000
47 3 -0.0899999960000000
48 3 -0.0179999992000000
50 3 -0.0259999940000000
51 3 -1.0000000000000000
52 3 -1.0000000000000000
54 3 0.2919175235288044
55 3 0.0216122935810006
98 3 -0.1423999700000000
99 3 0.3060306227036036
1 4 -1.1000000200000000
2 4 0.0207000001399992
4 4 1.0100000040000003
18 4 0.7733650800000000
20 4 0.0051522925000000
22 4 0.0001399999900000
23 4 0.0067779943000000
24 4 0.0055899955000000
25 4 0.0014489999000000
26 4 0.0050719976000000
27 4 0.0004280000000000
28 4 0.0024379999000000
29 4 0.0021639999000000
30 4 0.0074089989000000
31 4 0.0027549998000000
32 4 0.0138469970000000
34 4 0.0039799996000000
36 4 0.0005949998700000
37 4 0.0054019988000000
38 4 0.0063569956000000
39 4 0.0365940000000000
40 4 0.0655099150000000
41 4 0.0096579976000000
42 4 0.0338509980000000
43 4 0.0060319975000000
44 4 0.0026019998000000
45 4 0.0123090000000000
46 4 0.1124109600000000
47 4 0.0127459990000000
48 4 0.0326129980000000
49 4 0.0064809956000000
50 4 0.0736948850000000
95 4 0.0003900000680000
96 4 0.0002800000460000
97 4 0.0023300004660000
99 4 -0.0539999980000000
186 4 0.0130000026000000
2 5 4.0000000000000000
5 5 70.2026098221143684
6 5 -33.4884972488522834
7 5 33.1650772068653907
8 5 -1.8560134800000001
9 5 -0.2630727200000000
10 5 -0.1772712460000000
11 5 -0.0881832400000000
12 5 -2.2743340000000001
13 5 -0.0249655700000000
14 5 -0.0094525590000000
15 5 -0.7906160400000000
16 5 -0.5981142600000000
17 5 -0.0332935160000000
18 5 -0.1671826840000000
19 5 -0.0430012040000000
20 5 -0.0110208914000000
21 5 -2.0859260000000002
22 5 -1.7831097800000000
23 5 -1.6653304200000001
24 5 -2.8141098000000002
25 5 -1.8600751200000001
26 5 -1.6249895000000001
27 5 -1.6799888599999999
28 5 -1.5924569399999999
29 5 -1.8218939400000000
30 5 -1.5053533400000001
31 5 -1.6959042600000001
32 5 -1.8425841400000000
33 5 -0.4906425400000000
34 5 -1.8324746999999999
35 5 -2.2876281999999999
36 5 -1.6805140999999999
37 5 -1.7042093199999999
38 5 -1.4792593800000000
39 5 -1.5856182599999999
40 5 -1.8468003200000001
41 5 -1.5619594999999999
42 5 -1.5575761800000001
43 5 -1.4551758800000001
44 5 -1.5457086600000001
48 5 -1.8447906999999999
50 5 -1.7905420000000001
57 5 5.0799999240000000
58 5 0.5371675500000000
59 5 0.1315363600000000
60 5 0.0886356230000000
61 5 0.0440916200000000
62 5 1.0429630000000001
63 5 1.1371670000000000
64 5 0.0124827850000000
65 5 0.0047262795000000
66 5 0.3953080200000000
67 5 0.2990571300000000
68 5 0.0166467580000000
69 5 0.0835913420000000
70 5 0.0215006020000000
71 5 0.0055104457000000
72 5 0.8915548900000000
73 5 -0.1138886907160619
74 5 1.4062706464807493
75 5 -1.5861014457795091
76 5 0.8124947500000000
77 5 0.8399944300000000
78 5 0.7962284700000000
79 5 0.9109469700000000
80 5 0.7526766700000000
81 5 0.8479521300000000
82 5 0.9212920700000000
83 5 0.2453212700000000
84 5 0.9162373500000000
85 5 1.1438140999999999
86 5 0.8402570499999999
87 5 0.8521046600000000
88 5 0.7396296900000000
89 5 0.7928091300000000
90 5 0.9234001600000000
91 5 0.7809797500000000
92 5 0.7787880900000000
93 5 0.7275879400000000
94 5 0.7728543300000000
95 5 0.8952710000000000
96 5 0.9223953499999999
97 5 1.0000000000000000
98 5 1.0000000000000000
135 5 -0.5371675500000000
136 5 -0.1315363600000000
137 5 -0.0886356230000000
138 5 -0.0440916200000000
139 5 -1.0429630000000001
140 5 -1.1371670000000000
141 5 -0.0124827850000000
142 5 -0.0047262795000000
143 5 -0.3953080200000000
144 5 -0.2990571300000000
145 5 -0.0166467580000000
146 5 -0.0835913420000000
147 5 -0.0215006020000000
148 5 -0.0055104457000000
149 5 -0.8915548900000000
150 5 -0.5781071506792230
151 5 -1.4062706464807493
152 5 1.5861014457795091
153 5 -0.8124947500000000
154 5 -0.8399944300000000
155 5 -0.7962284700000000
156 5 -0.9109469700000000
157 5 -0.7526766700000000
158 5 -0.8479521300000000
159 5 -0.9212920700000000
160 5 -0.2453212700000000
161 5 -0.9162373500000000
162 5 -1.1438140999999999
163 5 -0.8402570499999999
164 5 -0.8521046600000000
165 5 -0.7396296900000000
166 5 -0.7928091300000000
167 5 -0.9234001600000000
168 5 -0.7809797500000000
169 5 -0.7787880900000000
170 5 -0.7275879400000000
171 5 -0.7728543300000000
172 5 -0.8952710000000000
173 5 -0.9223953499999999
174 5 -1.0000000000000000
175 5 -1.0000000000000000
176 5 -1.0000000000000000
177 5 -1.0000000000000000
178 5 -1.0000000000000000
179 5 -1.0000000000000000
180 5 -1.0000000000000000
181 5 -1.0000000000000000
182 5 -1.0000000000000000
183 5 -1.0000000000000000
184 5 -1.0000000000000000
185 5 -1.0000000000000000
187 5 -2.0000000000000000
188 5 -2.0000000000000000
189 5 -2.0000000000000000
192 5 -2.0000000000000000
193 5 -2.0000000000000000
194 5 -2.0000000000000000
195 5 -2.0000000000000000
196 5 -2.0000000000000000
197 5 -2.0000000000000000
198 5 1.0000000000000000
199 5 1.0000000000000000
200 5 1.0000000000000000
201 5 1.0000000000000000
202 5 1.0000000000000000
203 5 1.0000000000000000
204 5 1.0000000000000000
205 5 1.0000000000000000
206 5 1.0000000000000000
207 5 1.0000000000000000
1 6 1.0000000000000000
5 6 -33.4884972488522834
6 6 37.6137159875032125
8 6 1.1709998900000000
9 6 0.1135999600000000
10 6 0.0757998820000000
11 6 0.0434999990000000
12 6 1.2722998000000001
13 6 0.0141999980000000
14 6 0.0037999998000000
15 6 0.3377999700000000
16 6 0.3443999900000000
17 6 0.0179999990000000
18 6 0.0047999956000000
19 6 0.0044999979000000
20 6 0.0069999956000000
21 6 1.0000000000000000
22 6 1.0000000000000000
23 6 1.0000000000000000
24 6 1.0000000000000000
25 6 1.0000000000000000
26 6 1.0000000000000000
27 6 1.0000000000000000
28 6 1.0000000000000000
29 6 1.0000000000000000
30 6 1.0000000000000000
31 6 1.0000000000000000
32 6 1.0000000000000000
33 6 0.2209999600000000
34 6 1.0000000000000000
35 6 1.0000000000000000
36 6 1.0000000000000000
37 6 1.0000000000000000
38 6 1.0000000000000000
39 6 1.0000000000000000
40 6 1.0000000000000000
41 6 1.0000000000000000
42 6 1.0000000000000000
43 6 1.0000000000000000
44 6 1.0000000000000000
48 6 1.0000000000000000
50 6 1.0000000000000000
58 6 -0.5280000000000000
59 6 -0.1135999600000000
60 6 -0.0757998820000000
61 6 -0.0434999990000000
62 6 -1.0000000000000000
63 6 -1.2722998000000001
64 6 -0.0141999980000000
65 6 -0.0037999998000000
66 6 -0.3377999700000000
67 6 -0.3443999900000000
68 6 -0.0179999990000000
69 6 -0.0047999956000000
70 6 -0.0044999979000000
71 6 -0.0069999956000000
72 6 -1.0000000000000000
73 6 -0.0777993759744158
74 6 -0.9999549664672007
75 6 1.7218009623125505
76 6 -1.0000000000000000
77 6 -1.0000000000000000
78 6 -1.0000000000000000
79 6 -1.0000000000000000
80 6 -1.0000000000000000
81 6 -1.0000000000000000
82 6 -1.0000000000000000
83 6 -0.2209999600000000
84 6 -1.0000000000000000
85 6 -1.0000000000000000
86 6 -1.0000000000000000
87 6 -1.0000000000000000
88 6 -1.0000000000000000
89 6 -1.0000000000000000
90 6 -1.0000000000000000
91 6 -1.0000000000000000
92 6 -1.0000000000000000
93 6 -1.0000000000000000
94 6 -1.0000000000000000
95 6 -1.0000000000000000
96 6 -1.0242999980000000
187 6 1.0000000000000000
188 6 1.0000000000000000
189 6 1.0000000000000000
192 6 1.0000000000000000
193 6 1.0000000000000000
194 6 1.0000000000000000
195 6 1.0000000000000000
196 6 1.0000000000000000
197 6 1.0000000000000000
198 6 -1.0000000000000000
199 6 -1.0000000000000000
200 6 -1.0000000000000000
201 6 -1.0000000000000000
202 6 -1.0000000000000000
203 6 -1.0000000000000000
204 6 -1.0000000000000000
205 6 -1.0000000000000000
206 6 -1.0000000000000000
1 7 -1.0000000000000000
5 7 33.1650772068653907
7 7 37.2526745289982415
8 7 -0.7568000000000000
9 7 -0.1135999600000000
10 7 -0.0757998820000000
11 7 -0.0434999990000000
12 7 -1.2722998000000001
13 7 -0.0141999980000000
14 7 -0.0037999998000000
15 7 -0.3377999700000000
16 7 -0.3443999900000000
17 7 -0.0179999990000000
18 7 -0.0089999996000000
19 7 -0.0044999979000000
20 7 -0.0069999956000000
21 7 -1.0000000000000000
22 7 -1.0000000000000000
23 7 -1.0000000000000000
24 7 -1.0000000000000000
25 7 -1.0000000000000000
26 7 -1.0000000000000000
27 7 -1.0000000000000000
28 7 -1.0000000000000000
29 7 -1.0000000000000000
30 7 -1.0000000000000000
31 7 -1.0000000000000000
32 7 -1.0000000000000000
33 7 -0.2209999600000000
34 7 -1.0000000000000000
35 7 -1.0000000000000000
36 7 -1.0000000000000000
37 7 -1.0000000000000000
38 7 -1.0000000000000000
39 7 -1.0000000000000000
40 7 -1.0000000000000000
41 7 -1.0000000000000000
42 7 -1.0000000000000000
43 7 -1.0000000000000000
44 7 -1.0000000000000000
48 7 -1.0000000000000000
50 7 -1.0000000000000000
96 7 -0.0242999980000000
135 7 -0.5280000000000000
136 7 -0.1135999600000000
137 7 -0.0757998820000000
138 7 -0.0434999990000000
139 7 -1.0000000000000000
140 7 -1.2722998000000001
141 7 -0.0141999980000000
142 7 -0.0037999998000000
143 7 -0.3377999700000000
144 7 -0.3443999900000000
145 7 -0.0179999990000000
146 7 -0.0089999996000000
147 7 -0.0044999979000000
148 7 -0.0069999956000000
149 7 -1.0000000000000000
150 7 -0.7516268483225526
151 7 -0.9999155620523528
152 7 1.7218009623125505
153 7 -1.0000000000000000
154 7 -1.0000000000000000
155 7 -1.0000000000000000
156 7 -1.0000000000000000
157 7 -1.0000000000000000
158 7 -1.0000000000000000
159 7 -1.0000000000000000
160 7 -0.2209999600000000
161 7 -1.0000000000000000
162 7 -1.0000000000000000
163 7 -1.0000000000000000
164 7 -1.0000000000000000
165 7 -1.0000000000000000
166 7 -1.0000000000000000
167 7 -1.0000000000000000
168 7 -1.0000000000000000
169 7 -1.0000000000000000
170 7 -1.0000000000000000
171 7 -1.0000000000000000
172 7 -1.0000000000000000
173 7 -1.0000000000000000
176 7 -1.0000000000000000
177 7 -1.0000000000000000
178 7 -1.0000000000000000
179 7 -1.0000000000000000
180 7 -1.0000000000000000
181 7 -1.0000000000000000
182 7 -1.0000000000000000
183 7 -1.0000000000000000
184 7 -1.0000000000000000
187 7 -1.0000000000000000
188 7 -1.0000000000000000
189 7 -1.0000000000000000
192 7 -1.0000000000000000
193 7 -1.0000000000000000
194 7 -1.0000000000000000
195 7 -1.0000000000000000
196 7 -1.0000000000000000
197 7 -1.0000000000000000
1 8 -0.1978075686802000
2 8 0.1672999900000000
5 8 -1.8560134800000001
6 8 1.1709998900000000
7 8 -0.7568000000000000
8 8 7.8397375838421262
9 8 -0.1159040220693113
10 8 -1.8156118308059610
11 8 -1.9387102536513070
12 8 0.0000025484422805
13 8 0.0000108403267053
14 8 0.0004296382850880
15 8 0.0000036242264735
16 8 0.0000003742165156
17 8 0.0131682645840485
18 8 0.5191490171858326
19 8 0.5492619988934152
20 8 0.0036197669536238
21 8 0.0193515833518963
22 8 0.0014635017016630
23 8 -0.0153759170510861
24 8 0.0002651186352944
25 8 0.0034595855668121
26 8 0.0030450408873309
27 8 0.0027103415263868
28 8 0.0029306660241037
29 8 0.0026867428594128
30 8 0.0002042504707005
31 8 0.0019944501881882
32 8 0.0028303970605467
33 8 0.1736293240186157
34 8 0.0049099804731290
35 8 0.0003015303679528
36 8 0.0030009972344180
37 8 0.0049874065921495
38 8 -0.0010151923591900
39 8 0.0013816496186054
40 8 0.0121586174032617
41 8 0.0171358871397046
42 8 0.0057747877873115
43 8 0.0034076230243301
44 8 0.0021281591902889
45 8 -0.0018398826976957
46 8 -0.0040844537008110
47 8 -0.0221931284546541
48 8 -0.0118776426321023
49 8 -0.0011163625413976
50 8 -0.0559651681199546
53 8 0.1672999900000000
54 8 0.1391982525861647
55 8 0.0340958637381315
56 8 0.3446999563400008
58 8 -0.9442000021400000
73 8 0.5151179400000000
99 8 1.0641152599467560
100 8 -0.0747316948324001
101 8 -0.0023856498046000
103 8 -0.0000008754797591
104 8 -0.0000002795712686
107 8 -0.0000002900404926
135 8 1.0000000000000000
150 8 -0.2979790200000000
186 8 0.0000075806802000
187 8 0.0000007865659953
188 8 0.0000001179832657
189 8 0.0000083164889535
190 8 -0.0000606176159513
191 8 -0.0000497527395029
192 8 -0.0002237138238663
193 8 -0.0000982079164788
194 8 -0.0000347422209566
195 8 -0.0001306872434527
196 8 -0.0001139485953075
197 8 -0.0001380386923336
198 8 -0.0000007865713776
199 8 -0.0000001179553915
200 8 -0.0000003525016369
201 8 -0.0000001337990131
202 8 -0.0000000960472106
203 8 -0.0000003497725844
204 8 -0.0000000056097037
205 8 -0.0000000172839501
206 8 -0.0000000355533818
1 9 -0.1195352030450000
2 9 0.1100999700000000
5 9 -0.2630727200000000
6 9 0.1135999600000000
7 9 -0.1135999600000000
8 9 -0.1159040220693113
9 9 2.8448979451977245
10 9 0.2700558913479489
11 9 0.3333882975471544
12 9 0.0000118448746159
13 9 0.0000503846256498
14 9 0.0019969106723198
15 9 0.0000168449991233
16 9 0.0000017393164760
17 9 0.0095879318744612
18 9 0.3243925597159625
19 9 0.3516212909472916
20 9 0.0024623441611555
21 9 0.0117712032806353
22 9 0.0008780626088418
23 9 0.0166119851825499
24 9 0.0003295725238648
25 9 0.0025964356749898
26 9 0.0053844980308126
27 9 0.0018175181254499
28 9 0.0013770386270794
29 9 0.0019886959905895
30 9 0.0000452315820477
31 9 0.0016307304512032
32 9 0.0011991000314235
33 9 -0.1173777920849181
34 9 0.0040852942856178
35 9 0.0001999944167693
36 9 0.0022384260588935
37 9 0.0050340256951544
38 9 0.0003904943033708
39 9 0.0010150732777893
40 9 0.0123043017009749
41 9 0.0104589276447493
42 9 0.0039051728029198
43 9 0.0022346589504992
44 9 0.0015702025600332
45 9 0.0001851568369305
46 9 -0.0003490002299957
47 9 0.0030405465968621
48 9 0.0011301899416586
49 9 0.0001486492376816
50 9 -0.0251692850265393
53 9 0.1100999700000000
54 9 0.0673040639328361
55 9 0.0088554212919273
56 9 0.0114899725280001
58 9 -0.0092999986100000
59 9 -0.8059600493119989
73 9 0.0367902480000000
99 9 -0.0096337631766907
100 9 -0.0328635365934215
101 9 -0.0010104198561700
102 9 0.0160011869444181
103 9 -0.0000040691317867
104 9 -0.0000012994159247
107 9 -0.0000013480757081
132 9 1.1249999750000002
136 9 1.0000000000000000
150 9 -0.0096284077000000
186 9 0.0000352341450000
187 9 0.0000036558698690
188 9 0.0000005483728874
189 9 0.0000386541065238
190 9 -0.0002817439971679
191 9 -0.0002312451867550
192 9 -0.0010397967252435
193 9 -0.0004564594429578
194 9 -0.0001614779859158
195 9 -0.0006074196820730
196 9 -0.0005296203114136
197 9 -0.0006415882827891
198 9 -0.0000036558948852
199 9 -0.0000005482433314
200 9 -0.0000016383877777
201 9 -0.0000006218826945
202 9 -0.0000004464165819
203 9 -0.0000016257034503
204 9 -0.0000000260732691
205 9 -0.0000000803338471
206 9 -0.0000001652481013
1 10 -0.9636527817390000
2 10 0.9531999799999999
5 10 -0.1772712460000000
6 10 0.0757998820000000
7 10 -0.0757998820000000
8 10 -1.8156118308059610
9 10 0.2700558913479489
10 10 5.9200970135760205
11 10 2.4297443237536571
12 10 0.0000177516838328
13 10 0.0000755104612349
14 10 0.0029927312907143
15 10 0.0000252452734777
16 10 0.0000026066798765
17 10 0.0753198675582517
18 10 3.0446211686720268
19 10 2.9697126347778080
20 10 0.0165546763554939
21 10 0.0975018917862497
22 10 0.0083880890756881
23 10 0.1321825794492962
24 10 0.0301941161723578
25 10 0.0199578152755138
26 10 0.0403636741681323
27 10 0.0154492417270302
28 10 0.0080463700057668
29 10 0.0167856916966522
30 10 -0.0002867635701280
31 10 0.0182432942776957
32 10 0.0272665659963604
33 10 -0.0921511689805322
34 10 0.0344197321436602
35 10 0.0017369027690277
36 10 0.0193883180874848
37 10 0.0445969704962059
38 10 0.0033615414238060
39 10 0.0079056490212996
40 10 0.1057253233062534
41 10 0.0994827685740754
42 10 0.0334493859000243
43 10 0.0190627859500155
44 10 0.0127255276423909
45 10 0.0019289927998138
46 10 0.0043145369455351
47 10 0.0234706874731485
48 10 0.0143900687436114
49 10 0.0017473429453724
50 10 0.0446036905643951
53 10 0.9531999799999999
54 10 -0.0884579380363812
55 10 -0.0190618168661435
56 10 -0.3666633456920640
58 10 -0.0674558997120016
60 10 -0.8885800204759996
73 10 0.0115290100000000
99 10 -0.3374730168040960
100 10 -0.2782715977246302
101 10 -0.0078887183579001
102 10 0.0021519898621780
103 10 -0.0000060983290046
104 10 -0.0000019474094794
107 10 -0.0000020203349555
132 10 1.1069995254000100
137 10 1.0000000000000000
150 10 -0.0078677647000000
186 10 0.0000528047390000
187 10 0.0000054789822273
188 10 0.0000008218359547
189 10 0.0000616150060645
190 10 -0.0040623941939800
191 10 -0.0003465627497377
192 10 -0.0015583231868383
193 10 -0.0006840868131983
194 10 -0.0002420039150031
195 10 -0.0009103281374367
196 10 -0.0007933967637829
197 10 -0.0009615360221269
198 10 -0.0000054790197186
199 10 -0.0000008216417916
200 10 -0.0000024554204163
201 10 -0.0000009320036962
202 10 -0.0000006690359903
203 10 -0.0000024364106575
204 10 -0.0000000390755095
205 10 -0.0000001203947996
206 10 -0.0000002476541678
1 11 -0.0735919083590000
2 11 0.0729998950000000
5 11 -0.0881832400000000
6 11 0.0434999990000000
7 11 -0.0434999990000000
8 11 -1.9387102536513070
9 11 0.3333882975471544
10 11 2.4297443237536571
11 11 7.5175622003971512
12 11 0.0000528585377905
13 11 0.0002268459142445
14 11 0.0089565177550351
15 11 0.0000760569450661
16 11 0.0000080667246863
17 11 0.0104320983100684
18 11 0.3193166534673221
19 11 0.2273382748961635
20 11 0.0034007634988465
21 11 0.0073977840844909
22 11 0.0012147940873900
23 11 0.0838654853537445
24 11 0.0084190329293899
25 11 0.0048216618646335
26 11 0.0038366767571075
27 11 0.0016689238887192
28 11 0.0008430290420680
29 11 0.0021161676211857
30 11 -0.0000204503109966
31 11 0.0032398464910860
32 11 0.0051015601948872
33 11 -0.3614337530614746
34 11 0.0051746166192031
35 11 0.0003548786795582
36 11 0.0054875920842034
37 11 0.0088276147884569
38 11 0.0002540065254344
39 11 0.0012689943405511
40 11 0.0172876423392985
41 11 0.0096063445836001
42 11 0.0048695733199944
43 11 0.0017500167784272
44 11 0.0010530335444034
45 11 0.0054188934730720
46 11 0.0093113122806942
47 11 0.0573147609434446
48 11 0.0298057620283305
49 11 0.0034799858500126
50 11 0.1261197695708850
53 11 0.0729998950000000
54 11 -0.2117396585529704
55 11 -0.0954050794238385
56 11 -0.8010032655320678
58 11 -0.1344158924320017
61 11 -0.9795700031539999
99 11 -0.7102155382108997
100 11 -0.0185460421167192
101 11 -0.0005238998423160
102 11 0.0000056699996940
103 11 -0.0000198426229802
104 11 -0.0000062819124619
107 11 -0.0000065076577125
132 11 0.1799999870000002
138 11 1.0000000000000000
186 11 0.0000920137390000
187 11 0.0000095472802289
188 11 0.0000014320722054
189 11 0.0002370396037342
190 11 -0.0430205821453364
191 11 -0.0034943899794888
192 11 -0.0051054256301228
193 11 -0.0025979577998046
194 11 -0.0004205981368598
195 11 -0.0015458337720063
196 11 -0.0013792087692785
197 11 -0.0056683400602501
198 11 -0.0000095473455586
199 11 -0.0000014317338709
200 11 -0.0000042786389555
201 11 -0.0000016240425854
202 11 -0.0000011658139811
203 11 -0.0000042455139175
204 11 -0.0000000680901715
205 11 -0.0000002097913157
206 11 -0.0000004315443347
5 12 -2.2743340000000001
6 12 1.2722998000000001
7 12 -1.2722998000000001
8 12 0.0000025484422805
9 12 0.0000118448746159
10 12 0.0000177516838328
11 12 0.0000528585377905
12 12 3.0004693699156868
13 12 0.0008506396933700
14 12 0.0273167839634660
15 12 0.0003751338258290
16 12 0.0006269218252089
17 12 0.0205052081641089
18 12 -1.3491024745052258
19 12 -2.8612324735911878
20 12 -0.0272620165819656
21 12 0.0000013455777765
22 12 -0.0046840299664267
23 12 0.0000235757863114
24 12 -0.0024355947637870
25 12 -0.0351009921426526
26 12 0.0003349422694420
27 12 -0.0101469999414865
28 12 0.0003122090609219
29 12 0.0000927167639668
30 12 -0.0001158329640799
31 12 -0.0080346488187388
32 12 -0.0389718712378779
33 12 0.0000000825441651
34 12 -0.0127483326836475
35 12 -0.0010957987234855
36 12 -0.0026027466861018
37 12 -0.0038861380005987
38 12 -0.0050962897307692
39 12 -0.0007952489966962
40 12 -0.0049352784964739
41 12 -0.0705943194656232
42 12 -0.0158609887297763
43 12 -0.0001279027265599
44 12 -0.0069070380607730
45 12 -0.0401525681872179
46 12 -0.0127197193371130
47 12 0.0019698594632397
48 12 0.0012018111641939
49 12 -0.0033584882933524
50 12 -0.0591871977287588
54 12 2.1347773321072094
55 12 0.3683399740977876
56 12 -0.0071741394422716
63 12 -1.0000000000000000
75 12 1.0057802000000000
82 12 -0.0001670301510897
87 12 -0.0037307110031315
88 12 -0.0001648003845709
89 12 -0.0002308103363618
90 12 -0.0009965889917608
91 12 -0.0031266716687987
92 12 -0.0343536432577192
94 12 -0.0013942305261163
99 12 0.1489634855467035
103 12 -0.0000781602780388
104 12 -0.0000485855447714
105 12 -0.0000005054754976
106 12 -0.0000004380787893
107 12 -0.0000285569442522
108 12 -0.0001853410236508
123 12 5.0000000000000000
140 12 1.0000000000000000
152 12 -1.0057802000000000
187 12 -0.0022307547289333
188 12 -0.0016631080652082
189 12 -0.0009692149697072
192 12 -0.0004611611502845
193 12 -0.0059963387599981
194 12 -0.0047125254175734
195 12 -0.0022643866937524
196 12 -0.0064152118832045
197 12 -0.0024268177267522
5 13 -0.0249655700000000
6 13 0.0141999980000000
7 13 -0.0141999980000000
8 13 0.0000108403267053
9 13 0.0000503846256498
10 13 0.0000755104612349
11 13 0.0002268459142445
12 13 0.0008506396933700
13 13 3.0028740099310411
14 13 0.0989407756367096
15 13 0.0010238585008378
16 13 0.0004386382326306
17 13 0.0637595346954723
18 13 0.0285571280685925
19 13 0.0204673638898228
20 13 0.0201581799142317
21 13 0.0000057236935984
22 13 0.0005366314074157
23 13 0.0000803433144540
24 13 0.0003852595445473
25 13 0.0232655503401850
26 13 0.0013772310890913
27 13 0.0013411750016688
28 13 -0.0003136456881506
29 13 0.0017843394958955
30 13 0.0001262656962618
31 13 0.0012906184273114
32 13 0.0002935432478515
33 13 0.0000002120254889
34 13 0.0004097506916270
35 13 0.0004863279437465
36 13 -0.0073427240658198
37 13 -0.0047751576134349
38 13 -0.0011909154602775
39 13 -0.0019637461363711
40 13 -0.0076455192670999
41 13 0.0014425575181776
42 13 -0.0053418074943418
43 13 0.0004362538760118
44 13 -0.0124377760496813
45 13 0.0015027071015839
46 13 0.0005934648685472
47 13 0.0042814542061765
48 13 0.0040616410854386
49 13 0.0010118920502945
50 13 0.0081497777088282
54 13 -0.0215027138613040
55 13 -0.0251216473688789
56 13 -0.0125515998472994
64 13 -1.0000000000000000
78 13 -0.0000117736521645
82 13 -0.0008675865800694
86 13 -0.0043156153020692
87 13 -0.0079638012516447
88 13 -0.0000996485307690
89 13 -0.0005928663887713
90 13 -0.0029273376578733
91 13 -0.0025633768260354
92 13 -0.0160731611037842
94 13 -0.0027295582791726
99 13 -0.0095417189608745
103 13 -0.0014830353494466
104 13 -0.0001946396811094
105 13 -0.0000026255364999
106 13 -0.0000023068043257
107 13 -0.0005041743927673
108 13 -0.0009687303041356
124 13 5.0000000000000000
141 13 1.0000000000000000
187 13 -0.0057299862914164
188 13 -0.0008910472799039
189 13 -0.0003969661558515
192 13 -0.0012639798834369
193 13 -0.0270107197693314
194 13 -0.0152349649313700
195 13 -0.0101368055338338
196 13 -0.0286997292251856
197 13 -0.0108803266763763
5 14 -0.0094525590000000
6 14 0.0037999998000000
7 14 -0.0037999998000000
8 14 0.0004296382850880
9 14 0.0019969106723198
10 14 0.0029927312907143
11 14 0.0089565177550351
12 14 0.0273167839634660
13 14 0.0989407756367096
14 14 8.4320252611058333
15 14 0.0360229711820584
16 14 0.0047725099873620
17 14 2.3442902660423610
18 14 1.8237659213262183
19 14 0.4300595703532845
20 14 0.7645291812960499
21 14 0.0002268490556507
22 14 0.0017234839788670
23 14 0.0022571237251000
24 14 -0.0420587551980485
25 14 0.8299906463514455
26 14 0.0330958975533076
27 14 0.0398565535548656
28 14 0.0064862135481339
29 14 0.0332289086132007
30 14 0.0029841286839698
31 14 0.0393310402918471
32 14 0.0431957415012695
33 14 0.0000300156683896
34 14 0.0079412887062174
35 14 0.0000030190121333
36 14 0.0226997515224955
37 14 -0.0054966385586149
38 14 -0.0383482876772224
39 14 -0.3369946707740021
40 14 0.2282753875145597
41 14 0.3362419683475864
42 14 0.0692265659346280
43 14 0.0368454656958034
44 14 0.0049362229799164
45 14 0.0707995447514626
46 14 0.0315838690585078
47 14 0.1564658299099956
48 14 0.1207293336184901
49 14 0.0511548189373034
50 14 0.3664037874794229
54 14 -1.6780047580405981
55 14 -1.0455923919045631
56 14 -0.1190431216979116
65 14 -1.0000000000000000
75 14 0.0010060000000000
82 14 -0.0115262363148371
87 14 -0.0413069117502180
88 14 -0.0035316476190774
89 14 -0.0839299117973431
90 14 -0.0133540037442818
91 14 -0.0141817895467306
92 14 -0.0919757596810623
99 14 -0.3494505072510066
103 14 -0.0119532425585505
104 14 -0.0053856388182379
105 14 -0.0000348813073492
106 14 -0.0000302304680746
107 14 -0.0029950964244665
108 14 -0.0133399372826611
125 14 5.0000000000000000
142 14 1.0000000000000000
152 14 -0.0010060000000000
187 14 -0.8111730865252741
188 14 -0.8265636087651052
189 14 -0.0144306849645903
192 14 -0.1734398740361464
193 14 -0.9373375656018385
194 14 -0.7711247927055923
195 14 -0.3545404659240413
196 14 -1.0050363445512038
197 14 -0.3781654089700430
5 15 -0.7906160400000000
6 15 0.3377999700000000
7 15 -0.3377999700000000
8 15 0.0000036242264735
9 15 0.0000168449991233
10 15 0.0000252452734777
11 15 0.0000760569450661
12 15 0.0003751338258290
13 15 0.0010238585008378
14 15 0.0360229711820584
15 15 3.0005218326992638
16 15 0.0004504961433601
17 15 0.0298675563181506
18 15 -0.5935975231095759
19 15 -0.9609160219346704
20 15 -0.0034913356194813
21 15 0.0000019135919447
22 15 -0.0058101689055612
23 15 0.0001052621679912
24 15 -0.0016816938866425
25 15 -0.0073857749419113
26 15 0.0004111813681436
27 15 -0.0061616520245761
28 15 0.0001795976268082
29 15 0.0005654516138130
30 15 -0.0020547634962549
31 15 -0.0046560555856251
32 15 -0.0211818725309162
33 15 0.0000000847913370
34 15 -0.0111615158972971
35 15 -0.0002671976414356
36 15 0.0000851151802360
37 15 -0.0076589357361096
38 15 -0.0057577712854148
39 15 -0.0008157241244410
40 15 -0.0182484761716662
41 15 -0.0643718789273606
42 15 -0.0065359860051244
43 15 0.0001421303914518
44 15 -0.0002603486621545
45 15 -0.0237304313393953
46 15 -0.0110521385671298
47 15 0.0022740767601724
48 15 0.0017028494654023
49 15 -0.0004310786106753
50 15 -0.0494502267549281
54 15 5.0779144379698220
55 15 0.8854950249337258
56 15 -0.0090645279088457
66 15 -1.0000000000000000
75 15 1.0057802000000000
80 15 -0.0003822413404086
82 15 -0.0003841686273088
84 15 -0.0231263477650283
87 15 -0.0091865559901560
88 15 -0.0004129520263788
89 15 -0.0002370938755444
90 15 -0.0024407511822544
91 15 -0.0049893518712841
92 15 -0.0138202020994909
99 15 0.0960212503487610
103 15 -0.0001516518938526
104 15 -0.0000908017102306
105 15 -0.0000011625914650
106 15 -0.0000010075793265
107 15 -0.0000428101125083
108 15 -0.0004263152024315
126 15 5.0000000000000000
143 15 1.0000000000000000
152 15 -1.0057802000000000
187 15 -0.0022914845766558
188 15 -0.0025131318069113
189 15 -0.0000515392014006
192 15 -0.0004875522201310
193 15 -0.0090285590139808
194 15 -0.0047024141125402
195 15 -0.0033850972075700
196 15 -0.0095845835771616
197 15 -0.0036319117611354
5 16 -0.5981142600000000
6 16 0.3443999900000000
7 16 -0.3443999900000000
8 16 0.0000003742165156
9 16 0.0000017393164760
10 16 0.0000026066798765
11 16 0.0000080667246863
12 16 0.0006269218252089
13 16 0.0004386382326306
14 16 0.0047725099873620
15 16 0.0004504961433601
16 16 3.0021645940013779
17 16 0.0125032621741606
18 16 -0.8995609190198253
19 16 -1.5029533083696702
20 16 -0.0146952324175362
21 16 0.0000001975863601
22 16 -0.0090875600019513
23 16 0.0005388587368285
24 16 -0.0024666726388853
25 16 -0.0268160331515466
26 16 0.0001649047958364
27 16 -0.0104567142762758
28 16 0.0005927505715607
29 16 0.0010499733845426
30 16 -0.0024722232300310
31 16 -0.0076277274226915
32 16 -0.0351963212365368
34 16 -0.0375586196882834
35 16 -0.0004255835134915
36 16 0.0002440916628929
37 16 -0.0028203820220593
38 16 -0.0009712198633010
39 16 0.0000694296628632
40 16 -0.0212741100584055
41 16 -0.0991840979456428
42 16 -0.0385739293239952
43 16 0.0000584059890518
44 16 -0.0004458187738095
45 16 -0.0382563861619099
46 16 -0.0177915340394294
47 16 0.0028078503167821
48 16 0.0019817658121052
49 16 -0.0010391722032399
50 16 -0.0786416894430136
54 16 9.0156184409141247
55 16 1.5827146605730966
56 16 -0.0163489999257351
67 16 -1.0000000000000000
75 16 1.0057802000000000
80 16 -0.0004576403324807
82 16 -0.0028125439397180
84 16 -0.1422490099336966
90 16 -0.0015108460114431
92 16 -0.0808169830910593
99 16 0.1555208068360677
103 16 -0.0006526914996362
104 16 -0.0004771705944615
105 16 -0.0000087415929669
106 16 -0.0000073893920080
107 16 -0.0003378083630740
108 16 -0.0031618210258433
127 16 5.0000000000000000
144 16 1.0000000000000000
152 16 -1.0057802000000000
189 16 -0.0005361154770572
192 16 0.0000123321051040
193 16 -0.0010528297738572
194 16 0.0000008006551193
195 16 -0.0003903181965193
196 16 -0.0011059579091398
197 16 -0.0004198345690147
1 17 -0.0773293380000000
2 17 0.0773293380000000
5 17 -0.0332935160000000
6 17 0.0179999990000000
7 17 -0.0179999990000000
8 17 0.0131682645840485
9 17 0.0095879318744612
10 17 0.0753198675582517
11 17 0.0104320983100684
12 17 0.0205052081641089
13 17 0.0637595346954723
14 17 2.3442902660423610
15 17 0.0298675563181506
16 17 0.0125032621741606
17 17 5.2748874185706356
18 17 1.0238310989237738
19 17 0.5440958237729989
20 17 0.4570698746891199
21 17 0.0075378868945508
22 17 0.0035040779019390
23 17 0.0090389144792285
24 17 0.0098002081019003
25 17 0.7336632201197414
26 17 0.0633201174277519
27 17 0.0877141923752635
28 17 -0.5376717663093796
29 17 0.0336796324087590
30 17 0.0029267731163996
31 17 0.0423287927151376
32 17 0.0538105406860681
33 17 0.0094002997064354
34 17 0.0236382175930829
35 17 0.0001741491810060
36 17 0.0327477427278599
37 17 -0.2286305498762363
38 17 -0.4283190966414359
39 17 0.0159657585070707
40 17 -0.3919164537658472
41 17 0.0254867117528757
42 17 -0.1330497484201139
43 17 0.0118299461566748
44 17 0.0097785513653015
45 17 0.0469921569688106
46 17 0.0197602105041664
47 17 0.1423376741242025
48 17 0.1095529889227985
49 17 0.0262986357291660
50 17 0.2289626399196247
53 17 0.0773293380000000
54 17 -1.3078869431356173
55 17 -0.8652137584684456
56 17 -0.4746285776973643
68 17 -1.0000000000000000
78 17 -0.0108498339310709
87 17 -0.3762101527366500
88 17 -0.0346674816479453
90 17 -0.1373509408835142
91 17 -0.2343034527196420
92 17 -0.4191476414500230
99 17 -0.3924042907732831
103 17 -0.0047633676356481
104 17 -0.0018745652423133
107 17 -0.0019357484567929
108 17 -0.0000136458326542
128 17 5.0000000000000000
145 17 1.0000000000000000
188 17 -0.3628233160743319
189 17 -0.0075423257404377
192 17 0.0036827458828072
193 17 -0.5842027461761430
194 17 -0.4058968483627633
195 17 -0.2198010308588199
196 17 -0.6220545719781068
197 17 -0.2364072610203549
1 18 -6.6970186888100249
2 18 3.1711635999999999
3 18 -0.1703486911871092
4 18 0.7733650800000000
5 18 -0.1671826840000000
6 18 0.0047999956000000
7 18 -0.0089999996000000
8 18 0.5191490171858326
9 18 0.3243925597159625
10 18 3.0446211686720268
11 18 0.3193166534673221
12 18 -1.3491024745052258
13 18 0.0285571280685925
14 18 1.8237659213262183
15 18 -0.5935975231095759
16 18 -0.8995609190198253
17 18 1.0238310989237738
18 18 378.9812845851296288
19 18 208.8909484506851584
20 18 4.8111539620716046
21 18 0.1847809673666732
22 18 -1.0017296767057606
23 18 0.0545852757036126
24 18 -15.4218024780676508
25 18 -0.5128503844384676
26 18 0.1176186631021263
27 18 -0.0312759843182173
28 18 -0.0617843003717879
29 18 -0.7790504328770841
30 18 -0.0907090150313110
31 18 -0.0463112806910525
32 18 -1.4158551132853479
33 18 -1.5217756880741842
34 18 -1.2507151543776953
35 18 -2.2026273522038902
36 18 -0.2582362801884853
37 18 0.1990629893124368
38 18 -0.2052863200768137
39 18 0.0080490146930151
40 18 0.7283294593222193
41 18 0.9371482448989196
42 18 0.1943409169636887
43 18 -0.0751639662093097
44 18 -0.2132251467016642
45 18 -2.4410504202235708
46 18 -0.0267223362288728
47 18 0.6235630049179507
48 18 -3.2599972861290163
49 18 -0.3238050038600370
50 18 4.1605092951926057
53 18 3.1711635999999999
54 18 -69.8152899753104776
55 18 -46.7590511178898183
56 18 -8.5821760919304282
58 18 -0.0015375999132000
59 18 -0.0085593175838001
60 18 -0.0028597795380000
61 18 -0.0001815999215200
62 18 -0.0390748759640001
69 18 -1.0000000000000000
72 18 -0.0970411460348202
74 18 0.0093819946000000
76 18 -0.0613077406039674
77 18 -0.2756126003467551
78 18 -0.0030943531597672
79 18 -3.8151982534245001
80 18 -0.0270255785212686
81 18 -0.3437944903890320
82 18 -1.5598265425951039
83 18 -0.3429195092799360
84 18 -10.1843366479470010
85 18 -2.3434692850088998
86 18 -0.3932075093355175
87 18 -0.1265574688834630
88 18 -0.0236270894353883
89 18 -0.0250848684322741
90 18 -0.0601275233507892
91 18 -0.2681582561077360
92 18 -0.4439874988041920
93 18 -0.3405515787088000
94 18 -0.0702518173346070
99 18 -5.6248831341593268
100 18 -0.3914700216584804
101 18 -0.0167280890158646
102 18 -0.0122675823531258
103 18 -2.4691285918140546
104 18 -0.9808240493081386
105 18 -0.0081065924080401
106 18 -0.0068640599357724
107 18 0.9219884317139136
108 18 -3.5167448282403915
109 18 0.0010122019000000
111 18 -0.0011994252980000
115 18 -0.0517749085107000
118 18 0.1187549800000000
119 18 0.0810670850000000
120 18 0.4048058664792683
121 18 0.8964752230785338
122 18 0.0010122019000000
123 18 -6.8113229999999998
124 18 -0.0509313850000000
125 18 -0.0198105535000000
126 18 -3.0865088000000003
127 18 -4.9091699499999999
128 18 -0.1558466800000000
129 18 4.9889999500000002
130 18 -0.0059380895000000
131 18 -0.0942999500000000
132 18 -0.6289405784890010
146 18 1.0000000000000000
151 18 -0.0093819946000000
186 18 1.8051949000000000
187 18 0.0662626139817044
188 18 -0.0012962844710429
189 18 0.0205076132343316
190 18 -0.6705712689045168
191 18 -1.5518272569042051
192 18 -0.0314210680380115
193 18 -0.2045417596242781
194 18 0.0285688548691436
195 18 -0.1316953927251840
196 18 -0.1023215931506752
197 18 -0.1280612509553520
198 18 -0.1873070228240000
199 18 -0.0280888344491949
200 18 -0.0839415646551949
201 18 -0.0318616917901949
202 18 -0.0228718175778051
203 18 -0.0832916926860000
204 18 -0.0013358443162597
205 18 -0.0041158441914805
206 18 -0.0084663620952856
1 19 -4.1418847999999997
2 19 3.1271019000000000
5 19 -0.0430012040000000
6 19 0.0044999979000000
7 19 -0.0044999979000000
8 19 0.5492619988934152
9 19 0.3516212909472916
10 19 2.9697126347778080
11 19 0.2273382748961635
12 19 -2.8612324735911878
13 19 0.0204673638898228
14 19 0.4300595703532845
15 19 -0.9609160219346704
16 19 -1.5029533083696702
17 19 0.5440958237729989
18 19 208.8909484506851584
19 19 394.0250842629062618
20 19 15.2174717428669712
21 19 0.3990108612599753
22 19 -0.7920369679667789
23 19 -0.0803087379234817
24 19 -5.1406953938094242
25 19 -1.5235229017738947
26 19 0.2292858670117549
27 19 0.0735008145240445
28 19 -0.0151608828083069
29 19 -0.7889567695090128
30 19 -0.0387157642239419
31 19 -0.0337706379693165
32 19 -3.2994288596574255
33 19 -0.4357298991830323
34 19 0.4198088351126958
35 19 -13.8586249946872773
36 19 -2.4439028495262716
37 19 0.1291486822987647
38 19 -0.0813502063113881
39 19 0.0272081767495843
40 19 0.3734479691292300
41 19 1.1271251555686703
42 19 0.1450324141423455
43 19 -0.0130733726947596
44 19 0.0666596132720608
45 19 -8.1784139329406518
46 19 1.0889467829877584
47 19 0.9232534584482873
48 19 2.5704586775871072
49 19 -0.0701417325902943
50 19 3.6469059911058204
53 19 3.1271019000000000
54 19 -71.0702550284002115
55 19 -40.5428101104486558
56 19 -7.0358093200270710
70 19 -1.0000000000000000
72 19 -0.1469126122304417
76 19 -0.0338622114182802
77 19 -0.1750894612469751
78 19 -0.0022378560104974
79 19 -3.9136691969239203
80 19 -0.0147849736157639
81 19 -0.2729153773338330
82 19 -2.1636867783107703
83 19 -0.1379238036343110
84 19 -0.9338603267149620
85 19 -14.5068317627099983
86 19 -1.5502496138024500
87 19 -0.1611105111449650
88 19 -0.0094672685495023
90 19 -0.0557468204127624
91 19 -0.2270408505819700
92 19 -0.1899844493629403
93 19 -0.1610421396506444
94 19 -0.0156561791597356
99 19 -5.8768135640893018
100 19 -0.1974779953993239
101 19 -0.0153091617282635
103 19 -4.9564150738521597
104 19 -0.7798052271551045
105 19 -0.0082259738628099
106 19 -0.0068973194150911
107 19 -1.8439125382904089
108 19 -3.5484771095294421
123 19 -14.3324660000000002
124 19 -0.0800466350000000
125 19 -0.0311337785000000
126 19 -4.8509118000000004
127 19 -7.7154920000000002
128 19 -0.1257285850000000
129 19 -0.0281398745000000
130 19 4.9844998000000000
131 19 -0.0036873144500000
147 19 1.0000000000000000
1 20 -0.1064703165000000
2 20 0.0162105190000000
4 20 0.0051522925000000
5 20 -0.0110208914000000
6 20 0.0069999956000000
7 20 -0.0069999956000000
8 20 0.0036197669536238
9 20 0.0024623441611555
10 20 0.0165546763554939
11 20 0.0034007634988465
