420 420 7860
1 1 1064685280.4700000286102295
5 1 10097137.0730000007897615
7 1 449885280.4720000028610229
2 2 427728386.3780000209808350
4 2 -4238867.3739299997687340
8 2 208101719.7120000123977661
3 3 1044000.0000000000000000
9 3 -1044000.0000000000000000
2 4 -4238867.3739299997687340
4 4 642010.9497099999571219
5 4 -0.0000000075453722
6 4 -139397.0602110000036191
7 4 4635264.3043499998748302
8 4 -4238867.3739299997687340
9 4 2914870.7751799998804927
10 4 -87659.3847245999932056
12 4 139397.0602110000036191
13 4 4635264.3043499998748302
15 4 2914870.7751799998804927
46 4 -497833.3333330000168644
47 4 0.0000000075453722
48 4 0.0000000037727246
49 4 0.0000000000000000
50 4 -0.0000000000498230
51 4 0.0000000001088926
1 5 10097137.0730000007897615
4 5 -0.0000000075453722
5 5 4626538.7406099997460842
6 5 -846.8959922000000233
7 5 10097137.0730000007897615
8 5 101627.5190639999927953
9 5 57997.4828171999979531
11 5 -4491426.9339500004425645
46 5 0.0000000075453722
47 5 -483.3123568099999829
48 5 846.8959922000000233
49 5 0.0000000019800649
50 5 101627.5190639999927953
51 5 57997.4828171999979531
4 6 -139397.0602110000036191
5 6 -846.8959922000000233
6 6 8031000.1684400001540780
7 6 -9839944.6548699997365475
8 6 -209828.7553220000118017
9 6 -4736891.8234200002625585
10 6 139397.0602110000036191
12 6 -295918.2621459999936633
13 6 -9839944.6548699997365475
15 6 -4635264.3043499998748302
46 6 0.0000000037727246
47 6 846.8959922000000233
48 6 -1748.5729610200000934
49 6 -0.0000000039508831
50 6 -209828.7553229999903124
51 6 -101627.5190639999927953
1 7 449885280.4720000028610229
4 7 4635264.3043499998748302
5 7 10097137.0730000007897615
6 7 -9839944.6548699997365475
7 7 1572032934.9400000572204590
8 7 -0.0000035805858279
9 7 241034053.7260000109672546
10 7 -4635264.3043499998748302
11 7 -0.0000040849289998
12 7 9839944.6548699997365475
13 7 147056055.2050000131130219
15 7 67231775.3904999941587448
46 7 -0.0000000000000000
47 7 -0.0000000019800649
48 7 0.0000000039508831
49 7 -3335.0000000000000000
50 7 0.0000003130494471
51 7 0.0000001568908991
2 8 208101719.7120000123977661
4 8 -4238867.3739299997687340
5 8 101627.5190639999927953
6 8 -209828.7553220000118017
7 8 -0.0000035805858279
8 8 461552214.9330000281333923
9 8 16341500.8471000008285046
10 8 0.0000000797257460
12 8 -0.0000001267808877
13 8 -0.0000042157483261
14 8 -89130.8412912000057986
15 8 -0.0000026510595264
46 8 0.0000000000498230
47 8 -101627.5190639999927953
48 8 209828.7553220000118017
49 8 0.0000003130494471
50 8 16624203.5637999996542931
51 8 8049103.7282400000840425
3 9 -1044000.0000000000000000
4 9 2914870.7751799998804927
5 9 57997.4828171999979531
6 9 -4736891.8234200002625585
7 9 241034053.7260000109672546
8 9 16341500.8471000008285046
9 9 157604548.9339999854564667
10 9 -2914870.7751799998804927
12 9 4635264.3043499998748302
13 9 67231775.3904999941587448
15 9 46611942.1899999976158142
46 9 -0.0000000001088926
47 9 -57997.4828171999979531
48 9 101627.5190639999927953
49 9 0.0000001568908991
50 9 8049103.7282400000840425
51 9 4598861.6796199996024370
4 10 -87659.3847245999932056
6 10 139397.0602110000036191
7 10 -4635264.3043499998748302
8 10 0.0000000797257460
9 10 -2914870.7751799998804927
10 10 1135943.7694500000216067
11 10 -0.0000000072840128
12 10 -278794.1204220000072382
13 10 0.0000005364418030
14 10 -0.0000000020459668
15 10 0.0000003125261944
16 10 -87659.3847245999932056
18 10 139397.0602110000036191
19 10 4635264.3043499998748302
21 10 2914870.7751799998804927
52 10 -960625.0000000000000000
53 10 0.0000000072840128
54 10 0.0000000072636448
55 10 -0.0000000000000000
56 10 -0.0000000020459668
57 10 -0.0000000003981907
5 11 -4491426.9339500004425645
7 11 -0.0000040849289998
10 11 -0.0000000072840128
11 11 8984214.8369900006800890
12 11 -1798.7843551099999786
13 11 0.0000000028737790
14 11 215854.1226139999926090
15 11 163316.2908720000123139
17 11 -4491426.9339500004425645
52 11 0.0000000072840128
53 11 -1360.9690906000000723
54 11 1798.7843551099999786
55 11 0.0000000028737790
56 11 215854.1226139999926090
57 11 163316.2908720000123139
4 12 139397.0602110000036191
6 12 -295918.2621459999936633
7 12 9839944.6548699997365475
8 12 -0.0000001267808877
9 12 4635264.3043499998748302
10 12 -278794.1204220000072382
11 12 -1798.7843551099999786
12 12 595884.8729430000530556
13 12 -0.0000010782015425
14 12 -485801.8382289999863133
15 12 -215854.1226139999926090
16 12 139397.0602110000036191
18 12 -295918.2621459999936633
19 12 -9839944.6548699997365475
21 12 -4635264.3043499998748302
52 12 0.0000000072636448
53 12 1798.7843551099999786
54 12 -4048.3486519100001715
55 12 -0.0000000053179365
56 12 -485801.8382289999863133
57 12 -215854.1226139999926090
4 13 4635264.3043499998748302
6 13 -9839944.6548699997365475
7 13 147056055.2050000131130219
8 13 -0.0000042157483261
9 13 67231775.3904999941587448
10 13 0.0000005364418030
11 13 0.0000000028737790
12 13 -0.0000010782015425
13 13 1014705603.9400000572204590
14 13 0.0000008588294432
15 13 482068107.4520000219345093
16 13 -4635264.3043499998748302
18 13 9839944.6548699997365475
19 13 147056055.2050000131130219
21 13 67231775.3904999941587448
52 13 0.0000000000000000
53 13 -0.0000000028737790
54 13 0.0000000053179365
55 13 -16965.0000000000000000
56 13 0.0000004174753145
57 13 0.0000002259541490
8 14 -89130.8412912000057986
10 14 -0.0000000020459668
11 14 215854.1226139999926090
12 14 -485801.8382289999863133
13 14 0.0000008588294432
14 14 78619455.2073000073432922
15 14 34890926.5662000030279160
20 14 -89130.8412912000057986
52 14 0.0000000020459668
53 14 -215854.1226139999926090
54 14 485801.8382289999863133
55 14 0.0000004174753145
56 14 38151247.6502000018954277
57 14 16914062.8610999993979931
4 15 2914870.7751799998804927
6 15 -4635264.3043499998748302
7 15 67231775.3904999941587448
8 15 -0.0000026510595264
9 15 46611942.1899999976158142
10 15 0.0000003125261944
11 15 163316.2908720000123139
12 15 -215854.1226139999926090
13 15 482068107.4520000219345093
14 15 34890926.5662000030279160
15 15 320794261.4430000185966492
16 15 -2914870.7751799998804927
18 15 4635264.3043499998748302
19 15 67231775.3904999941587448
21 15 46611942.1899999976158142
52 15 0.0000000003981907
53 15 -163316.2908720000123139
54 15 215854.1226139999926090
55 15 0.0000002259541490
56 15 16914062.8610999993979931
57 15 12881677.8419000003486872
10 16 -87659.3847245999932056
12 16 139397.0602110000036191
13 16 -4635264.3043499998748302
15 16 -2914870.7751799998804927
16 16 1135943.7694500000216067
17 16 -0.0000000072840128
18 16 -278794.1204220000072382
19 16 -0.0000000596046448
20 16 -0.0000000020459668
21 16 -0.0000001047063190
22 16 -87659.3847245999932056
24 16 139397.0602110000036191
25 16 4635264.3043499998748302
27 16 2914870.7751799998804927
58 16 -960625.0000000000000000
59 16 0.0000000072840128
60 16 0.0000000072636448
61 16 -0.0000000000000000
62 16 -0.0000000020459668
63 16 -0.0000000003981907
11 17 -4491426.9339500004425645
16 17 -0.0000000072840128
17 17 8984214.8369900006800890
18 17 -1798.7843551099999786
19 17 0.0000000028737790
20 17 215854.1226130000140984
21 17 163316.2908720000123139
23 17 -4491426.9339500004425645
58 17 0.0000000072840128
59 17 -1360.9690905899999507
60 17 1798.7843551099999786
61 17 0.0000000028737790
62 17 215854.1226139999926090
63 17 163316.2908720000123139
10 18 139397.0602110000036191
12 18 -295918.2621459999936633
13 18 9839944.6548699997365475
15 18 4635264.3043499998748302
16 18 -278794.1204220000072382
17 18 -1798.7843551099999786
18 18 595884.8729430000530556
19 18 0.0000003523099322
20 18 -485801.8382289999863133
21 18 -215854.1226130000140984
22 18 139397.0602110000036191
24 18 -295918.2621459999936633
25 18 -9839944.6548699997365475
27 18 -4635264.3043499998748302
58 18 0.0000000072636448
59 18 1798.7843551099999786
60 18 -4048.3486519100001715
61 18 -0.0000000053179365
62 18 -485801.8382289999863133
63 18 -215854.1226130000140984
10 19 4635264.3043499998748302
12 19 -9839944.6548699997365475
13 19 147056055.2050000131130219
15 19 67231775.3904999941587448
16 19 -0.0000000596046448
17 19 0.0000000028737790
18 19 0.0000003523099322
19 19 1014705603.9400000572204590
20 19 0.0000008588294432
21 19 482068107.4520000219345093
22 19 -4635264.3043499998748302
24 19 9839944.6548699997365475
25 19 147056055.2050000131130219
27 19 67231775.3904999941587448
58 19 0.0000000000000000
59 19 -0.0000000028737790
60 19 0.0000000053179365
61 19 -16965.0000000000000000
62 19 0.0000004174753145
63 19 0.0000002259541490
14 20 -89130.8412912000057986
16 20 -0.0000000020459668
17 20 215854.1226130000140984
18 20 -485801.8382289999863133
19 20 0.0000008588294432
20 20 78619455.2073000073432922
21 20 34890926.5662000030279160
26 20 -89130.8412912000057986
58 20 0.0000000020459668
59 20 -215854.1226130000140984
60 20 485801.8382289999863133
61 20 0.0000004174753145
62 20 38151247.6502000018954277
63 20 16914062.8610999993979931
10 21 2914870.7751799998804927
12 21 -4635264.3043499998748302
13 21 67231775.3904999941587448
15 21 46611942.1899999976158142
16 21 -0.0000001047063190
17 21 163316.2908720000123139
18 21 -215854.1226130000140984
19 21 482068107.4520000219345093
20 21 34890926.5662000030279160
21 21 320794261.4430000185966492
22 21 -2914870.7751799998804927
24 21 4635264.3043499998748302
25 21 67231775.3904999941587448
27 21 46611942.1899999976158142
58 21 0.0000000003981907
59 21 -163316.2908720000123139
60 21 215854.1226130000140984
61 21 0.0000002259541490
62 21 16914062.8610999993979931
63 21 12881677.8419000003486872
16 22 -87659.3847245999932056
18 22 139397.0602110000036191
19 22 -4635264.3043499998748302
21 22 -2914870.7751799998804927
22 22 1135943.7694500000216067
23 22 -0.0000000054732345
24 22 -278794.1204220000072382
25 22 0.0000000596046448
26 22 -0.0000000042959388
27 22 -0.0000000164267928
28 22 -87659.3847245999932056
30 22 139397.0602110000036191
31 22 4635264.3043499998748302
33 22 2914870.7751799998804927
64 22 -960625.0000000000000000
65 22 0.0000000054732345
66 22 0.0000000108852424
67 22 -0.0000000000000000
68 22 -0.0000000042959388
69 22 -0.0000000015256316
17 23 -4491426.9339500004425645
22 23 -0.0000000054732345
23 23 8984214.8369900006800890
24 23 -1798.7843551099999786
25 23 0.0000000030836799
26 23 215854.1226139999926090
27 23 163316.2908720000123139
29 23 -4491426.9339500004425645
64 23 0.0000000054732345
65 23 -1360.9690906000000723
66 23 1798.7843551099999786
67 23 0.0000000030836799
68 23 215854.1226139999926090
69 23 163316.2908720000123139
16 24 139397.0602110000036191
18 24 -295918.2621459999936633
19 24 9839944.6548699997365475
21 24 4635264.3043499998748302
22 24 -278794.1204220000072382
23 24 -1798.7843551099999786
24 24 595884.8729430000530556
25 24 0.0000000543892038
26 24 -485801.8382289999863133
27 24 -215854.1226139999926090
28 24 139397.0602110000036191
30 24 -295918.2621459999936633
31 24 -9839944.6548699997365475
33 24 -4635264.3043499998748302
64 24 0.0000000108852424
65 24 1798.7843551099999786
66 24 -4048.3486519100001715
67 24 -0.0000000052154410
68 24 -485801.8382289999863133
69 24 -215854.1226139999926090
16 25 4635264.3043499998748302
18 25 -9839944.6548699997365475
19 25 147056055.2050000131130219
21 25 67231775.3904999941587448
22 25 0.0000000596046448
23 25 0.0000000030836799
24 25 0.0000000543892038
25 25 1014705603.9400000572204590
26 25 0.0000008424540377
27 25 482068107.4520000219345093
28 25 -4635264.3043499998748302
30 25 9839944.6548699997365475
31 25 147056055.2050000131130219
33 25 67231775.3904999941587448
64 25 0.0000000000000000
65 25 -0.0000000030836799
66 25 0.0000000052154410
67 25 -16965.0000000000000000
68 25 0.0000004092518019
69 25 0.0000002427859075
20 26 -89130.8412912000057986
22 26 -0.0000000042959388
23 26 215854.1226139999926090
24 26 -485801.8382289999863133
25 26 0.0000008424540377
26 26 78619455.2073000073432922
27 26 34890926.5662000030279160
32 26 -89130.8412912000057986
64 26 0.0000000042959388
65 26 -215854.1226139999926090
66 26 485801.8382289999863133
67 26 0.0000004092518019
68 26 38151247.6502000018954277
69 26 16914062.8610999993979931
16 27 2914870.7751799998804927
18 27 -4635264.3043499998748302
19 27 67231775.3904999941587448
21 27 46611942.1899999976158142
22 27 -0.0000000164267928
23 27 163316.2908720000123139
24 27 -215854.1226139999926090
25 27 482068107.4520000219345093
26 27 34890926.5662000030279160
27 27 320794261.4430000185966492
28 27 -2914870.7751799998804927
30 27 4635264.3043499998748302
31 27 67231775.3904999941587448
33 27 46611942.1899999976158142
64 27 0.0000000015256316
65 27 -163316.2908720000123139
66 27 215854.1226139999926090
67 27 0.0000002427859075
68 27 16914062.8610999993979931
69 27 12881677.8419000003486872
22 28 -87659.3847245999932056
24 28 139397.0602110000036191
25 28 -4635264.3043499998748302
27 28 -2914870.7751799998804927
28 28 1159106.5664399999659508
29 28 -0.0000000027400256
30 28 -312543.8356059999787249
31 28 561051.4770959999877959
32 28 0.0000000977237298
33 28 411018.7797910000081174
34 28 -110822.1817109999974491
36 28 173146.7753950000042096
37 28 5196315.7814499996602535
39 28 3325889.5549699999392033
70 28 -960625.0000000000000000
71 28 0.0000000027400256
72 28 0.0000000072551241
73 28 -0.0000000000000000
74 28 -0.0000000030684573
75 28 -0.0000000011718120
23 29 -4491426.9339500004425645
28 29 -0.0000000027400256
29 29 9469288.9458600003272295
30 29 -1798.7843551099999786
31 29 -0.0000045242500433
32 29 215854.1226130000140984
33 29 163316.2908720000123139
35 29 -4976501.0428200000897050
70 29 0.0000000027400256
71 29 -1360.9690905899999507
72 29 1798.7843551099999786
73 29 0.0000000018512885
74 29 215854.1226139999926090
75 29 163316.2908720000123139
22 30 139397.0602110000036191
24 30 -295918.2621459999936633
25 30 9839944.6548699997365475
27 30 4635264.3043499998748302
28 30 -312543.8356059999787249
29 30 -1798.7843551099999786
30 30 669469.6643880000337958
31 30 -1249228.3562199999578297
32 30 -485801.8382289999863133
33 30 -776905.5997099999804050
34 30 173146.7753950000042096
36 30 -369503.0535900000249967
37 30 -11089173.0110999997705221
39 30 -5196315.7814499996602535
70 30 0.0000000072551241
71 30 1798.7843551099999786
72 30 -4048.3486519100001715
73 30 -0.0000000030167167
74 30 -485801.8382289999863133
75 30 -215854.1226130000140984
22 31 4635264.3043499998748302
24 31 -9839944.6548699997365475
25 31 147056055.2050000131130219
27 31 67231775.3904999941587448
28 31 561051.4770959999877959
29 31 -0.0000045242500433
30 31 -1249228.3562199999578297
31 31 1039758660.3899999856948853
32 31 0.0000052133593426
33 31 493267386.0799999833106995
34 31 -5196315.7814499996602535
35 31 0.0000045261013318
36 31 11089173.0110999997705221
37 31 133197979.1130000054836273
39 31 59660407.9589999988675117
70 31 0.0000000000000000
71 31 -0.0000000018512885
72 31 0.0000000030167167
73 31 -16965.0000000000000000
74 31 0.0000002366743396
75 31 0.0000001458330524
26 32 -89130.8412912000057986
28 32 0.0000000977237298
29 32 215854.1226130000140984
30 32 -485801.8382289999863133
31 32 0.0000052133593426
32 32 78629081.3382000029087067
33 32 34890926.5662000030279160
34 32 -0.0000001007921871
36 32 0.0000001574760749
37 32 0.0000047260216720
38 32 -98756.9721507000067504
39 32 0.0000030248789289
70 32 0.0000000030684573
71 32 -215854.1226130000140984
72 32 485801.8382289999863133
73 32 0.0000002366743396
74 32 38151247.6502000018954277
75 32 16914062.8610999993979931
22 33 2914870.7751799998804927
24 33 -4635264.3043499998748302
25 33 67231775.3904999941587448
27 33 46611942.1899999976158142
28 33 411018.7797910000081174
29 33 163316.2908720000123139
30 33 -776905.5997099999804050
31 33 493267386.0799999833106995
32 33 34890926.5662000030279160
33 33 329115622.1759999990463257
34 33 -3325889.5549699999392033
36 33 5196315.7814499996602535
37 33 59660407.9589999988675117
39 33 44065471.0872000008821487
70 33 0.0000000011718120
71 33 -163316.2908720000123139
72 33 215854.1226130000140984
73 33 0.0000001458330524
74 33 16914062.8610999993979931
75 33 12881677.8419000003486872
28 34 -110822.1817109999974491
30 34 173146.7753950000042096
31 34 -5196315.7814499996602535
32 34 -0.0000001007921871
33 34 -3325889.5549699999392033
34 34 665173.7466969999950379
35 34 -0.0000000000064187
36 34 -173146.7753950000042096
37 34 -5196315.7814499996602535
38 34 -4238867.3739299997687340
39 34 -3325889.5549699999392033
41 34 -4238867.3739299997687340
76 34 -497833.3333330000168644
77 34 0.0000000000064187
78 34 0.0000000037598872
79 34 -0.0000000000000000
80 34 -0.0000000015903178
81 34 -0.0000000007702474
29 35 -4976501.0428200000897050
31 35 0.0000045261013318
34 35 -0.0000000000064187
35 35 5111612.8494800003245473
36 35 -846.8959922000000233
37 35 10097137.0730000007897615
38 35 101627.5190639999927953
39 35 57997.4828171999979531
40 35 10097137.0730000007897615
76 35 0.0000000000064187
77 35 -483.3123568099999829
78 35 846.8959922000000233
79 35 0.0000000004395700
80 35 101627.5190639999927953
81 35 57997.4828171999979531
28 36 173146.7753950000042096
30 36 -369503.0535900000249967
31 36 11089173.0110999997705221
32 36 0.0000001574760749
33 36 5196315.7814499996602535
34 36 -173146.7753950000042096
35 36 -846.8959922000000233
36 36 8104584.9598799999803305
37 36 11089173.0110999997705221
38 36 -209828.7553220000118017
39 36 5094688.2623800002038479
76 36 0.0000000037598872
77 36 846.8959922000000233
78 36 -1748.5729610200000934
79 36 -0.0000000007702474
80 36 -209828.7553229999903124
81 36 -101627.5190639999927953
28 37 5196315.7814499996602535
30 37 -11089173.0110999997705221
31 37 133197979.1130000054836273
32 37 0.0000047260216720
33 37 59660407.9589999988675117
34 37 -5196315.7814499996602535
35 37 10097137.0730000007897615
36 37 11089173.0110999997705221
37 37 1597085991.3900001049041748
38 37 0.0000001238542370
39 37 252233332.3549999892711639
40 37 449885280.4720000028610229
76 37 0.0000000000000000
77 37 -0.0000000004395700
78 37 0.0000000007702474
79 37 -3335.0000000000000000
80 37 0.0000000610051433
81 37 0.0000000348806125
32 38 -98756.9721507000067504
34 38 -4238867.3739299997687340
35 38 101627.5190639999927953
36 38 -209828.7553220000118017
37 38 0.0000001238542370
38 38 461561841.0640000104904175
39 38 16341500.8471000008285046
41 38 208101719.7120000123977661
76 38 0.0000000015903178
77 38 -101627.5190639999927953
78 38 209828.7553220000118017
79 38 0.0000000610051433
80 38 16624203.5637999996542931
81 38 8049103.7282400000840425
28 39 3325889.5549699999392033
30 39 -5196315.7814499996602535
31 39 59660407.9589999988675117
32 39 0.0000030248789289
33 39 44065471.0872000008821487
34 39 -3325889.5549699999392033
35 39 57997.4828171999979531
36 39 5094688.2623800002038479
37 39 252233332.3549999892711639
38 39 16341500.8471000008285046
39 39 165925909.6669999957084656
42 39 -1044000.0000000000000000
76 39 0.0000000007702474
77 39 -57997.4828171999979531
78 39 101627.5190639999927953
79 39 0.0000000348806125
80 39 8049103.7282400000840425
81 39 4598861.6796199996024370
35 40 10097137.0730000007897615
37 40 449885280.4720000028610229
40 40 1064685280.4700000286102295
34 41 -4238867.3739299997687340
38 41 208101719.7120000123977661
41 41 427728386.3780000209808350
39 42 -1044000.0000000000000000
42 42 1044000.0000000000000000
43 43 1064685280.4700000286102295
44 43 -0.0000000000000000
45 43 0.0000064491740612
46 43 -0.0000000000000000
47 43 10097137.0730000007897615
48 43 0.0000002448878046
49 43 449885280.4720000028610229
50 43 -0.0000000000000000
51 43 0.0000027341186098
43 44 -0.0000000000000000
44 44 427728386.3780000209808350
45 44 0.0000103484583664
46 44 -4238867.3739299997687340
47 44 0.0000000000000000
48 44 -0.0000000257015161
49 44 -0.0000000000000000
50 44 208101719.7120000123977661
51 44 0.0000050724513060
43 45 0.0000064491740612
44 45 0.0000103484583664
45 45 1044000.0000000000000000
46 45 -0.0000001028060645
47 45 0.0000000612219511
48 45 0.0000000000000000
49 45 0.0000027341186098
50 45 0.0000050724513060
51 45 -1044000.0000000000000000
4 46 -497833.3333330000168644
5 46 0.0000000075453722
6 46 0.0000000037727246
7 46 -0.0000000000000000
8 46 0.0000000000498230
9 46 -0.0000000001088926
43 46 -0.0000000000000000
44 46 -4238867.3739299997687340
45 46 -0.0000001028060645
46 46 1239611.2556700001005083
47 46 -0.0000000037758955
48 46 -308467.4505149999749847
49 46 10257233.2606000006198883
50 46 -4238867.3739299997687340
51 46 6232345.9518900001421571
52 46 -187426.3573489999980666
54 46 308467.4505140000255778
55 46 10257233.2606000006198883
57 46 6232345.9518900001421571
88 46 -497833.3333330000168644
89 46 -0.0000000037694767
90 46 -0.0000000000064187
91 46 0.0000000000000000
92 46 -0.0000000007702474
93 46 -0.0000000004395700
4 47 0.0000000075453722
5 47 -483.3123568099999829
6 47 846.8959922000000233
7 47 -0.0000000019800649
8 47 -101627.5190639999927953
9 47 -57997.4828171999979531
43 47 10097137.0730000007897615
44 47 0.0000000000000000
45 47 0.0000000612219511
46 47 -0.0000000037758955
47 47 7199781.1704799998551607
48 47 -1693.7919845799999621
49 47 10097137.0730000007897615
50 47 -0.0000000009313226
51 47 -0.0000127882231027
53 47 -7064186.0514599997550249
88 47 -0.0000000037694767
89 47 -483.3123568099999829
90 47 846.8959922000000233
91 47 -0.0000000007702474
92 47 101627.5190639999927953
93 47 57997.4828171999979531
4 48 0.0000000037727246
5 48 846.8959922000000233
6 48 -1748.5729610200000934
7 48 0.0000000039508831
8 48 209828.7553220000118017
9 48 101627.5190639999927953
43 48 0.0000002448878046
44 48 -0.0000000257015161
45 48 0.0000000000000000
46 48 -308467.4505149999749847
47 48 -1693.7919845799999621
48 48 8385106.4762399997562170
49 48 -21556628.1215000003576279
50 48 0.0000014351680875
51 48 -10257233.2606000006198883
52 48 308467.4505140000255778
54 48 -648275.9969879999989644
55 48 -21556628.1215000003576279
57 48 -10257233.2606000006198883
88 48 -0.0000000000064187
89 48 846.8959922000000233
90 48 -1748.5729610200000934
91 48 0.0000000015903178
92 48 -209828.7553229999903124
93 48 -101627.5190639999927953
4 49 0.0000000000000000
5 49 0.0000000019800649
6 49 -0.0000000039508831
7 49 -3335.0000000000000000
8 49 0.0000003130494471
9 49 0.0000001568908991
43 49 449885280.4720000028610229
44 49 -0.0000000000000000
45 49 0.0000027341186098
46 49 10257233.2606000006198883
47 49 10097137.0730000007897615
48 49 -21556628.1215000003576279
49 49 2251035569.3200001716613770
50 49 -0.0000481606690670
51 49 570093221.0069999694824219
52 49 -10257233.2606000006198883
53 49 -0.0000064248397861
54 49 21556628.1215000003576279
55 49 247268663.9709999859333038
57 49 112058714.2220000028610229
88 49 -0.0000000000000000
89 49 0.0000000007702474
90 49 -0.0000000015903178
91 49 -3335.0000000000000000
92 49 -0.0000001260221519
93 49 -0.0000000610051433
4 50 -0.0000000000498230
5 50 101627.5190639999927953
6 50 -209828.7553229999903124
7 50 0.0000003130494471
8 50 16624203.5637999996542931
9 50 8049103.7282400000840425
43 50 -0.0000000000000000
44 50 208101719.7120000123977661
45 50 0.0000050724513060
46 50 -4238867.3739299997687340
47 50 -0.0000000009313226
48 50 0.0000014351680875
49 50 -0.0000481606690670
50 50 495403602.5350000262260437
51 50 32683001.6942000016570091
52 50 0.0000007315623028
54 50 -0.0000014597566810
55 50 -0.0000485401774346
56 50 -205820.7294000000110827
57 50 -0.0000243260842335
88 50 0.0000000007702474
89 50 -101627.5190639999927953
90 50 209828.7553220000118017
91 50 -0.0000001260221519
92 50 16624203.5637999996542931
93 50 8049103.7282400000840425
4 51 0.0000000001088926
5 51 57997.4828171999979531
6 51 -101627.5190639999927953
7 51 0.0000001568908991
8 51 8049103.7282400000840425
9 51 4598861.6796199996024370
43 51 0.0000027341186098
44 51 0.0000050724513060
45 51 -1044000.0000000000000000
46 51 6232345.9518900001421571
47 51 -0.0000127882231027
48 51 -10257233.2606000006198883
49 51 570093221.0069999694824219
50 51 32683001.6942000016570091
51 51 354310766.8460000157356262
52 51 -6232345.9518900001421571
53 51 0.0000128496795723
54 51 10257233.2606000006198883
55 51 112058714.2220000028610229
57 51 79853210.6342000067234039
88 51 0.0000000004395700
89 51 -57997.4828171999979531
90 51 101627.5190639999927953
91 51 -0.0000000610051433
92 51 8049103.7282400000840425
93 51 4598861.6796199996024370
10 52 -960625.0000000000000000
11 52 0.0000000072840128
12 52 0.0000000072636448
13 52 0.0000000000000000
14 52 0.0000000020459668
15 52 0.0000000003981907
46 52 -187426.3573489999980666
48 52 308467.4505140000255778
49 52 -10257233.2606000006198883
50 52 0.0000007315623028
51 52 -6232345.9518900001421571
52 52 2296102.7146999998949468
53 52 -0.0000000000136332
54 52 -616934.9010289999423549
55 52 0.0000005960464478
56 52 0.0000002809594939
57 52 0.0000004755993640
58 52 -187426.3573489999980666
60 52 308467.4505149999749847
61 52 10257233.2606000006198883
63 52 6232345.9518900001421571
94 52 -960625.0000000000000000
95 52 -0.0000000072703796
96 52 -0.0000000000136332
97 52 0.0000000000000000
98 52 -0.0000000016359848
99 52 -0.0000000012377942
10 53 0.0000000072840128
11 53 -1360.9690906000000723
12 53 1798.7843551099999786
13 53 -0.0000000028737790
14 53 -215854.1226139999926090
15 53 -163316.2908720000123139
47 53 -7064186.0514599997550249
49 53 -0.0000064248397861
51 53 0.0000128496795723
52 53 -0.0000000000136332
53 53 14131094.0410999990999699
54 53 -3597.5687102299998514
55 53 -0.0000000045097639
56 53 -0.0000000009313226
57 53 0.0000064242631197
59 53 -7064186.0514599997550249
94 53 -0.0000000072703796
95 53 -1360.9690906000000723
96 53 1798.7843551099999786
97 53 -0.0000000016359848
98 53 215854.1226139999926090
99 53 163316.2908720000123139
10 54 0.0000000072636448
11 54 1798.7843551099999786
12 54 -4048.3486519100001715
13 54 0.0000000053179365
14 54 485801.8382289999863133
15 54 215854.1226139999926090
46 54 308467.4505140000255778
48 54 -648275.9969879999989644
49 54 21556628.1215000003576279
50 54 -0.0000014597566810
51 54 10257233.2606000006198883
52 54 -616934.9010289999423549
53 54 -3597.5687102299998514
54 54 1304648.6912799999117851
55 54 -0.0000016652481021
56 54 -0.0000005848705769
57 54 -0.0000006034970284
58 54 308467.4505149999749847
60 54 -648275.9969879999989644
61 54 -21556628.1215000003576279
63 54 -10257233.2606000006198883
94 54 -0.0000000000136332
95 54 1798.7843551099999786
96 54 -4048.3486519100001715
97 54 0.0000000036819516
98 54 -485801.8382289999863133
99 54 -215854.1226139999926090
10 55 -0.0000000000000000
11 55 0.0000000028737790
12 55 -0.0000000053179365
13 55 -16965.0000000000000000
14 55 0.0000004174753145
15 55 0.0000002259541490
46 55 10257233.2606000006198883
48 55 -21556628.1215000003576279
49 55 247268663.9709999859333038
50 55 -0.0000485401774346
51 55 112058714.2220000028610229
52 55 0.0000005960464478
53 55 -0.0000000045097639
54 55 -0.0000016652481021
55 55 2372721167.6999998092651367
56 55 0.0000198700816717
57 55 1140186442.0099999904632568
58 55 -10257233.2606000006198883
60 55 21556628.1215000003576279
61 55 247268663.9709999859333038
63 55 112058714.2220000028610229
94 55 -0.0000000000000000
95 55 0.0000000016359848
96 55 -0.0000000036819516
97 55 -16965.0000000000000000
98 55 -0.0000002892815598
99 55 -0.0000001281937546
10 56 -0.0000000020459668
11 56 215854.1226139999926090
12 56 -485801.8382289999863133
13 56 0.0000004174753145
14 56 38151247.6502000018954277
15 56 16914062.8610999993979931
50 56 -205820.7294000000110827
52 56 0.0000002809594939
53 56 -0.0000000009313226
54 56 -0.0000005848705769
55 56 0.0000198700816717
56 56 157294028.5079999864101410
57 56 69781853.1323000043630600
58 56 -0.0000002805495119
60 56 0.0000005896035845
61 56 0.0000196056390646
62 56 -205820.7294000000110827
63 56 0.0000093288993053
94 56 0.0000000016359848
95 56 -215854.1226139999926090
96 56 485801.8382289999863133
97 56 -0.0000002892815598
98 56 38151247.6502000018954277
99 56 16914062.8610999993979931
10 57 -0.0000000003981907
11 57 163316.2908720000123139
12 57 -215854.1226139999926090
13 57 0.0000002259541490
14 57 16914062.8610999993979931
15 57 12881677.8419000003486872
46 57 6232345.9518900001421571
48 57 -10257233.2606000006198883
49 57 112058714.2220000028610229
50 57 -0.0000243260842335
51 57 79853210.6342000067234039
52 57 0.0000004755993640
53 57 0.0000064242631197
54 57 -0.0000006034970284
55 57 1140186442.0099999904632568
56 57 69781853.1323000043630600
57 57 721879860.8409999608993530
58 57 -6232345.9518900001421571
59 57 -0.0000064248397861
60 57 10257233.2606000006198883
61 57 112058714.2220000028610229
63 57 79853210.6342000067234039
94 57 0.0000000012377942
95 57 -163316.2908720000123139
96 57 215854.1226139999926090
97 57 -0.0000001281937546
98 57 16914062.8610999993979931
99 57 12881677.8419000003486872
16 58 -960625.0000000000000000
17 58 0.0000000072840128
18 58 0.0000000072636448
19 58 0.0000000000000000
20 58 0.0000000020459668
21 58 0.0000000003981907
52 58 -187426.3573489999980666
54 58 308467.4505149999749847
55 58 -10257233.2606000006198883
56 58 -0.0000002805495119
57 58 -6232345.9518900001421571
58 58 2296102.7146999998949468
59 58 -0.0000000036488230
60 58 -616934.9010289999423549
61 58 -0.0000001788139343
62 58 -0.0000004497848165
63 58 -0.0000000006188971
64 58 -187426.3573489999980666
66 58 308467.4505149999749847
67 58 10257233.2606000006198883
69 58 6232345.9518900001421571
100 58 -960625.0000000000000000
101 58 -0.0000000036351898
102 58 -0.0000000000068166
103 58 0.0000000000000000
104 58 -0.0000000008179924
105 58 -0.0000000006188971
16 59 0.0000000072840128
17 59 -1360.9690905899999507
18 59 1798.7843551099999786
19 59 -0.0000000028737790
20 59 -215854.1226130000140984
21 59 -163316.2908720000123139
53 59 -7064186.0514599997550249
57 59 -0.0000064248397861
58 59 -0.0000000036488230
59 59 14131094.0410999990999699
60 59 -3597.5687102299998514
61 59 0.0000064211480147
62 59 0.0000000009313226
63 59 -0.0000064251944423
65 59 -7064186.0514599997550249
100 59 -0.0000000036351898
101 59 -1360.9690905899999507
102 59 1798.7843551099999786
103 59 -0.0000000008179924
104 59 215854.1226139999926090
105 59 163316.2908720000123139
16 60 0.0000000072636448
17 60 1798.7843551099999786
18 60 -4048.3486519100001715
19 60 0.0000000053179365
20 60 485801.8382289999863133
21 60 215854.1226130000140984
52 60 308467.4505149999749847
54 60 -648275.9969879999989644
55 60 21556628.1215000003576279
56 60 0.0000005896035845
57 60 10257233.2606000006198883
58 60 -616934.9010289999423549
59 60 -3597.5687102299998514
60 60 1304648.6912799999117851
61 60 -0.0000001173683137
62 60 0.0000008698552847
63 60 0.0000001192092896
64 60 308467.4505149999749847
66 60 -648275.9969879999989644
67 60 -21556628.1215000003576279
69 60 -10257233.2606000006198883
100 60 -0.0000000000068166
101 60 1798.7843551099999786
102 60 -4048.3486519100001715
103 60 0.0000000018409758
104 60 -485801.8382289999863133
105 60 -215854.1226139999926090
16 61 -0.0000000000000000
17 61 0.0000000028737790
18 61 -0.0000000053179365
19 61 -16965.0000000000000000
20 61 0.0000004174753145
21 61 0.0000002259541490
52 61 10257233.2606000006198883
54 61 -21556628.1215000003576279
55 61 247268663.9709999859333038
56 61 0.0000196056390646
57 61 112058714.2220000028610229
58 61 -0.0000001788139343
59 61 0.0000064211480147
60 61 -0.0000001173683137
61 61 2372721167.6999998092651367
62 61 -0.0000283729023448
63 61 1140186442.0099999904632568
64 61 -10257233.2606000006198883
65 61 -0.0000064248397861
66 61 21556628.1215000003576279
67 61 247268663.9709999859333038
69 61 112058714.2220000028610229
100 61 -0.0000000000000000
101 61 0.0000000008179924
102 61 -0.0000000018409758
103 61 -16965.0000000000000000
104 61 -0.0000001446407799
105 61 -0.0000000640968773
16 62 -0.0000000020459668
17 62 215854.1226139999926090
18 62 -485801.8382289999863133
19 62 0.0000004174753145
20 62 38151247.6502000018954277
21 62 16914062.8610999993979931
56 62 -205820.7294000000110827
58 62 -0.0000004497848165
59 62 0.0000000009313226
60 62 0.0000008698552847
61 62 -0.0000283729023448
62 62 157294028.5079999864101410
63 62 69781853.1323000043630600
64 62 0.0000004510127909
66 62 -0.0000008701530965
67 62 -0.0000289345383699
68 62 -205820.7294000000110827
69 62 -0.0000149971849282
100 62 0.0000000008179924
101 62 -215854.1226139999926090
102 62 485801.8382289999863133
103 62 -0.0000001446407799
104 62 38151247.6502000018954277
105 62 16914062.8610999993979931
16 63 -0.0000000003981907
17 63 163316.2908720000123139
18 63 -215854.1226130000140984
19 63 0.0000002259541490
20 63 16914062.8610999993979931
21 63 12881677.8419000003486872
52 63 6232345.9518900001421571
54 63 -10257233.2606000006198883
55 63 112058714.2220000028610229
56 63 0.0000093288993053
57 63 79853210.6342000067234039
58 63 -0.0000000006188971
59 63 -0.0000064251944423
60 63 0.0000001192092896
61 63 1140186442.0099999904632568
62 63 69781853.1323000043630600
63 63 721879860.8409999608993530
64 63 -6232345.9518900001421571
65 63 0.0000064248397861
66 63 10257233.2606000006198883
67 63 112058714.2220000028610229
69 63 79853210.6342000067234039
100 63 0.0000000006188971
101 63 -163316.2908720000123139
102 63 215854.1226130000140984
103 63 -0.0000000640968773
104 63 16914062.8610999993979931
105 63 12881677.8419000003486872
22 64 -960625.0000000000000000
23 64 0.0000000054732345
24 64 0.0000000108852424
25 64 0.0000000000000000
26 64 0.0000000042959388
27 64 0.0000000015256316
58 64 -187426.3573489999980666
60 64 308467.4505149999749847
61 64 -10257233.2606000006198883
62 64 0.0000004510127909
63 64 -6232345.9518900001421571
64 64 2296102.7146999998949468
65 64 -0.0000000036556396
66 64 -616934.9010289999423549
67 64 -0.0000000596046448
68 64 0.0000004548997335
69 64 0.0000000592951962
70 64 -187426.3573489999980666
72 64 308467.4505140000255778
73 64 10257233.2606000006198883
75 64 6232345.9518900001421571
106 64 -960625.0000000000000000
107 64 -0.0000000018175949
108 64 -0.0000000000034083
109 64 0.0000000000000000
110 64 -0.0000000004089962
111 64 -0.0000000003094485
22 65 0.0000000054732345
23 65 -1360.9690906000000723
24 65 1798.7843551099999786
25 65 -0.0000000030836799
26 65 -215854.1226139999926090
27 65 -163316.2908720000123139
59 65 -7064186.0514599997550249
61 65 -0.0000064248397861
63 65 0.0000064248397861
64 65 -0.0000000036556396
65 65 14131094.0410999990999699
66 65 -3597.5687102299998514
67 65 -0.0000064283324622
68 65 -0.0000000009313226
69 65 0.0000064242631197
71 65 -7064186.0514599997550249
106 65 -0.0000000018175949
107 65 -1360.9690906000000723
108 65 1798.7843551099999786
109 65 -0.0000000004089962
110 65 215854.1226139999926090
111 65 163316.2908720000123139
22 66 0.0000000108852424
23 66 1798.7843551099999786
24 66 -4048.3486519100001715
25 66 0.0000000052154410
26 66 485801.8382289999863133
27 66 215854.1226139999926090
58 66 308467.4505149999749847
60 66 -648275.9969879999989644
61 66 21556628.1215000003576279
62 66 -0.0000008701530965
63 66 10257233.2606000006198883
64 66 -616934.9010289999423549
65 66 -3597.5687102299998514
66 66 1304648.6912799999117851
67 66 -0.0000001182888016
68 66 -0.0000008661299944
69 66 0.0000000521540642
70 66 308467.4505140000255778
72 66 -648275.9969879999989644
73 66 -21556628.1215000003576279
75 66 -10257233.2606000006198883
106 66 -0.0000000000034083
107 66 1798.7843551099999786
108 66 -4048.3486519100001715
109 66 0.0000000009204879
110 66 -485801.8382289999863133
111 66 -215854.1226139999926090
22 67 -0.0000000000000000
23 67 0.0000000030836799
24 67 -0.0000000052154410
25 67 -16965.0000000000000000
26 67 0.0000004092518019
27 67 0.0000002427859075
58 67 10257233.2606000006198883
60 67 -21556628.1215000003576279
61 67 247268663.9709999859333038
62 67 -0.0000289345383699
63 67 112058714.2220000028610229
64 67 -0.0000000596046448
65 67 -0.0000064283324622
66 67 -0.0000001182888016
67 67 2372721167.6999998092651367
68 67 0.0000296283956987
69 67 1140186442.0099999904632568
70 67 -10257233.2606000006198883
71 67 0.0000064248397861
72 67 21556628.1215000003576279
73 67 247268663.9709999859333038
75 67 112058714.2220000028610229
106 67 -0.0000000000000000
107 67 0.0000000004089962
108 67 -0.0000000009204879
109 67 -16965.0000000000000000
110 67 -0.0000000723203900
111 67 -0.0000000320484387
22 68 -0.0000000042959388
23 68 215854.1226139999926090
24 68 -485801.8382289999863133
25 68 0.0000004092518019
26 68 38151247.6502000018954277
27 68 16914062.8610999993979931
62 68 -205820.7294000000110827
64 68 0.0000004548997335
65 68 -0.0000000009313226
66 68 -0.0000008661299944
67 68 0.0000296283956987
68 68 157294028.5079999864101410
69 68 69781853.1323000043630600
70 68 -0.0000004510127909
72 68 0.0000008701530965
73 68 0.0000289345383699
74 68 -205820.7294000000110827
75 68 0.0000149971849282
106 68 0.0000000004089962
107 68 -215854.1226139999926090
108 68 485801.8382289999863133
109 68 -0.0000000723203900
110 68 38151247.6502000018954277
111 68 16914062.8610999993979931
22 69 -0.0000000015256316
23 69 163316.2908720000123139
24 69 -215854.1226139999926090
25 69 0.0000002427859075
26 69 16914062.8610999993979931
27 69 12881677.8419000003486872
58 69 6232345.9518900001421571
60 69 -10257233.2606000006198883
61 69 112058714.2220000028610229
62 69 -0.0000149971849282
63 69 79853210.6342000067234039
64 69 0.0000000592951962
65 69 0.0000064242631197
66 69 0.0000000521540642
67 69 1140186442.0099999904632568
68 69 69781853.1323000043630600
69 69 721879860.8409999608993530
70 69 -6232345.9518900001421571
71 69 -0.0000064248397861
72 69 10257233.2606000006198883
73 69 112058714.2220000028610229
75 69 79853210.6342000067234039
106 69 0.0000000003094485
107 69 -163316.2908720000123139
108 69 215854.1226139999926090
109 69 -0.0000000320484387
110 69 16914062.8610999993979931
111 69 12881677.8419000003486872
28 70 -960625.0000000000000000
29 70 0.0000000027400256
30 70 0.0000000072551241
31 70 0.0000000000000000
32 70 0.0000000030684573
33 70 0.0000000011718120
64 70 -187426.3573489999980666
66 70 308467.4505140000255778
67 70 -10257233.2606000006198883
68 70 -0.0000004510127909
69 70 -6232345.9518900001421571
70 70 2341151.2658500000834465
71 70 -0.0000000018312281
72 70 -684029.8939109999919310
73 70 1013788.3746400000527501
74 70 0.0000005558707093
75 70 744469.1409429999766871
76 70 -232474.9085039999918081
78 70 375562.4433960000169463
79 70 11271021.6351999994367361
81 70 6976815.0928300004452467
112 70 -960625.0000000000000000
113 70 -0.0000000009087975
114 70 -0.0000000000017042
115 70 0.0000000000000000
116 70 -0.0000000002044981
117 70 -0.0000000001547243
28 71 0.0000000027400256
29 71 -1360.9690905899999507
30 71 1798.7843551099999786
31 71 -0.0000000018512885
32 71 -215854.1226130000140984
33 71 -163316.2908720000123139
65 71 -7064186.0514599997550249
67 71 0.0000064248397861
69 71 -0.0000064248397861
70 71 -0.0000000018312281
71 71 14894026.1346000004559755
72 71 -3597.5687102299998514
73 71 -0.0000071207782696
74 71 0.0000000009313226
75 71 0.0000071180984378
77 71 -7827118.1450100000947714
112 71 -0.0000000009087975
113 71 -1360.9690905899999507
114 71 1798.7843551099999786
115 71 -0.0000000002044981
116 71 215854.1226139999926090
117 71 163316.2908720000123139
28 72 0.0000000072551241
29 72 1798.7843551099999786
30 72 -4048.3486519100001715
31 72 0.0000000030167167
32 72 485801.8382289999863133
33 72 215854.1226130000140984
64 72 308467.4505140000255778
66 72 -648275.9969879999989644
67 72 21556628.1215000003576279
68 72 0.0000008701530965
69 72 10257233.2606000006198883
70 72 -684029.8939109999919310
71 72 -3597.5687102299998514
72 72 1449937.0027099999133497
73 72 -2259066.5687799998559058
74 72 -0.0000010635703802
75 72 -1013788.3746400000527501
76 72 375562.4433960000169463
78 72 -793564.3084149999776855
79 72 -23815694.6902999989688396
81 72 -11271021.6351999994367361
112 72 -0.0000000000017042
113 72 1798.7843551099999786
114 72 -4048.3486519100001715
115 72 0.0000000004602440
116 72 -485801.8382289999863133
117 72 -215854.1226139999926090
28 73 -0.0000000000000000
29 73 0.0000000018512885
30 73 -0.0000000030167167
31 73 -16965.0000000000000000
