662 662 2474
1 1 1422.8969999999999345
222 1 -2.8653300000000002
286 1 -11.3636400000000002
2 2 106.2099000000000046
9 2 -2.5906729999999998
228 2 -100.0000000000000000
298 2 -3.6192540000000002
3 3 60.9450599999999980
95 3 -31.4465399999999988
166 3 -29.4985299999999988
4 4 6.1890250000000000
126 4 -2.7631939999999999
259 4 -3.4258310000000001
5 5 8.8031729999999992
83 5 -6.4102560000000004
228 5 -2.3929170000000002
6 6 14.5707299999999993
109 6 -5.2770450000000002
213 6 -9.2936800000000002
7 7 7.3622990000000001
45 7 -4.3610990000000003
65 7 -3.0011999999999999
8 8 140.6584000000000003
38 8 -41.1522599999999983
117 8 -6.0901339999999999
119 8 -22.3713599999999992
199 8 -12.1359200000000005
211 8 -16.8918900000000001
267 8 -42.0168099999999995
2 9 -2.5906729999999998
9 9 5.5405259999999998
222 9 -2.9498530000000001
10 10 32.9111400000000032
49 10 -4.0832990000000002
106 10 -21.3675199999999990
216 10 -1.9047620000000001
303 10 -5.5555550000000000
11 11 6.5775930000000002
122 11 -2.0872470000000001
124 11 -4.4903459999999997
12 12 19.7623800000000003
25 12 -5.8927519999999998
80 12 -13.8696300000000008
13 13 6.0700260000000004
90 13 -2.9154520000000002
294 13 -3.1545740000000002
14 14 24.9225899999999996
80 14 -12.4069500000000001
245 14 -12.5156500000000008
15 15 11.6744500000000002
24 15 -2.7063600000000001
86 15 -1.9813750000000001
137 15 -2.1294719999999998
165 15 -1.1807770000000000
304 15 -3.6764700000000001
16 16 10.9880200000000006
57 16 -5.9880240000000002
277 16 -5.0000000000000000
17 17 5.0939199999999998
223 17 -2.7129680000000000
231 17 -2.3809520000000002
18 18 21.2107700000000001
251 18 -1.2506880000000000
289 18 -19.9600800000000014
19 19 6.0442020000000003
201 19 -3.6845979999999998
236 19 -2.3596040000000000
20 20 29.3439000000000014
122 20 -7.0224719999999996
141 20 -22.3214299999999994
21 21 15.5496599999999994
75 21 -7.3529410000000004
273 21 -8.1967210000000001
22 22 14.5726999999999993
27 22 -2.9717680000000000
227 22 -11.6009300000000000
23 23 5.5927889999999998
34 23 -1.5943879999999999
89 23 -3.9984009999999999
15 24 -2.7063600000000001
24 24 4.8160639999999999
187 24 -2.1097039999999998
12 25 -5.8927519999999998
25 25 67.6516600000000068
158 25 -6.5789479999999996
193 25 -15.0602400000000003
289 25 -24.3902399999999986
305 25 -15.7294800000000006
26 26 4.8837979999999996
202 26 -2.1612269999999998
250 26 -2.7225700000000002
22 27 -2.9717680000000000
27 27 5.1126379999999996
69 27 -2.1408689999999999
28 28 11.1463500000000000
33 28 -6.5274150000000004
140 28 -4.6189369999999998
29 29 21.8892600000000002
54 29 -5.5493899999999998
238 29 -16.3398700000000012
30 30 5.4976490000000000
149 30 -2.3320900000000000
154 30 -3.1655590000000000
31 31 23.2178800000000010
96 31 -5.6053810000000004
97 31 -6.0422960000000003
308 31 -11.5701999999999998
32 32 8.9971080000000008
157 32 -6.1881190000000004
271 32 -2.8089890000000000
28 33 -6.5274150000000004
33 33 11.6503700000000006
228 33 -5.1229509999999996
23 34 -1.5943879999999999
34 34 58.5208200000000005
48 34 -6.2111799999999997
136 34 -4.1322310000000000
166 34 -16.6113000000000000
167 34 -16.1290300000000002
196 34 -2.2883300000000002
310 34 -11.5543600000000009
35 35 7.0180009999999999
370 35 -7.0180009999999999
36 36 17.7746899999999997
265 36 -4.6685340000000002
281 36 -13.1061599999999991
37 37 24.3934399999999982
68 37 -16.3934399999999982
277 37 -8.0000000000000000
8 38 -41.1522599999999983
38 38 79.9119599999999934
105 38 -38.7596899999999991
39 39 45.9018799999999985
104 39 -26.1780100000000004
267 39 -19.7238700000000016
40 40 6.9540259999999998
124 40 -3.2310180000000002
293 40 -3.7230080000000001
41 41 13.0343300000000006
98 41 -9.6061490000000003
214 41 -3.4281799999999998
42 42 35.7142800000000022
264 42 -35.7142800000000022
43 43 7.8102950000000000
264 43 -5.4259360000000001
287 43 -2.3843589999999999
44 44 21.0983499999999999
67 44 -3.7593980000000000
75 44 -2.4189650000000000
146 44 -2.7693159999999999
188 44 -12.1506699999999999
7 45 -4.3610990000000003
45 45 9.9296100000000003
210 45 -3.0969340000000001
234 45 -2.4715769999999999
46 46 10.0609199999999994
81 46 -3.6995930000000001
277 46 -6.3613229999999996
47 47 5.0934999999999997
182 47 -2.3980820000000000
201 47 -2.6954180000000001
34 48 -6.2111799999999997
48 48 11.2111800000000006
286 48 -5.0000000000000000
10 49 -4.0832990000000002
49 49 7.9030090000000000
212 49 -3.8197100000000002
50 50 13.8224400000000003
171 50 -8.7719299999999993
185 50 -5.0505050000000002
51 51 9.3816459999999999
168 51 -5.0787199999999997
272 51 -4.3029260000000003
52 52 16.5449799999999989
237 52 -11.3636400000000002
272 52 -5.1813469999999997
53 53 15.7985900000000008
318 53 -15.7985900000000008
29 54 -5.5493899999999998
54 54 11.3565900000000006
108 54 -5.8072010000000001
55 55 8.6921859999999995
206 55 -6.0240960000000001
290 55 -2.6680899999999999
56 56 12.2653700000000008
132 56 -3.0525030000000002
149 56 -3.7467220000000001
151 56 -2.3986570000000000
176 56 -3.0674850000000000
16 57 -5.9880240000000002
57 57 9.8564959999999999
192 57 -3.8684720000000001
58 58 20.4606999999999992
125 58 -3.6643460000000001
232 58 -4.0700040000000000
238 58 -2.6434050000000000
284 58 -2.7300030000000000
319 58 -7.3529410000000004
59 59 7.0186679999999999
108 59 -1.8211619999999999
282 59 -5.1975049999999996
60 60 27.0270299999999999
277 60 -27.0270299999999999
61 61 12.1967199999999991
146 61 -4.0000000000000000
224 61 -8.1967210000000001
62 62 6.6931760000000002
152 62 -2.0656889999999999
190 62 -4.6274870000000004
63 63 10.6161300000000001
113 63 -5.4347830000000004
184 63 -5.1813469999999997
64 64 21.6830700000000007
322 64 -21.6830700000000007
7 65 -3.0011999999999999
65 65 5.5898620000000001
143 65 -2.5886619999999998
66 66 19.1472900000000017
203 66 -5.8139529999999997
253 66 -13.3333300000000001
44 67 -3.7593980000000000
67 67 23.4444400000000002
296 67 -19.6850400000000008
37 68 -16.3934399999999982
68 68 24.0386999999999986
281 68 -7.6452600000000004
27 69 -2.1408689999999999
69 69 24.4556499999999986
214 69 -1.7869910000000000
262 69 -9.8039220000000000
326 69 -10.7238600000000002
70 70 33.8095199999999991
75 70 -10.0000000000000000
198 70 -23.8095199999999991
71 71 17.3099999999999987
75 71 -8.9766610000000000
197 71 -8.3333340000000007
72 72 41.0105000000000004
117 72 -11.2485900000000001
142 72 -29.7619100000000003
73 73 33.9366500000000002
129 73 -19.2307699999999997
142 73 -14.7058800000000005
74 74 41.0205699999999993
100 74 -11.6279100000000000
113 74 -5.1867219999999996
133 74 -7.8125000000000000
217 74 -16.3934399999999982
21 75 -7.3529410000000004
44 75 -2.4189650000000000
70 75 -10.0000000000000000
71 75 -8.9766610000000000
75 75 37.5460100000000025
241 75 -3.0864199999999999
328 75 -5.7110219999999998
76 76 4.1466979999999998
234 76 -2.0108590000000000
255 76 -2.1358389999999998
77 77 24.0963899999999995
118 77 -24.0963899999999995
78 78 10.6295000000000002
142 78 -5.4854640000000003
144 78 -5.1440330000000003
79 79 11.0407700000000002
215 79 -6.8965519999999998
294 79 -4.1442189999999997
12 80 -13.8696300000000008
14 80 -12.4069500000000001
80 80 26.2765799999999992
46 81 -3.6995930000000001
81 81 18.3623499999999993
226 81 -14.6627600000000005
82 82 13.3422000000000001
217 82 -6.2500000000000000
252 82 -7.0921979999999998
5 83 -6.4102560000000004
83 83 10.8194300000000005
124 83 -4.4091709999999997
84 84 48.0628900000000030
118 84 -13.6986299999999996
195 84 -34.3642600000000016
85 85 12.5669699999999995
139 85 -6.5789479999999996
196 85 -5.9880240000000002
15 86 -1.9813750000000001
86 86 5.4560100000000000
201 86 -3.4746350000000001
87 87 15.7480300000000000
331 87 -15.7480300000000000
88 88 25.4200499999999998
161 88 -12.2100100000000005
197 88 -13.2100399999999993
23 89 -3.9984009999999999
89 89 11.2553000000000001
293 89 -7.2568950000000001
13 90 -2.9154520000000002
90 90 7.2072979999999998
136 90 -4.2918459999999996
91 91 15.3669899999999995
333 91 -15.3669899999999995
92 92 23.6220500000000015
337 92 -23.6220500000000015
93 93 6.1707710000000002
216 93 -3.5460989999999999
264 93 -2.6246719999999999
94 94 22.5964799999999997
167 94 -17.8571400000000011
247 94 -4.7393359999999998
3 95 -31.4465399999999988
95 95 35.9108200000000011
246 95 -4.4642850000000003
31 96 -5.6053810000000004
96 96 14.2484199999999994
227 96 -8.6430430000000005
31 97 -6.0422960000000003
97 97 17.7381999999999991
288 97 -11.6959099999999996
41 98 -9.6061490000000003
98 98 19.5422300000000000
170 98 -3.9872410000000000
288 98 -5.9488399999999997
99 99 2.6406130000000001
210 99 -2.6406130000000001
74 100 -11.6279100000000000
100 100 11.6279100000000000
101 101 9.3670200000000001
221 101 -6.2853550000000000
233 101 -3.0816640000000000
102 102 22.2916699999999999
229 102 -6.6666670000000003
273 102 -15.6250000000000000
103 103 22.2458899999999993
343 103 -22.2458899999999993
39 104 -26.1780100000000004
104 104 31.9251399999999990
253 104 -5.7471269999999999
38 105 -38.7596899999999991
105 105 52.8839800000000011
291 105 -14.1242900000000002
10 106 -21.3675199999999990
106 106 25.5516199999999998
191 106 -4.1841010000000001
107 107 104.1367999999999938
135 107 -59.8802400000000006
193 107 -18.2149399999999986
251 107 -26.0416699999999999
54 108 -5.8072010000000001
59 108 -1.8211619999999999
108 108 27.0509699999999995
121 108 -11.5207400000000000
202 108 -2.3463159999999998
344 108 -5.5555550000000000
6 109 -5.2770450000000002
109 109 9.3044309999999992
271 109 -4.0273859999999999
110 110 13.2231400000000008
162 110 -9.0909089999999999
189 110 -4.1322310000000000
111 111 9.2918810000000001
219 111 -2.4752470000000000
264 111 -6.8166330000000004
112 112 8.9004250000000003
202 112 -3.6010080000000002
284 112 -5.2994170000000000
63 113 -5.4347830000000004
74 113 -5.1867219999999996
113 113 35.3398899999999969
265 113 -4.2918459999999996
275 113 -9.2936800000000002
345 113 -11.1328600000000009
114 114 18.7988299999999988
171 114 -3.3189510000000002
229 114 -15.4798799999999996
115 115 10.0082100000000001
134 115 -6.1050060000000004
194 115 -3.9032010000000001
116 116 32.4360100000000031
129 116 -22.7272700000000007
200 116 -9.7087380000000003
8 117 -6.0901339999999999
72 117 -11.2485900000000001
117 117 17.3387300000000018
77 118 -24.0963899999999995
84 118 -13.6986299999999996
118 118 52.2602600000000024
347 118 -14.4652399999999997
8 119 -22.3713599999999992
119 119 56.7536500000000004
120 119 -19.2307699999999997
199 119 -15.1515199999999997
119 120 -19.2307699999999997
120 120 24.7404100000000007
142 120 -5.5096420000000004
108 121 -11.5207400000000000
121 121 14.7674900000000004
134 121 -3.2467530000000000
11 122 -2.0872470000000001
20 122 -7.0224719999999996
122 122 26.1544199999999982
152 122 -3.8925649999999998
155 122 -5.8754410000000004
348 122 -7.2766989999999998
123 123 14.2857199999999995
224 123 -8.3333340000000007
262 123 -5.9523809999999999
11 124 -4.4903459999999997
40 124 -3.2310180000000002
83 124 -4.4091709999999997
124 124 15.1245499999999993
239 124 -2.9940120000000001
58 125 -3.6643460000000001
125 125 8.4126840000000005
156 125 -4.7483380000000004
4 126 -2.7631939999999999
126 126 7.0716820000000000
168 126 -4.3084879999999997
127 127 20.4645699999999984
349 127 -20.4645699999999984
128 128 26.9795799999999986
155 128 -2.5893320000000002
192 128 -24.3902399999999986
73 129 -19.2307699999999997
116 129 -22.7272700000000007
129 129 41.9580399999999969
130 130 9.9942489999999999
144 130 -4.4014080000000000
221 130 -5.5928410000000000
131 131 70.3431400000000053
277 131 -3.6764700000000001
281 131 -66.6666699999999963
56 132 -3.0525030000000002
132 132 11.5995100000000004
287 132 -8.5470089999999992
74 133 -7.8125000000000000
133 133 19.8606900000000017
276 133 -12.0481900000000000
115 134 -6.1050060000000004
121 134 -3.2467530000000000
134 134 9.3517600000000005
107 135 -59.8802400000000006
135 135 91.7178600000000017
251 135 -18.1521100000000004
277 135 -13.6855100000000007
34 136 -4.1322310000000000
90 136 -4.2918459999999996
136 136 8.4240770000000005
15 137 -2.1294719999999998
137 137 4.7349959999999998
208 137 -2.6055240000000000
138 138 16.8060599999999987
142 138 -13.7931000000000008
261 138 -3.0129560000000000
85 139 -6.5789479999999996
139 139 11.8145500000000006
292 139 -5.2356020000000001
28 140 -4.6189369999999998
140 140 15.0573499999999996
192 140 -10.4384099999999993
20 141 -22.3214299999999994
141 141 29.0328400000000002
223 141 -6.7114089999999997
72 142 -29.7619100000000003
73 142 -14.7058800000000005
78 142 -5.4854640000000003
120 142 -5.5096420000000004
138 142 -13.7931000000000008
142 142 73.1021499999999946
357 142 -3.8461539999999999
65 143 -2.5886619999999998
143 143 15.0305499999999999
215 143 -4.0832990000000002
292 143 -4.7393359999999998
358 143 -3.6192540000000002
78 144 -5.1440330000000003
130 144 -4.4014080000000000
144 144 9.5454419999999995
145 145 16.6473200000000006
359 145 -16.6473200000000006
44 146 -2.7693159999999999
61 146 -4.0000000000000000
146 146 16.3273599999999988
188 146 -3.5842290000000001
224 146 -2.9129040000000002
367 146 -3.0609120000000001
147 147 18.5875300000000010
237 147 -2.7770060000000001
369 147 -15.8105200000000004
148 148 23.6800600000000010
220 148 -6.9444450000000000
246 148 -3.5650629999999999
259 148 -10.2354099999999999
260 148 -2.9351330000000000
30 149 -2.3320900000000000
56 149 -3.7467220000000001
149 149 6.0788110000000000
150 150 8.0665820000000004
224 150 -4.5454549999999996
241 150 -3.5211269999999999
56 151 -2.3986570000000000
151 151 11.4895700000000005
213 151 -9.0909089999999999
62 152 -2.0656889999999999
122 152 -3.8925649999999998
152 152 5.9582540000000002
153 153 5.5897150000000000
376 153 -5.5897150000000000
30 154 -3.1655590000000000
154 154 7.3080610000000004
294 154 -4.1425020000000004
122 155 -5.8754410000000004
128 155 -2.5893320000000002
155 155 8.4647720000000000
125 156 -4.7483380000000004
156 156 23.8538500000000013
194 156 -6.1919500000000003
206 156 -1.7006800000000000
275 156 -2.5188920000000001
278 156 -3.9093040000000001
285 156 -4.7846890000000002
32 157 -6.1881190000000004
157 157 24.5031399999999984
230 157 -18.3150200000000005
25 158 -6.5789479999999996
158 158 16.7830300000000001
276 158 -10.2040799999999994
159 159 47.5490199999999987
203 159 -5.8823530000000002
233 159 -41.6666700000000034
160 160 31.5383199999999988
193 160 -18.2049899999999987
277 160 -13.3333300000000001
88 161 -12.2100100000000005
161 161 19.5792099999999998
253 161 -7.3691959999999996
110 162 -9.0909089999999999
162 162 54.5454500000000024
254 162 -45.4545400000000015
163 163 13.9404800000000009
245 163 -10.3199199999999998
280 163 -3.6205650000000000
164 164 20.2483600000000017
382 164 -20.2483600000000017
15 165 -1.1807770000000000
165 165 8.2597240000000003
209 165 -2.2202489999999999
255 165 -1.3948950000000000
346 165 -3.4638030000000000
3 166 -29.4985299999999988
34 166 -16.6113000000000000
166 166 46.1098199999999991
34 167 -16.1290300000000002
94 167 -17.8571400000000011
167 167 33.9861799999999974
51 168 -5.0787199999999997
126 168 -4.3084879999999997
168 168 9.3872079999999993
169 169 9.8134519999999998
173 169 -5.2659300000000000
260 169 -4.5475219999999998
98 170 -3.9872410000000000
170 170 10.8412500000000005
229 170 -6.8540099999999997
50 171 -8.7719299999999993
114 171 -3.3189510000000002
171 171 38.3189199999999985
186 171 -4.3554009999999996
240 171 -5.0505050000000002
383 171 -16.8221300000000014
172 172 13.1655099999999994
222 172 -3.9062500000000000
272 172 -9.2592590000000001
169 173 -5.2659300000000000
173 173 29.3623200000000004
272 173 -24.0963899999999995
174 174 7.5815010000000003
281 174 -7.5815010000000003
175 175 14.2653400000000001
233 175 -14.2653400000000001
56 176 -3.0674850000000000
176 176 5.7171930000000000
239 176 -2.6497090000000001
177 177 22.3649600000000000
385 177 -22.3649600000000000
178 178 11.2877600000000005
245 178 -5.8823530000000002
249 178 -5.4054060000000002
179 179 21.7247799999999991
388 179 -21.7247799999999991
180 180 38.4615399999999994
207 180 -38.4615399999999994
181 181 18.4162099999999995
207 181 -18.4162099999999995
47 182 -2.3980820000000000
182 182 4.4101540000000004
208 182 -2.0120719999999999
183 183 13.6731999999999996
191 183 -3.0349010000000001
201 183 -10.6382999999999992
63 184 -5.1813469999999997
184 184 30.1813499999999983
258 184 -25.0000000000000000
50 185 -5.0505050000000002
185 185 12.1426999999999996
207 185 -7.0921979999999998
171 186 -4.3554009999999996
186 186 13.2839700000000001
207 186 -8.9285709999999998
24 187 -2.1097039999999998
187 187 5.1118059999999996
242 187 -3.0021019999999998
44 188 -12.1506699999999999
146 188 -3.5842290000000001
188 188 15.7348999999999997
110 189 -4.1322310000000000
189 189 10.3822299999999998
192 189 -6.2500000000000000
62 190 -4.6274870000000004
190 190 9.0699579999999997
230 190 -4.4424700000000001
106 191 -4.1841010000000001
183 191 -3.0349010000000001
191 191 7.2190019999999997
57 192 -3.8684720000000001
128 192 -24.3902399999999986
140 192 -10.4384099999999993
189 192 -6.2500000000000000
192 192 47.2973100000000031
290 192 -2.3501759999999998
25 193 -15.0602400000000003
107 193 -18.2149399999999986
160 193 -18.2049899999999987
193 193 51.4801700000000011
115 194 -3.9032010000000001
156 194 -6.1919500000000003
194 194 10.0951500000000003
84 195 -34.3642600000000016
195 195 51.9081199999999967
207 195 -17.5438599999999987
34 196 -2.2883300000000002
85 196 -5.9880240000000002
196 196 8.2763539999999995
71 197 -8.3333340000000007
88 197 -13.2100399999999993
197 197 21.5433799999999991
70 198 -23.8095199999999991
198 198 35.1731600000000029
270 198 -11.3636400000000002
8 199 -12.1359200000000005
119 199 -15.1515199999999997
199 199 92.0024899999999946
211 199 -50.0000000000000000
284 199 -2.7770060000000001
389 199 -11.9380400000000009
116 200 -9.7087380000000003
200 200 21.5534999999999997
233 200 -4.0322579999999997
244 200 -7.8125000000000000
19 201 -3.6845979999999998
47 201 -2.6954180000000001
86 201 -3.4746350000000001
183 201 -10.6382999999999992
201 201 20.4929500000000004
26 202 -2.1612269999999998
108 202 -2.3463159999999998
112 202 -3.6010080000000002
202 202 12.8909500000000001
261 202 -4.7824010000000001
66 203 -5.8139529999999997
159 203 -5.8823530000000002
203 203 85.3268699999999995
205 203 -9.1827360000000002
244 203 -58.8235200000000020
391 203 -5.6242970000000003
204 204 56.7044199999999989
206 204 -48.7804900000000004
281 204 -7.9239300000000004
203 205 -9.1827360000000002
205 205 16.3358099999999986
253 205 -7.1530760000000004
55 206 -6.0240960000000001
156 206 -1.7006800000000000
204 206 -48.7804900000000004
206 206 69.8687400000000025
258 206 -3.5842290000000001
283 206 -4.0551500000000003
392 206 -5.7240979999999997
180 207 -38.4615399999999994
181 207 -18.4162099999999995
185 207 -7.0921979999999998
186 207 -8.9285709999999998
195 207 -17.5438599999999987
207 207 90.4423800000000000
137 208 -2.6055240000000000
182 208 -2.0120719999999999
208 208 5.8213999999999997
209 208 -1.2038040000000001
165 209 -2.2202489999999999
208 209 -1.2038040000000001
209 209 3.4240529999999998
45 210 -3.0969340000000001
99 210 -2.6406130000000001
210 210 5.7375470000000002
8 211 -16.8918900000000001
199 211 -50.0000000000000000
211 211 66.8918900000000036
49 212 -3.8197100000000002
212 212 10.1850799999999992
287 212 -6.3653719999999998
6 213 -9.2936800000000002
151 213 -9.0909089999999999
213 213 21.3625499999999988
231 213 -2.9779629999999999
41 214 -3.4281799999999998
69 214 -1.7869910000000000
214 214 5.2151699999999996
79 215 -6.8965519999999998
143 215 -4.0832990000000002
215 215 10.9798500000000008
10 216 -1.9047620000000001
93 216 -3.5460989999999999
216 216 29.5472499999999982
266 216 -24.0963899999999995
74 217 -16.3934399999999982
82 217 -6.2500000000000000
217 217 22.6434399999999982
218 218 17.1000900000000016
395 218 -17.1000900000000016
111 219 -2.4752470000000000
219 219 5.1158599999999996
271 219 -2.6406130000000001
148 220 -6.9444450000000000
220 220 32.1740199999999987
269 220 -19.2307699999999997
396 220 -5.9988000000000001
101 221 -6.2853550000000000
130 221 -5.5928410000000000
221 221 11.8781999999999996
1 222 -2.8653300000000002
9 222 -2.9498530000000001
172 222 -3.9062500000000000
222 222 9.7214320000000001
17 223 -2.7129680000000000
141 223 -6.7114089999999997
223 223 9.4243769999999998
61 224 -8.1967210000000001
123 224 -8.3333340000000007
146 224 -2.9129040000000002
150 224 -4.5454549999999996
224 224 23.9884099999999982
225 225 12.8501600000000007
401 225 -12.8501600000000007
81 226 -14.6627600000000005
226 226 41.4007300000000029
245 226 -26.7379700000000007
22 227 -11.6009300000000000
96 227 -8.6430430000000005
227 227 20.2439700000000009
2 228 -100.0000000000000000
5 228 -2.3929170000000002
33 228 -5.1229509999999996
228 228 111.3051999999999992
280 228 -3.7893140000000001
102 229 -6.6666670000000003
114 229 -15.4798799999999996
170 229 -6.8540099999999997
229 229 41.0115699999999990
270 229 -4.1493779999999996
402 229 -7.8616349999999997
157 230 -18.3150200000000005
190 230 -4.4424700000000001
230 230 25.4334300000000013
231 230 -2.6759430000000002
17 231 -2.3809520000000002
213 231 -2.9779629999999999
230 231 -2.6759430000000002
231 231 11.6358700000000006
403 231 -3.6010080000000002
58 232 -4.0700040000000000
232 232 4.0700040000000000
101 233 -3.0816640000000000
159 233 -41.6666700000000034
175 233 -14.2653400000000001
200 233 -4.0322579999999997
233 233 67.6142200000000031
296 233 -4.5682960000000001
45 234 -2.4715769999999999
76 234 -2.0108590000000000
234 234 15.6764799999999997
235 234 -3.1426780000000001
268 234 -4.2735040000000000
404 234 -3.7778619999999998
234 235 -3.1426780000000001
235 235 7.2126820000000000
295 235 -4.0700040000000000
19 236 -2.3596040000000000
236 236 5.1144249999999998
266 236 -2.7548210000000002
52 237 -11.3636400000000002
147 237 -2.7770060000000001
237 237 14.1406399999999994
29 238 -16.3398700000000012
58 238 -2.6434050000000000
238 238 18.9832700000000010
124 239 -2.9940120000000001
176 239 -2.6497090000000001
239 239 5.6437210000000002
171 240 -5.0505050000000002
240 240 5.0505050000000002
75 241 -3.0864199999999999
150 241 -3.5211269999999999
241 241 6.6075470000000003
187 242 -3.0021019999999998
242 242 8.6785549999999994
268 242 -3.7878790000000002
287 242 -1.8885740000000000
243 243 15.7356400000000001
406 243 -15.7356400000000001
200 244 -7.8125000000000000
203 244 -58.8235200000000020
244 244 66.6360200000000020
14 245 -12.5156500000000008
163 245 -10.3199199999999998
178 245 -5.8823530000000002
226 245 -26.7379700000000007
245 245 78.4004500000000064
254 245 -11.7647099999999991
407 245 -11.1798500000000001
95 246 -4.4642850000000003
148 246 -3.5650629999999999
246 246 8.0293480000000006
94 247 -4.7393359999999998
247 247 18.0726699999999987
269 247 -13.3333300000000001
248 248 16.5577299999999994
414 248 -16.5577299999999994
178 249 -5.4054060000000002
249 249 22.1741999999999990
415 249 -16.7687999999999988
26 250 -2.7225700000000002
250 250 5.4201689999999996
282 250 -2.6975989999999999
18 251 -1.2506880000000000
107 251 -26.0416699999999999
135 251 -18.1521100000000004
251 251 45.4444700000000026
82 252 -7.0921979999999998
252 252 18.2097100000000012
416 252 -11.1175099999999993
66 253 -13.3333300000000001
104 253 -5.7471269999999999
161 253 -7.3691959999999996
205 253 -7.1530760000000004
253 253 72.1869700000000023
291 253 -27.7008299999999998
417 253 -10.8834099999999996
162 254 -45.4545400000000015
245 254 -11.7647099999999991
254 254 57.2192500000000024
76 255 -2.1358389999999998
165 255 -1.3948950000000000
255 255 3.5307339999999998
256 256 1.6666669999999999
418 256 -1.6666669999999999
257 257 1.6666669999999999
419 257 -1.6666669999999999
184 258 -25.0000000000000000
206 258 -3.5842290000000001
258 258 28.5842300000000016
4 259 -3.4258310000000001
148 259 -10.2354099999999999
259 259 13.6612500000000008
148 260 -2.9351330000000000
169 260 -4.5475219999999998
260 260 7.4826550000000003
138 261 -3.0129560000000000
202 261 -4.7824010000000001
261 261 7.7953570000000001
69 262 -9.8039220000000000
123 262 -5.9523809999999999
262 262 15.7562999999999995
263 263 16.1204500000000017
423 263 -16.1204500000000017
42 264 -35.7142800000000022
43 264 -5.4259360000000001
93 264 -2.6246719999999999
111 264 -6.8166330000000004
264 264 54.3409199999999970
424 264 -3.7593980000000000
36 265 -4.6685340000000002
113 265 -4.2918459999999996
265 265 8.9603800000000007
216 266 -24.0963899999999995
236 266 -2.7548210000000002
266 266 26.8512099999999982
8 267 -42.0168099999999995
39 267 -19.7238700000000016
267 267 61.7406700000000015
234 268 -4.2735040000000000
242 268 -3.7878790000000002
268 268 8.0613829999999993
220 269 -19.2307699999999997
247 269 -13.3333300000000001
269 269 32.5641000000000034
198 270 -11.3636400000000002
229 270 -4.1493779999999996
270 270 15.5130099999999995
32 271 -2.8089890000000000
109 271 -4.0273859999999999
219 271 -2.6406130000000001
271 271 9.4769880000000004
51 272 -4.3029260000000003
52 272 -5.1813469999999997
172 272 -9.2592590000000001
173 272 -24.0963899999999995
272 272 48.3739500000000007
425 272 -5.5340340000000001
21 273 -8.1967210000000001
102 273 -15.6250000000000000
273 273 23.8217199999999991
274 274 5.5834729999999997
427 274 -5.5834729999999997
113 275 -9.2936800000000002
156 275 -2.5188920000000001
275 275 11.8125699999999991
133 276 -12.0481900000000000
158 276 -10.2040799999999994
276 276 22.2522799999999989
16 277 -5.0000000000000000
37 277 -8.0000000000000000
46 277 -6.3613229999999996
60 277 -27.0270299999999999
131 277 -3.6764700000000001
135 277 -13.6855100000000007
160 277 -13.3333300000000001
277 277 94.1538099999999929
428 277 -17.0701399999999985
156 278 -3.9093040000000001
278 278 28.9793899999999987
283 278 -3.7481260000000001
285 278 -21.3219600000000007
279 279 30.4763899999999985
429 279 -30.4763899999999985
163 280 -3.6205650000000000
228 280 -3.7893140000000001
280 280 7.4098790000000001
36 281 -13.1061599999999991
68 281 -7.6452600000000004
131 281 -66.6666699999999963
174 281 -7.5815010000000003
204 281 -7.9239300000000004
281 281 102.9235000000000042
59 282 -5.1975049999999996
250 282 -2.6975989999999999
282 282 7.8951050000000000
206 283 -4.0551500000000003
278 283 -3.7481260000000001
283 283 7.8032760000000003
58 284 -2.7300030000000000
112 284 -5.2994170000000000
199 284 -2.7770060000000001
284 284 10.8064300000000006
156 285 -4.7846890000000002
278 285 -21.3219600000000007
285 285 26.1066499999999984
1 286 -11.3636400000000002
48 286 -5.0000000000000000
286 286 16.3636400000000002
43 287 -2.3843589999999999
132 287 -8.5470089999999992
212 287 -6.3653719999999998
242 287 -1.8885740000000000
287 287 19.1853100000000012
97 288 -11.6959099999999996
98 288 -5.9488399999999997
288 288 17.6447499999999984
18 289 -19.9600800000000014
25 289 -24.3902399999999986
289 289 44.3503299999999996
55 290 -2.6680899999999999
192 290 -2.3501759999999998
290 290 5.0182659999999997
105 291 -14.1242900000000002
253 291 -27.7008299999999998
291 291 41.8251300000000015
139 292 -5.2356020000000001
143 292 -4.7393359999999998
292 292 9.9749379999999999
40 293 -3.7230080000000001
89 293 -7.2568950000000001
293 293 13.2418300000000002
294 293 -2.2619319999999998
13 294 -3.1545740000000002
79 294 -4.1442189999999997
154 294 -4.1425020000000004
293 294 -2.2619319999999998
294 294 16.0887199999999986
295 294 -2.3854959999999998
235 295 -4.0700040000000000
294 295 -2.3854959999999998
295 295 6.4554999999999998
67 296 -19.6850400000000008
233 296 -4.5682960000000001
296 296 24.2533400000000015
297 297 5.8445349999999996
448 297 -5.8445349999999996
2 298 -3.6192540000000002
298 298 733.1301999999999452
312 298 -416.6666999999999916
313 298 -294.1175999999999817
407 298 -18.7265900000000016
299 299 398.5486999999999966
300 299 -6.6666670000000003
336 299 -104.1667000000000058
339 299 -55.1572000000000031
343 299 -232.5580999999999960
299 300 -6.6666670000000003
300 300 6.6666670000000003
301 301 311.5264999999999986
371 301 -311.5264999999999986
302 302 311.5264999999999986
372 302 -311.5264999999999986
10 303 -5.5555550000000000
303 303 27.1266900000000000
304 303 -9.7087380000000003
424 303 -11.8623999999999992
15 304 -3.6764700000000001
303 304 -9.7087380000000003
304 304 22.5933099999999989
346 304 -9.2081029999999995
25 305 -15.7294800000000006
305 305 352.5192999999999870
345 305 -33.3889799999999966
366 305 -62.1118000000000023
394 305 -42.7624500000000012
407 305 -38.9105100000000022
420 305 -31.8471399999999996
428 305 -30.3030299999999997
436 305 -97.4658900000000017
306 306 567.1259999999999764
307 306 -98.0392200000000003
308 306 -30.3951400000000014
309 306 -32.1543399999999977
378 306 -112.3596000000000004
379 306 -112.3596000000000004
434 306 -181.8181999999999903
306 307 -98.0392200000000003
307 307 149.3213000000000079
381 307 -51.2820499999999981
31 308 -11.5701999999999998
306 308 -30.3951400000000014
308 308 287.1460000000000150
419 308 -39.5256899999999973
421 308 -205.6550000000000011
306 309 -32.1543399999999977
309 309 648.5190999999999804
321 309 -74.0740700000000061
326 309 -11.0631699999999995
328 309 -25.4388199999999998
332 309 -11.0619499999999995
341 309 -202.8397999999999968
342 309 -202.8397999999999968
422 309 -89.0472000000000037
34 310 -11.5543600000000009
310 310 169.2745999999999924
311 310 -40.0000000000000000
312 310 -11.3636400000000002
370 310 -9.6899219999999993
410 310 -16.6666699999999999
426 310 -80.0000000000000000
310 311 -40.0000000000000000
311 311 317.7778000000000134
645 311 -277.7778000000000134
298 312 -416.6666999999999916
310 312 -11.3636400000000002
312 312 428.0303000000000111
298 313 -294.1175999999999817
313 313 294.1175999999999817
314 314 595.5555000000000518
315 314 -40.0000000000000000
413 314 -555.5555000000000518
314 315 -40.0000000000000000
315 315 513.1826999999999543
322 315 -149.2537000000000091
343 315 -151.5151999999999930
386 315 -172.4138000000000090
316 316 533.8691000000000031
380 316 -384.6154000000000224
420 316 -149.2537000000000091
317 317 259.1438999999999737
377 317 -149.2537000000000091
432 317 -109.8901000000000039
53 318 -15.7985900000000008
318 318 236.4929999999999950
359 318 -116.2790999999999997
361 318 -29.9490900000000018
395 318 -39.5256899999999973
423 318 -34.9406000000000034
58 319 -7.3529410000000004
319 319 104.6961000000000013
324 319 -62.5000000000000000
442 319 -34.8432000000000031
320 320 25.4127699999999983
336 320 -25.4127699999999983
309 321 -74.0740700000000061
321 321 843.3048999999999751
418 321 -769.2308000000000447
64 322 -21.6830700000000007
315 322 -149.2537000000000091
322 322 559.0723000000000411
377 322 -217.3913000000000011
386 322 -90.7441000000000031
430 322 -80.0000000000000000
323 323 66.4354000000000013
393 323 -50.7614200000000011
456 323 -15.6739800000000002
319 324 -62.5000000000000000
324 324 151.3889000000000067
389 324 -23.5294099999999986
417 324 -65.3594700000000017
325 325 267.7110000000000127
331 325 -54.9450500000000019
429 325 -212.7659999999999911
69 326 -10.7238600000000002
309 326 -11.0631699999999995
326 326 62.2569999999999979
332 326 -19.1570900000000002
458 326 -21.3128700000000002
327 327 95.7055000000000007
357 327 -85.4700899999999990
579 327 -10.2354099999999999
75 328 -5.7110219999999998
309 328 -25.4388199999999998
328 328 292.2463999999999942
437 328 -261.0966000000000236
329 329 142.8571000000000026
429 329 -142.8571000000000026
330 330 39.6039600000000007
433 330 -39.6039600000000007
87 331 -15.7480300000000000
325 331 -54.9450500000000019
331 331 157.3028999999999940
418 331 -73.5294099999999986
435 331 -13.0804500000000008
309 332 -11.0619499999999995
326 332 -19.1570900000000002
332 332 38.6864399999999975
367 332 -8.4674010000000006
91 333 -15.3669899999999995
333 333 205.5028000000000077
334 333 -57.0450700000000026
335 333 -57.0450700000000026
376 333 -76.0456199999999995
333 334 -57.0450700000000026
334 334 290.2371999999999730
385 334 -126.5823000000000036
414 334 -106.6098000000000070
333 335 -57.0450700000000026
335 335 290.2371999999999730
385 335 -126.5823000000000036
414 335 -106.6098000000000070
299 336 -104.1667000000000058
320 336 -25.4127699999999983
336 336 193.6819999999999879
386 336 -64.1025700000000001
92 337 -23.6220500000000015
337 337 220.6809000000000083
388 337 -17.1467799999999997
429 337 -117.0190000000000055
448 337 -62.8930799999999977
338 338 281.4578999999999951
340 338 -8.3333340000000007
400 338 -108.1080999999999932
432 338 -165.0165000000000077
299 339 -55.1572000000000031
339 339 173.1774000000000058
340 339 -8.1300810000000006
400 339 -109.8901000000000039
338 340 -8.3333340000000007
339 340 -8.1300810000000006
340 340 16.4634199999999993
309 341 -202.8397999999999968
341 341 202.8397999999999968
309 342 -202.8397999999999968
342 342 202.8397999999999968
103 343 -22.2458899999999993
299 343 -232.5580999999999960
315 343 -151.5151999999999930
343 343 1348.1949999999999363
377 343 -877.1929999999999836
432 343 -64.6830499999999944
108 344 -5.5555550000000000
344 344 31.8713499999999996
503 344 -26.3157899999999998
113 345 -11.1328600000000009
305 345 -33.3889799999999966
345 345 180.3282000000000096
406 345 -31.5457399999999986
416 345 -37.5939899999999980
442 345 -66.6666699999999963
165 346 -3.4638030000000000
304 346 -9.2081029999999995
346 346 16.6687100000000008
404 346 -3.9968029999999999
118 347 -14.4652399999999997
347 347 184.9655999999999949
383 347 -40.2252599999999987
445 347 -8.0256819999999998
448 347 -122.2493999999999943
122 348 -7.2766989999999998
348 348 100.2365000000000066
351 348 -24.9376500000000014
356 348 -40.0000000000000000
394 348 -18.5632100000000015
492 348 -9.4589479999999995
127 349 -20.4645699999999984
349 349 387.3179999999999836
350 349 -61.3496900000000025
398 349 -305.5038000000000125
349 350 -61.3496900000000025
350 350 191.6973000000000127
382 350 -73.5294099999999986
401 350 -56.8181799999999981
348 351 -24.9376500000000014
351 351 33.0942599999999985
426 351 -8.1566069999999993
352 352 144.9886999999999944
375 352 -2.0929259999999998
401 352 -87.9507399999999961
421 352 -54.9450500000000019
353 353 36.1087300000000013
424 353 -18.6567200000000000
572 353 -17.4520100000000014
354 354 9.6711799999999997
370 354 -9.6711799999999997
355 355 40.9032899999999984
358 355 -19.3050199999999990
427 355 -21.5982699999999994
348 356 -40.0000000000000000
356 356 50.6609800000000021
403 356 -10.6609800000000003
142 357 -3.8461539999999999
327 357 -85.4700899999999990
357 357 121.1963999999999970
384 357 -12.1951199999999993
389 357 -19.6850400000000008
143 358 -3.6192540000000002
355 358 -19.3050199999999990
358 358 30.7306799999999996
404 358 -7.8064020000000003
145 359 -16.6473200000000006
318 359 -116.2790999999999997
359 359 273.7062999999999988
360 359 -64.9350699999999961
385 359 -29.7619100000000003
423 359 -46.0829499999999967
359 360 -64.9350699999999961
360 360 160.6700999999999908
385 360 -52.6315799999999996
388 360 -43.1034500000000023
318 361 -29.9490900000000018
361 361 111.0725999999999942
362 361 -1.7583960000000001
415 361 -79.3650800000000061
361 362 -1.7583960000000001
362 362 1.7583960000000001
363 363 107.2365000000000066
364 363 -1.7583960000000001
385 363 -26.7379700000000007
415 363 -78.7401600000000030
363 364 -1.7583960000000001
364 364 1.7583960000000001
365 365 129.4969000000000108
423 365 -43.2900399999999976
436 365 -86.2068900000000014
305 366 -62.1118000000000023
366 366 105.4017999999999944
423 366 -43.2900399999999976
146 367 -3.0609120000000001
332 367 -8.4674010000000006
367 367 24.7250499999999995
368 367 -3.0609120000000001
390 367 -10.1358200000000007
367 368 -3.0609120000000001
368 368 3.0609120000000001
147 369 -15.8105200000000004
369 369 66.6439500000000038
409 369 -13.0975800000000007
414 369 -37.7358499999999992
35 370 -7.0180009999999999
310 370 -9.6899219999999993
354 370 -9.6711799999999997
370 370 83.2265500000000031
410 370 -17.0067999999999984
427 370 -39.8406400000000005
301 371 -311.5264999999999986
371 371 398.4830000000000041
382 371 -86.9565199999999976
302 372 -311.5264999999999986
372 372 391.5264999999999986
399 372 -80.0000000000000000
373 373 64.1723800000000040
375 373 -2.0605810000000000
421 373 -62.1118000000000023
374 374 63.0189299999999974
375 374 -2.0433180000000002
421 374 -60.9756100000000032
352 375 -2.0929259999999998
373 375 -2.0605810000000000
374 375 -2.0433180000000002
375 375 6.1968249999999996
153 376 -5.5897150000000000
333 376 -76.0456199999999995
376 376 111.8468000000000018
414 376 -30.2114800000000017
317 377 -149.2537000000000091
322 377 -217.3913000000000011
343 377 -877.1929999999999836
377 377 1243.8379999999999654
306 378 -112.3596000000000004
378 378 244.5108999999999924
434 378 -50.2512600000000020
648 378 -81.9000800000000027
306 379 -112.3596000000000004
379 379 206.5944000000000074
441 379 -37.0919900000000027
650 379 -57.1428599999999989
316 380 -384.6154000000000224
380 380 527.4724999999999682
428 380 -142.8571000000000026
307 381 -51.2820499999999981
381 381 260.1435999999999922
382 381 -39.3700800000000015
431 381 -169.4915000000000020
164 382 -20.2483600000000017
350 382 -73.5294099999999986
371 382 -86.9565199999999976
381 382 -39.3700800000000015
382 382 336.4399999999999977
398 382 -69.4444400000000002
419 382 -21.6450199999999988
443 382 -25.2461500000000001
171 383 -16.8221300000000014
347 383 -40.2252599999999987
383 383 374.1003999999999792
402 383 -26.9541800000000009
435 383 -290.0987999999999829
357 384 -12.1951199999999993
384 384 27.7714500000000015
417 384 -15.5763200000000008
177 385 -22.3649600000000000
334 385 -126.5823000000000036
335 385 -126.5823000000000036
359 385 -29.7619100000000003
360 385 -52.6315799999999996
363 385 -26.7379700000000007
385 385 448.3344000000000165
386 385 -20.0000000000000000
387 385 -4.1476559999999996
395 385 -39.5256899999999973
315 386 -172.4138000000000090
322 386 -90.7441000000000031
336 386 -64.1025700000000001
385 386 -20.0000000000000000
386 386 347.2604999999999791
385 387 -4.1476559999999996
387 387 4.1476559999999996
179 388 -21.7247799999999991
337 388 -17.1467799999999997
360 388 -43.1034500000000023
388 388 129.3307000000000073
406 388 -35.7142800000000022
442 388 -11.6414399999999993
199 389 -11.9380400000000009
324 389 -23.5294099999999986
357 389 -19.6850400000000008
389 389 55.1524900000000002
367 390 -10.1358200000000007
390 390 117.9236999999999966
391 390 -53.8213099999999969
417 390 -53.9665400000000020
203 391 -5.6242970000000003
390 391 -53.8213099999999969
391 391 59.4456100000000021
206 392 -5.7240979999999997
392 392 14.1700400000000002
442 392 -8.4459459999999993
323 393 -50.7614200000000011
393 393 379.3410999999999831
394 393 -92.0386599999999930
408 393 -46.9924800000000005
413 393 -57.8034699999999972
441 393 -82.5082500000000039
566 393 -49.2368299999999977
305 394 -42.7624500000000012
348 394 -18.5632100000000015
393 394 -92.0386599999999930
394 394 273.8763000000000147
428 394 -120.5118999999999971
218 395 -17.1000900000000016
318 395 -39.5256899999999973
385 395 -39.5256899999999973
395 395 136.2854000000000099
409 395 -4.6728969999999999
414 395 -35.4609900000000025
220 396 -5.9988000000000001
396 396 214.3320999999999970
410 396 -208.3333000000000084
397 397 60.0000000000000000
398 397 -20.0000000000000000
399 397 -20.0000000000000000
400 397 -20.0000000000000000
349 398 -305.5038000000000125
382 398 -69.4444400000000002
397 398 -20.0000000000000000
398 398 437.3435999999999808
401 398 -24.5700199999999995
432 398 -17.8253100000000018
372 399 -80.0000000000000000
397 399 -20.0000000000000000
399 399 175.7511000000000081
429 399 -75.7511400000000066
338 400 -108.1080999999999932
339 400 -109.8901000000000039
397 400 -20.0000000000000000
400 400 271.3315000000000055
430 400 -33.3333399999999997
225 401 -12.8501600000000007
350 401 -56.8181799999999981
352 401 -87.9507399999999961
398 401 -24.5700199999999995
401 401 216.9113999999999862
421 401 -34.7222200000000001
229 402 -7.8616349999999997
383 402 -26.9541800000000009
