1074 1074 12960
1 1 1484352.0000000000000000
7 1 -110592.0000000000000000
2 2 806553178.8150000572204590
5 2 1603059.4459599999245256
6 2 -190764074.0690000057220459
8 2 70771.3906522000033874
182 2 11480.1252961999998661
183 2 -287003.1324059999897145
3 3 2904206048.1900000572204590
4 3 -1229633.3210499999113381
6 3 -75499485.9123000055551529
9 3 70771.3906522000033874
181 3 -11480.1252961999998661
183 3 -642887.0165890000062063
3 4 -1229633.3210499999113381
4 4 11058706.8133000005036592
5 4 0.0000000000291038
6 4 -25503484.1981000006198883
9 4 11480.1252961999998661
12 4 -26350.6593194999986736
15 4 -26350.6593194999986736
18 4 -26350.6593194999986736
21 4 -1228357.9784500000532717
24 4 -2363033.1007099999114871
27 4 -26350.6593194999986736
30 4 -26350.6593194999986736
33 4 -26350.6593194999986736
36 4 -2360895.4120800001546741
39 4 -1959228.5190000000875443
42 4 -26350.6593194999986736
48 4 1024871.6904199999989942
54 4 -26350.6593194999986736
57 4 -1956237.0420599998906255
60 4 -1037226.6063299999805167
63 4 -29229.7028642000004766
66 4 1954808.0340499999001622
69 4 -29229.7028642000004766
72 4 -1033273.3843300000298768
75 4 -1036467.2929699999513105
78 4 -23215.1115132999984780
81 4 1960822.6254000000189990
84 4 -23215.1115132999984780
87 4 -1031419.9105999999446794
90 4 -1956950.7188399999868125
93 4 -4973.8068195100004232
96 4 -18859.2606879000013578
99 4 1043843.2143500000238419
102 4 -18859.2606879000013578
108 4 -1950677.4533400000073016
111 4 -3004823.5381999998353422
114 4 -1725.2414090199999919
117 4 -1725.2414090199999919
120 4 -1725.2414090199999919
123 4 -1725.2414090199999919
126 4 -1579557.1690799999050796
129 4 -3003787.1442999998107553
132 4 758.3533299890000308
135 4 758.3533299890000308
138 4 758.3533299890000308
141 4 758.3533299890000308
144 4 -2950998.9142300002276897
147 4 -31879.1491674999997485
150 4 -31879.1491674999997485
153 4 -31879.1491674999997485
156 4 -31879.1491674999997485
159 4 -31879.1491674999997485
162 4 -1603839.6202499999199063
165 4 116210.0820910000038566
166 4 11063.3378219999995054
168 4 -31094.5838183000014396
171 4 -3005868.0178100001066923
174 4 -2857778.7865499998442829
177 4 13885.4538683999999193
180 4 13885.4538683999999193
181 4 -14694.5603792000001704
183 4 -4898.1867930600001273
186 4 11480.1252961999998661
189 4 11480.1252961999998661
190 4 -37830.7846157000021776
191 4 -37830.7846157000021776
194 4 11480.1252961999998661
195 4 -37830.7846157000021776
198 4 11480.1252961999998661
201 4 11480.1252961999998661
204 4 -37830.7846157000021776
207 4 11480.1252961999998661
209 4 -37830.7846157000021776
212 4 11480.1252961999998661
214 4 -37830.7846157000021776
217 4 11480.1252961999998661
221 4 11480.1252961999998661
223 4 -125023.8205920000036713
227 4 1062702.4750300000887364
230 4 -37830.7846157000021776
233 4 11480.1252961999998661
235 4 -37830.7846157000021776
236 4 -125023.8205920000036713
240 4 1062702.4750300000887364
243 4 -37830.7846157000021776
246 4 11480.1252961999998661
248 4 -125023.8205920000036713
252 4 1062702.4750300000887364
255 4 -233416.2043429999903310
259 4 1984037.7369099999777973
262 4 -29229.7028642000004766
264 4 -29229.7028642000004766
265 4 -233416.2043429999903310
269 4 1984037.7369099999777973
272 4 -29229.7028642000004766
274 4 -233416.2043429999903310
278 4 1984037.7369099999777973
281 4 -233416.2043429999903310
285 4 1984037.7369099999777973
288 4 -23215.1115132999984780
290 4 -23215.1115132999984780
291 4 -233416.2043429999903310
295 4 1984037.7369099999777973
298 4 -23215.1115132999984780
300 4 -233416.2043429999903310
304 4 1984037.7369099999777973
309 4 1062702.4750300000887364
311 4 -18859.2606879000013578
314 4 13885.4538683999999193
316 4 -18859.2606879000013578
318 4 -18859.2606879000013578
321 4 1062702.4750300000887364
323 4 -18859.2606879000013578
327 4 1062702.4750300000887364
331 4 13885.4538683999999193
333 4 -15610.6952774000001227
336 4 13885.4538683999999193
338 4 -15610.6952774000001227
341 4 13885.4538683999999193
343 4 -15610.6952774000001227
346 4 13885.4538683999999193
348 4 -15610.6952774000001227
351 4 13885.4538683999999193
355 4 13885.4538683999999193
359 4 13885.4538683999999193
361 4 -13127.1005384000000049
364 4 13885.4538683999999193
366 4 -13127.1005384000000049
369 4 13885.4538683999999193
371 4 -13127.1005384000000049
374 4 13885.4538683999999193
376 4 -13127.1005384000000049
379 4 13885.4538683999999193
383 4 13885.4538683999999193
386 4 -45764.6030357999989064
389 4 13885.4538683999999193
392 4 -45764.6030357999989064
395 4 13885.4538683999999193
398 4 -45764.6030357999989064
401 4 13885.4538683999999193
404 4 -45764.6030357999989064
407 4 13885.4538683999999193
410 4 -45764.6030357999989064
413 4 13885.4538683999999193
416 4 -1617725.0741200000047684
419 4 13885.4538683999999193
422 4 -45764.6030357999989064
425 4 161974.6851270000042859
426 4 -11063.3378219999995054
428 4 784.5653491450000274
431 4 -45764.6030357999989064
434 4 13885.4538683999999193
437 4 -3019753.4716799999587238
440 4 13885.4538683999999193
443 4 -3019753.4716799999587238
446 4 161974.6851270000042859
449 4 13885.4538683999999193
452 4 13885.4538683999999193
492 4 -412643.8663620000006631
494 4 -4541892.0376899996772408
549 4 -1772796.4975000000558794
551 4 103049851.6920000016689301
592 4 -239810.3325550000008661
594 4 572668.8998790000332519
2 5 1603059.4459599999245256
4 5 0.0000000000291038
5 5 4784273.3014900004491210
6 5 -312639087.2310000061988831
8 5 -11480.1252961999998661
11 5 3003027.4980199998244643
14 5 3003027.4980199998244643
17 5 3003027.4980199998244643
20 5 1603059.4459599999245256
23 5 26350.6593194999986736
26 5 26350.6593194999986736
29 5 26350.6593194999986736
32 5 26350.6593194999986736
35 5 26350.6593194999986736
38 5 -604034.9823600000236183
41 5 -1955352.8348799999803305
47 5 -2530912.1133300000801682
53 5 -1955352.8348799999803305
56 5 -746318.6014999999897555
59 5 15344.2489958000005572
62 5 29229.7028642000004766
65 5 15344.2489958000005572
68 5 29229.7028642000004766
71 5 15344.2489958000005572
74 5 9329.6576449099993624
77 5 23215.1115132999984780
80 5 9329.6576449099993624
83 5 23215.1115132999984780
86 5 9329.6576449099993624
89 5 -551334.8691989999497309
92 5 -1015261.2824900000123307
95 5 18859.2606879000013578
98 5 -1978409.6746400000993162
101 5 18859.2606879000013578
107 5 -1048539.5039000000106171
110 5 1725.2414090199999919
113 5 1725.2414090199999919
116 5 1725.2414090199999919
119 5 1725.2414090199999919
122 5 1725.2414090199999919
125 5 1725.2414090199999919
128 5 -758.3533299890000308
131 5 -758.3533299890000308
134 5 -758.3533299890000308
137 5 -758.3533299890000308
140 5 -758.3533299890000308
143 5 -758.3533299890000308
146 5 31879.1491674999997485
149 5 31879.1491674999997485
152 5 31879.1491674999997485
155 5 31879.1491674999997485
158 5 31879.1491674999997485
161 5 31879.1491674999997485
164 5 -116210.0820910000038566
167 5 30960.1023906000009447
170 5 31879.1491674999997485
173 5 -116210.0820910000038566
176 5 -1497686.7896100000943989
179 5 -1997268.9353300000075251
182 5 -437457.9724760000244714
183 5 -10027540.8606000002473593
185 5 -11480.1252961999998661
188 5 -11480.1252961999998661
193 5 -11480.1252961999998661
197 5 -11480.1252961999998661
200 5 -11480.1252961999998661
202 5 37830.7846157000021776
203 5 37830.7846157000021776
206 5 -11480.1252961999998661
208 5 37830.7846157000021776
211 5 -11480.1252961999998661
213 5 37830.7846157000021776
216 5 -11480.1252961999998661
218 5 37830.7846157000021776
220 5 -11480.1252961999998661
222 5 37830.7846157000021776
224 5 -75513.6196441999927629
226 5 -641865.7669760000426322
229 5 37830.7846157000021776
232 5 -1993183.6195000000298023
234 5 37830.7846157000021776
237 5 -302205.0468170000240207
239 5 -2568742.8979500001296401
242 5 37830.7846157000021776
245 5 -1993183.6195000000298023
247 5 37830.7846157000021776
249 5 -92252.8689546999958111
251 5 -784149.3861150000011548
254 5 29229.7028642000004766
256 5 -1633.5828080399999180
258 5 -13885.4538683999999193
261 5 29229.7028642000004766
263 5 29229.7028642000004766
266 5 -1633.5828080399999180
268 5 -13885.4538683999999193
271 5 29229.7028642000004766
273 5 29229.7028642000004766
275 5 -1633.5828080399999180
277 5 -13885.4538683999999193
280 5 23215.1115132999984780
282 5 -1633.5828080399999180
284 5 -13885.4538683999999193
287 5 23215.1115132999984780
289 5 23215.1115132999984780
292 5 -1633.5828080399999180
294 5 -13885.4538683999999193
297 5 23215.1115132999984780
299 5 23215.1115132999984780
301 5 -1633.5828080399999180
303 5 -13885.4538683999999193
306 5 18859.2606879000013578
308 5 -570194.1298869999591261
310 5 18859.2606879000013578
313 5 -1034120.5431800000369549
315 5 18859.2606879000013578
317 5 18859.2606879000013578
320 5 -1997268.9353300000075251
322 5 18859.2606879000013578
324 5 18859.2606879000013578
326 5 -1067398.7645900000352412
328 5 15610.6952774000001227
330 5 -13885.4538683999999193
332 5 15610.6952774000001227
335 5 -13885.4538683999999193
337 5 15610.6952774000001227
340 5 -13885.4538683999999193
342 5 15610.6952774000001227
345 5 -13885.4538683999999193
347 5 15610.6952774000001227
350 5 -13885.4538683999999193
352 5 15610.6952774000001227
354 5 -13885.4538683999999193
356 5 13127.1005384000000049
358 5 -13885.4538683999999193
360 5 13127.1005384000000049
363 5 -13885.4538683999999193
365 5 13127.1005384000000049
368 5 -13885.4538683999999193
370 5 13127.1005384000000049
373 5 -13885.4538683999999193
375 5 13127.1005384000000049
378 5 -13885.4538683999999193
380 5 13127.1005384000000049
382 5 -13885.4538683999999193
385 5 45764.6030357999989064
388 5 -13885.4538683999999193
391 5 45764.6030357999989064
394 5 -13885.4538683999999193
397 5 45764.6030357999989064
400 5 -13885.4538683999999193
403 5 45764.6030357999989064
406 5 -13885.4538683999999193
409 5 45764.6030357999989064
412 5 -13885.4538683999999193
415 5 45764.6030357999989064
418 5 -13885.4538683999999193
421 5 45764.6030357999989064
424 5 -161974.6851270000042859
427 5 -919.0467769000000544
430 5 45764.6030357999989064
433 5 -13885.4538683999999193
436 5 45764.6030357999989064
439 5 -13885.4538683999999193
442 5 45764.6030357999989064
445 5 -161974.6851270000042859
448 5 -1497686.7896100000943989
451 5 -1997268.9353300000075251
493 5 -993134.9617980000330135
494 5 97300922.1603000015020370
550 5 -101699.1178570000047330
551 5 5084955.8928699996322393
593 5 -162434.2085150000057183
594 5 7796842.0087299998849630
2 6 -190764074.0690000057220459
3 6 -75499485.9123000055551529
4 6 -25503484.1981000006198883
5 6 -312639087.2310000061988831
6 6 76062313865.6000061035156250
8 6 1366134.9102499999571592
9 6 704879.6931890000123531
11 6 -357360272.2649999856948853
12 6 -880112.0212710000341758
14 6 -357360272.2649999856948853
15 6 -142293.5603249999985565
17 6 -357360272.2649999856948853
18 6 595524.9006199999712408
20 6 -190764074.0690000057220459
21 6 62154913.7093999981880188
23 6 -2582364.6133099999278784
24 6 -145090232.3840000033378601
26 6 -2582364.6133099999278784
27 6 -880112.0212710000341758
29 6 -2582364.6133099999278784
30 6 -142293.5603249999985565
32 6 -2582364.6133099999278784
33 6 595524.9006199999712408
35 6 -2582364.6133099999278784
36 6 119461307.8509999960660934
38 6 42282448.7651999965310097
39 6 -120296631.0670000016689301
41 6 136874698.4420000016689301
42 6 -1196319.9331000000238419
47 6 177163847.9329999983310699
48 6 5534307.1282599996775389
53 6 136874698.4420000016689301
54 6 806330.1751759999897331
56 6 52242302.1049999967217445
57 6 98985594.3281999975442886
59 6 -644458.4578260000562295
60 6 -63685713.6287999972701073
62 6 -1227647.5202999999746680
63 6 -1327028.5100400000810623
65 6 -644458.4578260000562295
66 6 10555963.3838999997824430
68 6 -1227647.5202999999746680
69 6 894428.9076440000208095
71 6 -644458.4578260000562295
72 6 52283633.2468999996781349
74 6 -130615.2070289999974193
75 6 -63639091.7881999984383583
77 6 -325011.5611860000062734
78 6 -1053966.0626999998930842
80 6 -130615.2070289999974193
81 6 10588442.1772000007331371
83 6 -325011.5611860000062734
84 6 710382.4123060000129044
86 6 -130615.2070289999974193
87 6 52189847.4765999987721443
89 6 -7718688.1687899995595217
90 6 -120156774.1360000073909760
92 6 -14213657.9549000002443790
93 6 -235758.4432450000022072
95 6 264029.6496299999998882
96 6 -629899.3069749999558553
98 6 -27697735.4450000002980232
99 6 5636753.3574700001627207
101 6 264029.6496299999998882
102 6 426219.2915459999931045
107 6 -14679553.0546000003814697
108 6 98704279.1392000019550323
110 6 72460.1391787000029581
111 6 -184496165.2450000047683716
113 6 72460.1391787000029581
114 6 -81776.4427873999957228
116 6 72460.1391787000029581
117 6 -57623.0630612000022666
119 6 72460.1391787000029581
120 6 -9316.3036086899992370
122 6 72460.1391787000029581
123 6 38990.4558438000021852
125 6 72460.1391787000029581
126 6 79925592.7556000053882599
128 6 -53084.7330991999988328
129 6 -184432530.6599999964237213
131 6 -53084.7330991999988328
132 6 35945.9478414999975939
134 6 -53084.7330991999988328
135 6 25329.0012215999995533
137 6 -53084.7330991999988328
138 6 4095.1079819400001725
140 6 -53084.7330991999988328
141 6 -17138.7852577000012388
143 6 -53084.7330991999988328
144 6 149320545.0600000023841858
146 6 3124156.6184100001119077
147 6 -1957379.7588800000958145
149 6 3124156.6184100001119077
150 6 -1511071.6705400000791997
152 6 3124156.6184100001119077
153 6 -1064763.5821899999864399
155 6 3124156.6184100001119077
156 6 -172147.4055039999948349
158 6 3124156.6184100001119077
159 6 720468.7711849999614060
161 6 3124156.6184100001119077
162 6 81154284.7845000028610229
164 6 -14642470.3434999994933605
165 6 7135299.0403800001367927
166 6 -250031.4347769999876618
167 6 3886686.4211800000630319
168 6 702737.5942949999589473
170 6 4016772.7951000002212822
171 6 152096921.7010000050067902
173 6 -17896352.6420000009238720
174 6 144603606.5999999940395355
176 6 -20967615.0544999986886978
177 6 297148.7127830000245012
179 6 -27961765.0945999994874001
180 6 -237441.2611489999981131
181 6 -84248.8128406000032555
182 6 31093508.5520999990403652
183 6 670915765.9680000543594360
185 6 1366134.9102499999571592
186 6 383436.1848940000054426
188 6 1125052.2790300000924617
189 6 704879.6931890000123531
190 6 -1263548.2061699999030679
191 6 -204286.2369250000047032
193 6 1366134.9102499999571592
194 6 61992.6765996999965864
195 6 854975.7323150000302121
197 6 1366134.9102499999571592
198 6 -259450.8316950000007637
200 6 1366134.9102499999571592
201 6 -580894.3399890000000596
202 6 -3707416.8923399997875094
203 6 -3707416.8923399997875094
204 6 -1263548.2061699999030679
206 6 1125052.2790300000924617
207 6 383436.1848940000054426
208 6 -3707416.8923399997875094
209 6 -204286.2369250000047032
211 6 1125052.2790300000924617
212 6 61992.6765996999965864
213 6 -3707416.8923399997875094
214 6 854975.7323150000302121
216 6 1125052.2790300000924617
217 6 -259450.8316950000007637
218 6 -3707416.8923399997875094
220 6 1125052.2790300000924617
221 6 -580894.3399890000000596
222 6 -2648154.9230999997816980
223 6 -7676462.5843599997460842
224 6 5285953.3750900002196431
226 6 44930603.6882999986410141
227 6 65249931.9671000018715858
228 6 -16936.9411765000004380
229 6 -2648154.9230999997816980
230 6 -1717517.6215500000398606
232 6 139522853.3650000095367432
233 6 521197.6884490000084043
234 6 -2648154.9230999997816980
235 6 -204286.2369250000047032
236 6 -675128.6311980000464246
237 6 21154353.2771999984979630
239 6 179812002.8560000061988831
240 6 5738593.3651799997314811
241 6 -16936.9411765000004380
242 6 -2648154.9230999997816980
243 6 1157622.0092400000430644
245 6 139522853.3650000095367432
246 6 -351291.8340650000027381
247 6 -2648154.9230999997816980
248 6 6326205.3219600003212690
249 6 6457700.8268299996852875
251 6 54890457.0280999988317490
252 6 -53772745.2366999983787537
253 6 -16936.9411765000004380
254 6 -1227647.5202999999746680
255 6 -14331754.9465999994426966
256 6 68610.4779376999940723
258 6 583189.0624710000120103
259 6 121819917.0470000058412552
260 6 -16936.9411765000004380
261 6 -1227647.5202999999746680
262 6 -1327028.5100400000810623
263 6 -1227647.5202999999746680
264 6 -157840.3954669999948237
265 6 -1260447.5034499999601394
266 6 68610.4779376999940723
268 6 583189.0624710000120103
269 6 10713803.7793000005185604
270 6 -16936.9411765000004380
271 6 -1227647.5202999999746680
272 6 894428.9076440000208095
273 6 -1227647.5202999999746680
274 6 11810859.9396999999880791
275 6 68610.4779376999940723
277 6 583189.0624710000120103
278 6 -100392309.4880000054836273
279 6 -16936.9411765000004380
280 6 -325011.5611860000062734
281 6 -14331754.9465999994426966
282 6 22870.1593126000007032
284 6 194396.3541569999943022
285 6 121819917.0470000058412552
286 6 -16936.9411765000004380
287 6 -325011.5611860000062734
288 6 -1053966.0626999998930842
289 6 -325011.5611860000062734
290 6 -125361.6021719999989728
291 6 -1260447.5034499999601394
292 6 22870.1593126000007032
294 6 194396.3541569999943022
295 6 10713803.7793000005185604
296 6 -16936.9411765000004380
297 6 -325011.5611860000062734
298 6 710382.4123060000129044
299 6 -325011.5611860000062734
300 6 11810859.9396999999880791
301 6 22870.1593126000007032
303 6 194396.3541569999943022
304 6 -100392309.4880000054836273
305 6 -16936.9411765000004380
306 6 264029.6496299999998882
308 6 -7982717.8184099998325109
309 6 65249931.9671000018715858
310 6 264029.6496299999998882
311 6 -893928.9566039999481291
313 6 -14477687.6044999994337559
314 6 658170.5133599999826401
315 6 264029.6496299999998882
316 6 -629899.3069749999558553
317 6 264029.6496299999998882
318 6 -101840.0077140000066720
320 6 -27961765.0945999994874001
321 6 5738593.3651799997314811
322 6 264029.6496299999998882
323 6 426219.2915459999931045
324 6 264029.6496299999998882
326 6 -14943582.7041999995708466
327 6 -53772745.2366999983787537
328 6 655649.2016490000532940
330 6 -583189.0624710000120103
331 6 852566.8675169999478385
332 6 655649.2016490000532940
333 6 -739946.9561469999607652
335 6 -583189.0624710000120103
336 6 658170.5133599999826401
337 6 655649.2016490000532940
338 6 -521397.2222639999818057
340 6 -583189.0624710000120103
341 6 463774.1592030000174418
342 6 655649.2016490000532940
343 6 -84297.7544977999932598
345 6 -583189.0624710000120103
346 6 74981.4508891000004951
347 6 655649.2016490000532940
348 6 352801.7132679999922402
350 6 -583189.0624710000120103
351 6 -313811.2574250000179745
352 6 655649.2016490000532940
354 6 -583189.0624710000120103
355 6 -702603.9657390000065789
356 6 918897.0376849999884143
358 6 -971981.7707849999424070
359 6 852566.8675169999478385
360 6 918897.0376849999884143
361 6 -622224.5655180000467226
363 6 -971981.7707849999424070
364 6 658170.5133599999826401
365 6 918897.0376849999884143
366 6 -438445.1579810000257567
368 6 -971981.7707849999424070
369 6 463774.1592030000174418
370 6 918897.0376849999884143
371 6 -70886.3429070999991382
373 6 -971981.7707849999424070
374 6 74981.4508891000004951
375 6 918897.0376849999884143
376 6 296672.4721669999998994
378 6 -971981.7707849999424070
379 6 -313811.2574250000179745
380 6 918897.0376849999884143
382 6 -971981.7707849999424070
383 6 -702603.9657390000065789
385 6 4484931.0975099997594953
386 6 -2809946.6263999999500811
388 6 -1360774.4791000001132488
389 6 852566.8675169999478385
391 6 4484931.0975099997594953
392 6 -2169242.1839000000618398
394 6 -1360774.4791000001132488
395 6 658170.5133599999826401
397 6 4484931.0975099997594953
398 6 -1528537.7413999999407679
400 6 -1360774.4791000001132488
401 6 463774.1592030000174418
403 6 4484931.0975099997594953
404 6 -247128.8563940000021830
406 6 -1360774.4791000001132488
407 6 74981.4508891000004951
409 6 4484931.0975099997594953
410 6 1034280.0286100000375882
412 6 -1360774.4791000001132488
413 6 -313811.2574250000179745
415 6 4484931.0975099997594953
416 6 81856888.7502000033855438
418 6 -1360774.4791000001132488
419 6 -702603.9657390000065789
421 6 5766339.9825200000777841
422 6 -2809946.6263999999500811
424 6 -20408810.3260000012814999
425 6 9945245.6667800005525351
426 6 250031.4347769999876618
427 6 -127246.7236039999988861
428 6 -17731.1768907000005129
430 6 5766339.9825200000777841
431 6 1034280.0286100000375882
433 6 -1749567.1874100000131875
434 6 -313811.2574250000179745
436 6 5766339.9825200000777841
437 6 152799525.6669999957084656
439 6 -1749567.1874100000131875
440 6 -702603.9657390000065789
442 6 7047748.8675199998542666
443 6 152799525.6669999957084656
445 6 -24944101.5095000006258488
446 6 -8195919.0674099996685982
448 6 -20967615.0544999986886978
449 6 297148.7127830000245012
451 6 -27961765.0945999994874001
452 6 -237441.2611489999981131
492 6 -2354879.5459699998609722
493 6 -15916463.4846999999135733
494 6 547128822.1929999589920044
549 6 84435488.4681999981403351
550 6 -11390301.1999999992549419
551 6 -4831351512.6199998855590820
592 6 884422.3322009999537840
593 6 -22740789.1920999996364117
594 6 508478294.8330000042915344
1 7 -110592.0000000000000000
7 7 111893.9973259999969741
8 7 5443.9838709699997708
9 7 -9587.9840213000006770
184 7 -388.8559907829999815
185 7 5443.9838709699997708
187 7 -913.1413353619999498
189 7 -9587.9840213000006770
2 8 70771.3906522000033874
5 8 -11480.1252961999998661
6 8 1366134.9102499999571592
7 8 5443.9838709699997708
8 8 272641.6471310000051744
182 8 11480.1252961999998661
183 8 -287003.1324059999897145
184 8 -5443.9838709699997708
185 8 50499.4313363999972353
188 8 -26228.5714286000002176
3 9 70771.3906522000033874
4 9 11480.1252961999998661
6 9 704879.6931890000123531
7 9 -9587.9840213000006770
9 9 299114.6765899999882095
181 9 -11480.1252961999998661
183 9 -642887.0165890000062063
186 9 -19671.4285713999997824
187 9 9587.9840213000006770
189 9 66385.3750808000040706
10 10 1666741.3035099999979138
12 10 -9967.6868263600008504
25 10 -949.3035072730000365
27 10 -9967.6868263600008504
184 10 -110592.0000000000000000
5 11 3003027.4980199998244643
6 11 -357360272.2649999856948853
11 11 1615805201.9300000667572021
26 11 -28182.8571429000003263
182 11 11480.1252961999998661
183 11 -287003.1324059999897145
185 11 70771.3906522000033874
4 12 -26350.6593194999986736
6 12 -880112.0212710000341758
10 12 -9967.6868263600008504
12 12 543044.4848360000178218
25 12 9967.6868263600008504
27 12 69014.5402482000063173
181 12 -11480.1252961999998661
183 12 -321443.5082950000069104
186 12 70771.3906522000033874
190 12 120051.2030789999989793
13 13 1666741.3035099999979138
15 13 -9967.6868263600008504
28 13 -949.3035072730000365
30 13 -9967.6868263600008504
192 13 -110592.0000000000000000
5 14 3003027.4980199998244643
6 14 -357360272.2649999856948853
14 14 1615805201.9300000667572021
29 14 -28182.8571429000003263
182 14 11480.1252961999998661
183 14 -287003.1324059999897145
193 14 70771.3906522000033874
4 15 -26350.6593194999986736
6 15 -142293.5603249999985565
13 15 -9967.6868263600008504
15 15 543044.4848360000178218
28 15 9967.6868263600008504
30 15 69014.5402482000063173
181 15 -11480.1252961999998661
191 15 120051.2030789999989793
194 15 70771.3906522000033874
16 16 1666741.3035099999979138
18 16 -9967.6868263600008504
31 16 -949.3035072730000365
33 16 -9967.6868263600008504
196 16 -110592.0000000000000000
5 17 3003027.4980199998244643
6 17 -357360272.2649999856948853
17 17 1615805201.9300000667572021
32 17 -28182.8571429000003263
182 17 11480.1252961999998661
183 17 -287003.1324059999897145
197 17 70771.3906522000033874
4 18 -26350.6593194999986736
6 18 595524.9006199999712408
16 18 -9967.6868263600008504
18 18 543044.4848360000178218
31 18 9967.6868263600008504
33 18 69014.5402482000063173
181 18 -11480.1252961999998661
183 18 321443.5082950000069104
195 18 120051.2030789999989793
198 18 70771.3906522000033874
19 19 1484352.0000000000000000
199 19 -110592.0000000000000000
5 20 1603059.4459599999245256
6 20 -190764074.0690000057220459
20 20 806553178.8150000572204590
182 20 11480.1252961999998661
183 20 -287003.1324059999897145
200 20 70771.3906522000033874
4 21 -1228357.9784500000532717
6 21 62154913.7093999981880188
21 21 1193479671.4800000190734863
181 21 -11480.1252961999998661
183 21 642887.0165890000062063
201 21 70771.3906522000033874
22 22 1355156.2545799999497831
23 22 5659.5641873399999895
25 22 -404.2545848099999830
26 22 5659.5641873399999895
187 22 -110592.0000000000000000
5 23 26350.6593194999986736
6 23 -2582364.6133099999278784
22 23 5659.5641873399999895
23 23 508706.1289250000263564
25 23 -5659.5641873399999895
26 23 52499.2700514000025578
182 23 11480.1252961999998661
183 23 -45920.5011849000002258
188 23 70771.3906522000033874
202 23 120051.2030789999989793
4 24 -2363033.1007099999114871
6 24 -145090232.3840000033378601
24 24 6336518184.2299995422363281
27 24 -21137.1428570999996737
181 24 -11480.1252961999998661
183 24 -642887.0165890000062063
189 24 70771.3906522000033874
10 25 -949.3035072730000365
12 25 9967.6868263600008504
22 25 -404.2545848099999830
23 25 -5659.5641873399999895
25 25 320114.0672619999968447
27 25 4308.1226390199999514
28 25 -404.2545848099999830
29 25 5659.5641873399999895
43 25 -404.2545848099999830
45 25 -5659.5641873399999895
205 25 -110592.0000000000000000
5 26 26350.6593194999986736
6 26 -2582364.6133099999278784
11 26 -28182.8571429000003263
22 26 5659.5641873399999895
23 26 52499.2700514000025578
26 26 663994.6561190000502393
28 26 -5659.5641873399999895
29 26 52499.2700514000025578
44 26 -21137.1428570999996737
182 26 11480.1252961999998661
183 26 -45920.5011849000002258
203 26 120051.2030789999989793
206 26 70771.3906522000033874
4 27 -26350.6593194999986736
6 27 -880112.0212710000341758
10 27 -9967.6868263600008504
12 27 69014.5402482000063173
24 27 -21137.1428570999996737
25 27 4308.1226390199999514
27 27 691287.2977449999889359
30 27 -21137.1428570999996737
43 27 5659.5641873399999895
45 27 52499.2700514000025578
181 27 -11480.1252961999998661
183 27 -321443.5082950000069104
204 27 120051.2030789999989793
207 27 70771.3906522000033874
13 28 -949.3035072730000365
15 28 9967.6868263600008504
25 28 -404.2545848099999830
26 28 -5659.5641873399999895
28 28 320114.0672619999968447
30 28 4308.1226390199999514
31 28 -404.2545848099999830
32 28 5659.5641873399999895
46 28 -404.2545848099999830
48 28 -5659.5641873399999895
210 28 -110592.0000000000000000
5 29 26350.6593194999986736
6 29 -2582364.6133099999278784
14 29 -28182.8571429000003263
25 29 5659.5641873399999895
26 29 52499.2700514000025578
29 29 663994.6561190000502393
31 29 -5659.5641873399999895
32 29 52499.2700514000025578
47 29 -21137.1428570999996737
182 29 11480.1252961999998661
183 29 -45920.5011849000002258
208 29 120051.2030789999989793
211 29 70771.3906522000033874
4 30 -26350.6593194999986736
6 30 -142293.5603249999985565
13 30 -9967.6868263600008504
15 30 69014.5402482000063173
27 30 -21137.1428570999996737
28 30 4308.1226390199999514
30 30 691287.2977449999889359
33 30 -21137.1428570999996737
46 30 5659.5641873399999895
48 30 52499.2700514000025578
181 30 -11480.1252961999998661
209 30 120051.2030789999989793
212 30 70771.3906522000033874
16 31 -949.3035072730000365
18 31 9967.6868263600008504
28 31 -404.2545848099999830
29 31 -5659.5641873399999895
31 31 320114.0672619999968447
33 31 4308.1226390199999514
34 31 -404.2545848099999830
35 31 5659.5641873399999895
49 31 -404.2545848099999830
51 31 -5659.5641873399999895
215 31 -110592.0000000000000000
5 32 26350.6593194999986736
6 32 -2582364.6133099999278784
17 32 -28182.8571429000003263
28 32 5659.5641873399999895
29 32 52499.2700514000025578
32 32 663994.6561190000502393
34 32 -5659.5641873399999895
35 32 52499.2700514000025578
50 32 -21137.1428570999996737
182 32 11480.1252961999998661
183 32 -45920.5011849000002258
213 32 120051.2030789999989793
216 32 70771.3906522000033874
4 33 -26350.6593194999986736
6 33 595524.9006199999712408
16 33 -9967.6868263600008504
18 33 69014.5402482000063173
30 33 -21137.1428570999996737
31 33 4308.1226390199999514
33 33 691287.2977449999889359
36 33 -21137.1428570999996737
49 33 5659.5641873399999895
51 33 52499.2700514000025578
181 33 -11480.1252961999998661
183 33 321443.5082950000069104
214 33 120051.2030789999989793
217 33 70771.3906522000033874
31 34 -404.2545848099999830
32 34 -5659.5641873399999895
34 34 1355156.2545799999497831
35 34 -5659.5641873399999895
219 34 -110592.0000000000000000
5 35 26350.6593194999986736
6 35 -2582364.6133099999278784
31 35 5659.5641873399999895
32 35 52499.2700514000025578
34 35 -5659.5641873399999895
35 35 508706.1289250000263564
182 35 11480.1252961999998661
183 35 -45920.5011849000002258
218 35 120051.2030789999989793
220 35 70771.3906522000033874
4 36 -2360895.4120800001546741
6 36 119461307.8509999960660934
33 36 -21137.1428570999996737
36 36 2604027495.7899999618530273
181 36 -11480.1252961999998661
183 36 642887.0165890000062063
221 36 70771.3906522000033874
37 37 2096144.8836900000460446
38 37 16910.5988943999982439
40 37 -2113.8248617999997805
41 37 16910.5988943999982439
225 37 -538831.0588230000576004
5 38 -604034.9823600000236183
6 38 42282448.7651999965310097
37 38 16910.5988943999982439
38 38 198009127.2299999892711639
40 38 -16910.5988943999982439
41 38 88499.1911554999969667
222 38 120051.2030789999989793
224 38 641865.7669760000426322
226 38 -186657082.1570000052452087
4 39 -1959228.5190000000875443
6 39 -120296631.0670000016689301
39 39 7573455851.3000001907348633
42 39 -36990.0000000000000000
223 39 -1062702.4750300000887364
227 39 -178963264.2560000121593475
37 40 -2113.8248617999997805
38 40 -16910.5988943999982439
40 40 1090363.8097399999387562
41 40 12330.8228892999995878
42 40 -5659.5641873399999895
43 40 -4873.5702972899998713
44 40 29241.4217836999996507
61 40 -404.2545848099999830
63 40 -5659.5641873399999895
231 40 -875612.1600000000325963
5 41 -1955352.8348799999803305
6 41 136874698.4420000016689301
37 41 16910.5988943999982439
38 41 88499.1911554999969667
40 41 12330.8228892999995878
41 41 561286189.9409999847412109
43 41 -29241.4217836999996507
44 41 113067.7307020000007469
62 41 -21137.1428570999996737
182 41 1993183.6195000000298023
183 41 47836406.8680000007152557
229 41 120051.2030789999989793
232 41 -523214703.5669999718666077
4 42 -26350.6593194999986736
6 42 -1196319.9331000000238419
39 42 -36990.0000000000000000
40 42 -5659.5641873399999895
42 42 595016.1289249999681488
45 42 -49320.0000000000000000
61 42 5659.5641873399999895
63 42 52499.2700514000025578
181 42 -11480.1252961999998661
183 42 -459205.0118490000022575
230 42 120051.2030789999989793
233 42 70771.3906522000033874
25 43 -404.2545848099999830
27 43 5659.5641873399999895
40 43 -4873.5702972899998713
41 43 -29241.4217836999996507
43 43 5682.0794669099996099
44 43 -23581.8575964000010572
45 43 5659.5641873399999895
46 43 -404.2545848099999830
47 43 5659.5641873399999895
26 44 -21137.1428570999996737
40 44 29241.4217836999996507
41 44 113067.7307020000007469
43 44 -23581.8575964000010572
44 44 364935.0007539999787696
46 44 -5659.5641873399999895
47 44 52499.2700514000025578
25 45 -5659.5641873399999895
27 45 52499.2700514000025578
42 45 -49320.0000000000000000
43 45 5659.5641873399999895
45 45 176425.6700509999936912
48 45 -21137.1428570999996737
28 46 -404.2545848099999830
30 46 5659.5641873399999895
43 46 -404.2545848099999830
44 46 -5659.5641873399999895
46 46 1367753.4889299999922514
49 46 -404.2545848099999830
50 46 5659.5641873399999895
64 46 -404.2545848099999830
66 46 -5659.5641873399999895
238 46 -1158776.4705900000408292
5 47 -2530912.1133300000801682
6 47 177163847.9329999983310699
29 47 -21137.1428570999996737
43 47 5659.5641873399999895
44 47 52499.2700514000025578
47 47 833490312.0279999971389771
49 47 -5659.5641873399999895
50 47 52499.2700514000025578
65 47 -21137.1428570999996737
234 47 120051.2030789999989793
237 47 2568742.8979500001296401
239 47 -789309214.7790000438690186
4 48 1024871.6904199999989942
6 48 5534307.1282599996775389
28 48 -5659.5641873399999895
30 48 52499.2700514000025578
45 48 -21137.1428570999996737
48 48 197541674.3149999976158142
51 48 -21137.1428570999996737
64 48 5659.5641873399999895
66 48 52499.2700514000025578
235 48 120051.2030789999989793
236 48 -1062702.4750300000887364
240 48 -178963264.2560000121593475
31 49 -404.2545848099999830
33 49 5659.5641873399999895
46 49 -404.2545848099999830
47 49 -5659.5641873399999895
49 49 16065.1423477999996976
50 49 55366.9685251999981119
51 49 5659.5641873399999895
52 49 -15256.6331781000008050
53 49 61026.5327124999967054
32 50 -21137.1428570999996737
46 50 5659.5641873399999895
47 50 52499.2700514000025578
49 50 55366.9685251999981119
50 50 464783.0009009999921545
52 50 -61026.5327124999967054
53 50 150534.9308500000042841
31 51 -5659.5641873399999895
33 51 52499.2700514000025578
48 51 -21137.1428570999996737
49 51 5659.5641873399999895
51 51 201085.6700509999936912
54 51 -73980.0000000000000000
49 52 -15256.6331781000008050
50 52 -61026.5327124999967054
52 52 1099729.5911900000646710
53 52 -50061.0983997000003001
54 52 -5659.5641873399999895
55 52 -1096.5434312800000498
56 52 10965.4343128000000434
67 52 -404.2545848099999830
69 52 -5659.5641873399999895
244 52 -875612.1600000000325963
5 53 -1955352.8348799999803305
6 53 136874698.4420000016689301
49 53 61026.5327124999967054
50 53 150534.9308500000042841
52 53 -50061.0983997000003001
53 53 561351050.3730000257492065
55 53 -10965.4343128000000434
56 53 72225.8631279999972321
68 53 -21137.1428570999996737
182 53 1993183.6195000000298023
183 53 47836406.8680000007152557
242 53 120051.2030789999989793
245 53 -523214703.5669999718666077
4 54 -26350.6593194999986736
6 54 806330.1751759999897331
51 54 -73980.0000000000000000
52 54 -5659.5641873399999895
54 54 612278.1289249999681488
57 54 -29592.0000000000000000
67 54 5659.5641873399999895
69 54 52499.2700514000025578
181 54 -11480.1252961999998661
183 54 413284.5106640000012703
243 54 120051.2030789999989793
246 54 70771.3906522000033874
52 55 -1096.5434312800000498
53 55 -10965.4343128000000434
55 55 2166178.8963700002059340
56 55 -10965.4343128000000434
250 55 -609882.3529410000192001
5 56 -746318.6014999999897555
6 56 52242302.1049999967217445
52 56 10965.4343128000000434
53 56 72225.8631279999972321
55 56 -10965.4343128000000434
56 56 241875315.1299999952316284
247 56 120051.2030789999989793
249 56 784149.3861150000011548
251 56 -228139436.0999999940395355
4 57 -1956237.0420599998906255
6 57 98985594.3281999975442886
54 57 -29592.0000000000000000
57 57 3218873495.9200000762939453
248 57 -1062702.4750300000887364
252 57 -178963264.2560000121593475
58 58 2004901.1803600001148880
59 58 16910.5988943999982439
61 58 -2113.8248617999997805
62 58 16910.5988943999982439
257 58 -650439.5294119999743998
5 59 15344.2489958000005572
6 59 -644458.4578260000562295
58 59 16910.5988943999982439
59 59 568905.5210680000018328
61 59 -16910.5988943999982439
62 59 88499.1911554999969667
254 59 107981.4697299999970710
256 59 13885.4538683999999193
258 59 77377.6990573999937624
4 60 -1037226.6063299999805167
6 60 -63685713.6287999972701073
60 60 6786068977.1599998474121094
63 60 -36990.0000000000000000
255 60 -1984037.7369099999777973
259 60 -333818032.1769999861717224
40 61 -404.2545848099999830
42 61 5659.5641873399999895
58 61 -2113.8248617999997805
59 61 -16910.5988943999982439
61 61 183374.8973840000107884
62 61 -14120.2014154000007693
64 61 -139.5198739530000012
65 61 2790.3974790500001291
76 61 -404.2545848099999830
78 61 -5659.5641873399999895
5 62 29229.7028642000004766
6 62 -1227647.5202999999746680
41 62 -21137.1428570999996737
58 62 16910.5988943999982439
59 62 88499.1911554999969667
61 62 -14120.2014154000007693
62 62 527026.9796589999459684
64 62 -2790.3974790500001291
65 62 37093.7095810000027996
77 62 -21137.1428570999996737
261 62 107981.4697299999970710
4 63 -29229.7028642000004766
6 63 -1327028.5100400000810623
40 63 -5659.5641873399999895
42 63 52499.2700514000025578
60 63 -36990.0000000000000000
63 63 491883.1675970000214875
66 63 -14796.0000000000000000
76 63 5659.5641873399999895
78 63 52499.2700514000025578
262 63 107981.4697299999970710
46 64 -404.2545848099999830
48 64 5659.5641873399999895
61 64 -139.5198739530000012
62 64 -2790.3974790500001291
64 64 831891.7199049999471754
65 64 649.7260057710000183
67 64 -191.1179713790000108
68 64 3440.1234848200001579
79 64 -404.2545848099999830
81 64 -5659.5641873399999895
267 64 -650439.5294119999743998
5 65 15344.2489958000005572
6 65 -644458.4578260000562295
47 65 -21137.1428570999996737
61 65 2790.3974790500001291
62 65 37093.7095810000027996
64 65 649.7260057710000183
65 65 586347.4279350000433624
67 65 -3440.1234848200001579
68 65 41128.6227268000002368
80 65 -21137.1428570999996737
263 65 107981.4697299999970710
266 65 13885.4538683999999193
268 65 77377.6990573999937624
4 66 1954808.0340499999001622
6 66 10555963.3838999997824430
46 66 -5659.5641873399999895
48 66 52499.2700514000025578
63 66 -14796.0000000000000000
66 66 368018006.8719999790191650
69 66 -16440.0000000000000000
79 66 5659.5641873399999895
81 66 52499.2700514000025578
264 66 107981.4697299999970710
265 66 -1984037.7369099999777973
269 66 -333818032.1769999861717224
52 67 -404.2545848099999830
54 67 5659.5641873399999895
64 67 -191.1179713790000108
65 67 -3440.1234848200001579
67 67 182409.2140500000095926
68 67 7525.3108279799998854
70 67 -1096.5434312800000498
71 67 10965.4343128000000434
82 67 -404.2545848099999830
84 67 -5659.5641873399999895
5 68 29229.7028642000004766
6 68 -1227647.5202999999746680
53 68 -21137.1428570999996737
64 68 3440.1234848200001579
65 68 41128.6227268000002368
67 68 7525.3108279799998854
68 68 500233.0447769999736920
70 68 -10965.4343128000000434
71 68 72225.8631279999972321
83 68 -21137.1428570999996737
271 68 107981.4697299999970710
4 69 -29229.7028642000004766
6 69 894428.9076440000208095
52 69 -5659.5641873399999895
54 69 52499.2700514000025578
66 69 -16440.0000000000000000
69 69 486129.1675970000214875
72 69 -29592.0000000000000000
82 69 5659.5641873399999895
84 69 52499.2700514000025578
272 69 107981.4697299999970710
67 70 -1096.5434312800000498
68 70 -10965.4343128000000434
70 70 2003883.8989299999084324
71 70 -10965.4343128000000434
276 70 -650439.5294119999743998
5 71 15344.2489958000005572
6 71 -644458.4578260000562295
67 71 10965.4343128000000434
68 71 72225.8631279999972321
70 71 -10965.4343128000000434
71 71 533917.9530409999424592
273 71 107981.4697299999970710
275 71 13885.4538683999999193
277 71 77377.6990573999937624
4 72 -1033273.3843300000298768
6 72 52283633.2468999996781349
69 72 -29592.0000000000000000
72 72 2999464935.0900001525878906
274 72 -1984037.7369099999777973
278 72 -333818032.1769999861717224
73 73 1848861.0465800000820309
74 73 16910.5988943999982439
76 73 -2113.8248617999997805
77 73 16910.5988943999982439
283 73 -650439.5294119999743998
5 74 9329.6576449099993624
6 74 -130615.2070289999974193
73 74 16910.5988943999982439
74 74 544799.5711580000352114
76 74 -16910.5988943999982439
77 74 88499.1911554999969667
280 74 97742.2863745999929961
282 74 13885.4538683999999193
284 74 77377.6990573999937624
4 75 -1036467.2929699999513105
6 75 -63639091.7881999984383583
75 75 6049740023.3199996948242188
78 75 -36990.0000000000000000
281 75 -1984037.7369099999777973
285 75 -333818032.1769999861717224
61 76 -404.2545848099999830
63 76 5659.5641873399999895
73 76 -2113.8248617999997805
74 76 -16910.5988943999982439
76 76 162566.4966720000084024
77 76 -14521.4064594999999827
78 76 42.6935702688000021
79 76 -139.5198739530000012
80 76 2790.3974790500001291
91 76 -401.2050440770000250
92 76 -401.2050440770000250
93 76 -5616.8706170799996471
5 77 23215.1115132999984780
6 77 -325011.5611860000062734
62 77 -21137.1428570999996737
73 77 16910.5988943999982439
74 77 88499.1911554999969667
76 77 -14521.4064594999999827
77 77 503296.8603930000099353
78 77 6013.6505740299999161
79 77 -2790.3974790500001291
80 77 37093.7095810000027996
91 77 401.2050440770000250
92 77 -20710.5634137999986706
93 77 5220.0906601200003934
287 77 97742.2863745999929961
4 78 -23215.1115132999984780
