416 416 2312
1 1 1.0000000000000000
2 2 1.6666666999999999
17 2 0.6666666700000000
18 2 -0.1666666700000000
3 3 1.0000000000000000
4 4 0.0000533333330000
19 4 0.0026666667000000
20 4 -0.0000266666670000
5 5 1.0000000000000000
6 6 0.0000266666670000
8 6 0.0000066659048000
21 6 -0.0000000000000000
22 6 -0.0000266666670000
23 6 0.0000000030476185
24 6 -0.0000066636190000
7 7 1.0000000000000000
6 8 0.0000066659048000
8 8 1.6666683000000000
21 8 0.0000000030476185
22 8 -0.0000066636190000
23 8 0.6666666700000000
24 8 -0.1666683300000000
9 9 1.0000000000000000
10 10 1.6666666999999999
25 10 0.6666666700000000
26 10 -0.1666666700000000
11 11 1.0000000000000000
12 12 0.0000266666670000
27 12 -0.0000000000000000
28 12 -0.0000266666670000
13 13 1.0000000000000000
14 14 0.0000533333330000
29 14 0.0026666667000000
30 14 -0.0000266666670000
15 15 0.0001371428600000
16 15 0.0000010666667000
31 15 0.0001028571400000
32 15 -0.0000009142857100
15 16 0.0000010666667000
16 16 0.0000000091428571
31 16 0.0000010666667000
32 16 -0.0000000091428571
2 17 0.6666666700000000
17 17 1.3333333000000001
18 17 0.0000000000000011
2 18 -0.1666666700000000
17 18 0.0000000000000011
18 18 0.2866043600000000
33 18 0.0623052960000000
34 18 -0.0233644860000000
4 19 0.0026666667000000
19 19 0.8236760100000000
20 19 -0.0017196262000000
35 19 0.0870716510000000
36 19 -0.0008598130800000
4 20 -0.0000266666670000
19 20 -0.0017196262000000
20 20 0.0000378816200000
35 20 0.0008161993800000
36 20 -0.0000077258567000
6 21 -0.0000000000000000
8 21 0.0000000030476185
21 21 0.0004266666700000
22 21 0.0001066666700000
23 21 0.0001066361900000
24 21 0.0000266514290000
6 22 -0.0000266666670000
8 22 -0.0000066636190000
21 22 0.0001066666700000
22 22 0.0004266666700000
23 22 0.0000266514290000
24 22 0.0001065721900000
37 22 0.0001066666700000
38 22 -0.0000800000000000
39 22 0.0000266575240000
40 22 -0.0000199588570000
6 23 0.0000000030476185
8 23 0.6666666700000000
21 23 0.0001066361900000
22 23 0.0000266514290000
23 23 1.3333600000000001
24 23 0.0000066590498000
6 24 -0.0000066636190000
8 24 -0.1666683300000000
21 24 0.0000266514290000
22 24 0.0001065721900000
23 24 0.0000066590498000
24 24 0.2866309800000000
37 24 0.0000266575240000
38 24 -0.0000199588570000
39 24 0.0623119580000000
40 24 -0.0233694650000000
10 25 0.6666666700000000
25 25 1.3333333000000001
26 25 0.0000000000000011
10 26 -0.1666666700000000
25 26 0.0000000000000011
26 26 0.2866043600000000
41 26 0.0623052960000000
42 26 -0.0233644860000000
12 27 -0.0000000000000000
27 27 0.0004266666700000
28 27 0.0001066666700000
12 28 -0.0000266666670000
27 28 0.0001066666700000
28 28 0.0004266666700000
43 28 0.0001066666700000
44 28 -0.0000800000000000
14 29 0.0026666667000000
29 29 0.8236760100000000
30 29 -0.0017196262000000
45 29 0.0870716510000000
46 29 -0.0008598130800000
14 30 -0.0000266666670000
29 30 -0.0017196262000000
30 30 0.0000378816200000
45 30 0.0008161993800000
46 30 -0.0000077258567000
15 31 0.0001028571400000
16 31 0.0000010666667000
31 31 0.0011885714000000
32 31 0.0000021333333000
47 31 0.0003085714300000
48 31 -0.0000028952381000
15 32 -0.0000009142857100
16 32 -0.0000000091428571
31 32 0.0000021333333000
32 32 0.0000000487619050
47 32 0.0000030476190000
48 32 -0.0000000274285710
18 33 0.0623052960000000
33 33 0.3613707200000000
34 33 0.0311526480000000
18 34 -0.0233644860000000
33 34 0.0311526480000000
34 34 0.1346322800000000
49 34 0.0325634230000000
50 34 -0.0135680930000000
19 35 0.0870716510000000
20 35 0.0008161993800000
35 35 0.3793861700000000
36 35 -0.0003503251500000
51 35 0.0517165220000000
52 35 -0.0005056165600000
19 36 -0.0008598130800000
20 36 -0.0000077258567000
35 36 -0.0003503251500000
36 36 0.0000159124090000
51 36 0.0004902183500000
52 36 -0.0000045942194000
22 37 0.0001066666700000
24 37 0.0000266575240000
37 37 0.0012800000000000
38 37 0.0002133333300000
39 37 0.0003193965700000
40 37 0.0000531779050000
22 38 -0.0000800000000000
24 38 -0.0000199588570000
37 38 0.0002133333300000
38 38 0.0008533333300000
39 38 0.0000531779050000
40 38 0.0002126323800000
53 38 0.0002133333300000
54 38 -0.0001333333300000
55 38 0.0000531840000000
56 38 -0.0000331580950000
22 39 0.0000266575240000
24 39 0.0623119580000000
37 39 0.0003193965700000
38 39 0.0000531779050000
39 39 0.3614504200000000
40 39 0.0311659040000000
22 40 -0.0000199588570000
24 40 -0.0233694650000000
37 40 0.0000531779050000
38 40 0.0002126323800000
39 40 0.0311659040000000
40 40 0.1346852700000000
53 40 0.0000531840000000
54 40 -0.0000331580950000
55 40 0.0325766820000000
56 40 -0.0135763390000000
26 41 0.0623052960000000
41 41 0.3613707200000000
42 41 0.0311526480000000
26 42 -0.0233644860000000
41 42 0.0311526480000000
42 42 0.1346322800000000
57 42 0.0325634230000000
58 42 -0.0135680930000000
28 43 0.0001066666700000
43 43 0.0012800000000000
44 43 0.0002133333300000
28 44 -0.0000800000000000
43 44 0.0002133333300000
44 44 0.0008533333300000
59 44 0.0002133333300000
60 44 -0.0001333333300000
29 45 0.0870716510000000
30 45 0.0008161993800000
45 45 0.3793861700000000
46 45 -0.0003503251500000
61 45 0.0517165220000000
62 45 -0.0005056165600000
29 46 -0.0008598130800000
30 46 -0.0000077258567000
45 46 -0.0003503251500000
46 46 0.0000159124090000
61 46 0.0004902183500000
62 46 -0.0000045942194000
31 47 0.0003085714300000
32 47 0.0000030476190000
47 47 0.0023771429000000
48 47 0.0000021333333000
63 47 0.0005142857100000
64 47 -0.0000048761905000
31 48 -0.0000028952381000
32 48 -0.0000000274285710
47 48 0.0000021333333000
48 48 0.0000000975238100
63 48 0.0000050285714000
64 48 -0.0000000457142860
34 49 0.0325634230000000
49 49 0.2145651900000000
50 49 0.0217089490000000
34 50 -0.0135680930000000
49 50 0.0217089490000000
50 50 0.0892547260000000
65 50 0.0219616960000000
66 50 -0.0096082421000000
35 51 0.0517165220000000
36 51 0.0004902183500000
51 51 0.2499014200000000
52 51 -0.0001513498700000
67 51 0.0368391310000000
68 51 -0.0003586215800000
35 52 -0.0005056165600000
36 52 -0.0000045942194000
51 52 -0.0001513498700000
52 52 0.0000103501850000
67 52 0.0003508058000000
68 52 -0.0000032735846000
38 53 0.0002133333300000
40 53 0.0000531840000000
53 53 0.0021333333000000
54 53 0.0003200000000000
55 53 0.0005306209500000
56 53 0.0000794483810000
38 54 -0.0001333333300000
40 54 -0.0000331580950000
53 54 0.0003200000000000
54 54 0.0012800000000000
55 54 0.0000794483810000
56 54 0.0003176685700000
69 54 0.0003200000000000
70 54 -0.0001866666700000
71 54 0.0000794544760000
72 54 -0.0000461973330000
38 55 0.0000531840000000
40 55 0.0325766820000000
53 55 0.0005306209500000
54 55 0.0000794483810000
55 55 0.2146971700000000
56 55 0.0217286740000000
38 56 -0.0000331580950000
40 56 -0.0135763390000000
53 56 0.0000794483810000
54 56 0.0003176685700000
55 56 0.0217286740000000
56 56 0.0893335650000000
69 56 0.0000794544760000
70 56 -0.0000461973330000
71 56 0.0219814240000000
72 56 -0.0096196753000000
42 57 0.0325634230000000
57 57 0.2145651900000000
58 57 0.0217089490000000
42 58 -0.0135680930000000
57 58 0.0217089490000000
58 58 0.0892547260000000
73 58 0.0219616960000000
74 58 -0.0096082421000000
44 59 0.0002133333300000
59 59 0.0021333333000000
60 59 0.0003200000000000
44 60 -0.0001333333300000
59 60 0.0003200000000000
60 60 0.0012800000000000
75 60 0.0003200000000000
76 60 -0.0001866666700000
45 61 0.0517165220000000
46 61 0.0004902183500000
61 61 0.2499014200000000
62 61 -0.0001513498700000
77 61 0.0368391310000000
78 61 -0.0003586215800000
45 62 -0.0005056165600000
46 62 -0.0000045942194000
61 62 -0.0001513498700000
62 62 0.0000103501850000
77 62 0.0003508058000000
78 62 -0.0000032735846000
47 63 0.0005142857100000
48 63 0.0000050285714000
63 63 0.0035657143000000
64 63 0.0000021333333000
79 63 0.0007200000000000
80 63 -0.0000068571429000
47 64 -0.0000048761905000
48 64 -0.0000000457142860
63 64 0.0000021333333000
64 64 0.0000001462857100
79 64 0.0000070095238000
80 64 -0.0000000640000000
50 65 0.0219616960000000
65 65 0.1528275700000000
66 65 0.0164712720000000
50 66 -0.0096082421000000
65 66 0.0164712720000000
66 66 0.0668185010000000
81 66 0.0165487130000000
82 66 -0.0074469209000000
51 67 0.0368391310000000
52 67 0.0003508058000000
67 67 0.1866667700000000
68 67 -0.0000843305990000
83 67 0.0286204710000000
84 67 -0.0002779479600000
51 68 -0.0003586215800000
52 68 -0.0000032735846000
67 68 -0.0000843305990000
68 68 0.0000076986794000
83 68 0.0002732298200000
84 68 -0.0000025435724000
54 69 0.0003200000000000
56 69 0.0000794544760000
69 69 0.0029866667000000
70 69 0.0004266666700000
71 69 0.0007392853300000
72 69 0.0001053348600000
54 70 -0.0001866666700000
56 70 -0.0000461973330000
69 70 0.0004266666700000
70 70 0.0017066667000000
71 70 0.0001053348600000
72 70 0.0004211687600000
85 70 0.0004266666700000
86 70 -0.0002400000000000
87 70 0.0001053409500000
88 70 -0.0000590125710000
54 71 0.0000794544760000
56 71 0.0219814240000000
69 71 0.0007392853300000
70 71 0.0001053348600000
71 71 0.1530105600000000
72 71 0.0164972770000000
54 72 -0.0000461973330000
56 72 -0.0096196753000000
69 72 0.0001053348600000
70 72 0.0004211687600000
71 72 0.0164972770000000
72 72 0.0669224360000000
85 72 0.0001053409500000
86 72 -0.0000590125710000
87 72 0.0165747210000000
88 72 -0.0074614313000000
58 73 0.0219616960000000
73 73 0.1528275700000000
74 73 0.0164712720000000
58 74 -0.0096082421000000
73 74 0.0164712720000000
74 74 0.0668185010000000
89 74 0.0165487130000000
90 74 -0.0074469209000000
60 75 0.0003200000000000
75 75 0.0029866667000000
76 75 0.0004266666700000
60 76 -0.0001866666700000
75 76 0.0004266666700000
76 76 0.0017066667000000
91 76 0.0004266666700000
92 76 -0.0002400000000000
61 77 0.0368391310000000
62 77 0.0003508058000000
77 77 0.1866667700000000
78 77 -0.0000843305990000
93 77 0.0286204710000000
94 77 -0.0002779479600000
61 78 -0.0003586215800000
62 78 -0.0000032735846000
77 78 -0.0000843305990000
78 78 0.0000076986794000
93 78 0.0002732298200000
94 78 -0.0000025435724000
63 79 0.0007200000000000
64 79 0.0000070095238000
79 79 0.0047542857000000
80 79 0.0000021333333000
95 79 0.0009257142900000
96 79 -0.0000088380952000
63 80 -0.0000068571429000
64 80 -0.0000000640000000
79 80 0.0000021333333000
80 80 0.0000001950476200
95 80 0.0000089904762000
96 80 -0.0000000822857140
66 81 0.0165487130000000
81 81 0.1187282100000000
82 81 0.0132389700000000
66 82 -0.0074469209000000
81 82 0.0132389700000000
82 82 0.0534105030000000
97 82 0.0132702320000000
98 82 -0.0060821895000000
67 83 0.0286204710000000
68 83 0.0002732298200000
83 83 0.1490567000000000
84 83 -0.0000537389100000
99 83 0.0234034580000000
100 83 -0.0002269356400000
67 84 -0.0002779479600000
68 84 -0.0000025435724000
83 84 -0.0000537389100000
84 84 0.0000061357474000
99 84 0.0002237805500000
100 84 -0.0000020800512000
70 85 0.0004266666700000
72 85 0.0001053409500000
85 85 0.0038400000000000
86 85 0.0005333333300000
87 85 0.0009443657100000
88 85 0.0001307093300000
70 86 -0.0002400000000000
72 86 -0.0000590125710000
85 86 0.0005333333300000
86 86 0.0021333333000000
87 86 0.0001307093300000
88 86 0.0005226209500000
101 86 0.0005333333300000
102 86 -0.0002933333300000
103 86 0.0001307154300000
104 86 -0.0000715398100000
70 87 0.0001053409500000
72 87 0.0165747210000000
85 87 0.0009443657100000
86 87 0.0001307093300000
87 87 0.1189604600000000
88 87 0.0132710050000000
70 88 -0.0000590125710000
72 88 -0.0074614313000000
85 88 0.0001307093300000
86 88 0.0005226209500000
87 88 0.0132710050000000
88 88 0.0535385340000000
101 88 0.0001307154300000
102 88 -0.0000715398100000
103 88 0.0133022680000000
104 88 -0.0060996372000000
74 89 0.0165487130000000
89 89 0.1187282100000000
90 89 0.0132389700000000
74 90 -0.0074469209000000
89 90 0.0132389700000000
90 90 0.0534105030000000
105 90 0.0132702320000000
106 90 -0.0060821895000000
76 91 0.0004266666700000
91 91 0.0038400000000000
92 91 0.0005333333300000
76 92 -0.0002400000000000
91 92 0.0005333333300000
92 92 0.0021333333000000
107 92 0.0005333333300000
108 92 -0.0002933333300000
77 93 0.0286204710000000
78 93 0.0002732298200000
93 93 0.1490567000000000
94 93 -0.0000537389100000
109 93 0.0234034580000000
110 93 -0.0002269356400000
77 94 -0.0002779479600000
78 94 -0.0000025435724000
93 94 -0.0000537389100000
94 94 0.0000061357474000
109 94 0.0002237805500000
110 94 -0.0000020800512000
79 95 0.0009257142900000
80 95 0.0000089904762000
95 95 0.0059428571000000
96 95 0.0000021333333000
111 95 0.0011314286000000
112 95 -0.0000108190480000
79 96 -0.0000088380952000
80 96 -0.0000000822857140
95 96 0.0000021333333000
96 96 0.0000002438095200
111 96 0.0000109714290000
112 96 -0.0000001005714300
82 97 0.0132702320000000
97 97 0.0970844270000000
98 97 0.0110585260000000
82 98 -0.0060821895000000
97 98 0.0110585260000000
98 98 0.0444889270000000
113 98 0.0110734850000000
114 98 -0.0051412607000000
83 99 0.0234034580000000
84 99 0.0002237805500000
99 99 0.1240896000000000
100 99 -0.0000372318780000
115 99 0.0197964680000000
116 99 -0.0001917562900000
83 100 -0.0002269356400000
84 100 -0.0000020800512000
99 100 -0.0000372318780000
100 100 0.0000051027266000
115 100 0.0001894986900000
116 100 -0.0000017595311000
86 101 0.0005333333300000
88 101 0.0001307154300000
101 101 0.0046933333000000
102 101 0.0006400000000000
103 101 0.0011448381000000
104 101 0.0001554438100000
86 102 -0.0002933333300000
88 102 -0.0000715398100000
101 102 0.0006400000000000
102 102 0.0025600000000000
103 102 0.0001554438100000
104 102 0.0006215131400000
117 102 0.0006400000000000
118 102 -0.0003466666700000
119 102 0.0001554499000000
120 102 -0.0000837150480000
86 103 0.0001307154300000
88 103 0.0133022680000000
101 103 0.0011448381000000
102 103 0.0001554438100000
103 103 0.0973636870000000
104 103 0.0110962800000000
86 104 -0.0000715398100000
88 104 -0.0060996372000000
101 104 0.0001554438100000
102 104 0.0006215131400000
103 104 0.0110962800000000
104 104 0.0446398170000000
117 104 0.0001554499000000
118 104 -0.0000837150480000
119 104 0.0111112410000000
120 104 -0.0051614769000000
90 105 0.0132702320000000
105 105 0.0970844270000000
106 105 0.0110585260000000
90 106 -0.0060821895000000
105 106 0.0110585260000000
106 106 0.0444889270000000
121 106 0.0110734850000000
122 106 -0.0051412607000000
92 107 0.0005333333300000
107 107 0.0046933333000000
108 107 0.0006400000000000
92 108 -0.0002933333300000
107 108 0.0006400000000000
108 108 0.0025600000000000
123 108 0.0006400000000000
124 108 -0.0003466666700000
93 109 0.0234034580000000
94 109 0.0002237805500000
109 109 0.1240896000000000
110 109 -0.0000372318780000
125 109 0.0197964680000000
126 109 -0.0001917562900000
93 110 -0.0002269356400000
94 110 -0.0000020800512000
109 110 -0.0000372318780000
110 110 0.0000051027266000
125 110 0.0001894986900000
126 110 -0.0000017595311000
95 111 0.0011314286000000
96 111 0.0000109714290000
111 111 0.0071314286000000
112 111 0.0000021333333000
127 111 0.0013371429000000
128 111 -0.0000128000000000
95 112 -0.0000108190480000
96 112 -0.0000001005714300
111 112 0.0000021333333000
112 112 0.0000002925714300
127 112 0.0000129523810000
128 112 -0.0000001188571400
98 113 0.0110734850000000
113 113 0.0821207470000000
114 113 0.0094915581000000
98 114 -0.0051412607000000
113 114 0.0094915581000000
114 114 0.0381231840000000
129 114 0.0094995944000000
130 114 -0.0044529349000000
99 115 0.0197964680000000
100 115 0.0001894986900000
115 115 0.1062985400000000
116 115 -0.0000273158120000
131 115 0.0171534300000000
132 115 -0.0001660253500000
99 116 -0.0001917562900000
100 116 -0.0000017595311000
115 116 -0.0000273158120000
116 116 0.0000043684225000
131 116 0.0001643302900000
132 116 -0.0000015246486000
102 117 0.0006400000000000
104 117 0.0001554499000000
117 117 0.0055466667000000
118 117 0.0007466666700000
119 117 0.0013396785000000
120 117 0.0001794102900000
102 118 -0.0003466666700000
104 118 -0.0000837150480000
117 118 0.0007466666700000
118 118 0.0029866667000000
119 118 0.0001794102900000
120 118 0.0007173333300000
133 118 0.0007466666700000
134 118 -0.0004000000000000
135 118 0.0001794163800000
136 118 -0.0000954742860000
102 119 0.0001554499000000
104 119 0.0111112410000000
117 119 0.0013396785000000
118 119 0.0001794102900000
119 119 0.0824443190000000
120 119 0.0095346665000000
102 120 -0.0000837150480000
104 120 -0.0051614769000000
117 120 0.0001794102900000
118 120 0.0007173333300000
119 120 0.0095346665000000
120 120 0.0382954730000000
133 120 0.0001794163800000
134 120 -0.0000954742860000
135 120 0.0095427052000000
136 120 -0.0044757236000000
106 121 0.0110734850000000
121 121 0.0821207470000000
122 121 0.0094915581000000
106 122 -0.0051412607000000
121 122 0.0094915581000000
122 122 0.0381231840000000
137 122 0.0094995944000000
138 122 -0.0044529349000000
108 123 0.0006400000000000
123 123 0.0055466667000000
124 123 0.0007466666700000
108 124 -0.0003466666700000
123 124 0.0007466666700000
124 124 0.0029866667000000
139 124 0.0007466666700000
140 124 -0.0004000000000000
109 125 0.0197964680000000
110 125 0.0001894986900000
125 125 0.1062985400000000
126 125 -0.0000273158120000
141 125 0.0171534300000000
142 125 -0.0001660253500000
109 126 -0.0001917562900000
110 126 -0.0000017595311000
125 126 -0.0000273158120000
126 126 0.0000043684225000
141 126 0.0001643302900000
142 126 -0.0000015246486000
111 127 0.0013371429000000
112 127 0.0000129523810000
127 127 0.0083200000000000
128 127 0.0000021333333000
143 127 0.0015428571000000
144 127 -0.0000147809520000
111 128 -0.0000128000000000
112 128 -0.0000001188571400
127 128 0.0000021333333000
128 128 0.0000003413333300
143 128 0.0000149333330000
144 128 -0.0000001371428600
114 129 0.0094995944000000
129 129 0.0711563130000000
130 129 0.0083121451000000
114 130 -0.0044529349000000
129 130 0.0083121451000000
130 130 0.0333520270000000
145 130 0.0083168415000000
146 130 -0.0039273974000000
115 131 0.0171534300000000
116 131 0.0001643302900000
131 131 0.0929749910000000
132 131 -0.0000208947480000
147 131 0.0151333120000000
148 131 -0.0001463855600000
115 132 -0.0001660253500000
116 132 -0.0000015246486000
131 132 -0.0000208947480000
132 132 0.0000038193457000
147 132 0.0001450662100000
148 132 -0.0000013451142000
118 133 0.0007466666700000
120 133 0.0001794163800000
133 133 0.0064000000000000
134 133 0.0008533333300000
135 133 0.0015278629000000
136 133 0.0002024807600000
118 134 -0.0004000000000000
120 134 -0.0000954742860000
133 134 0.0008533333300000
134 134 0.0034133333000000
135 134 0.0002024807600000
136 134 0.0008095695200000
149 134 0.0008533333300000
150 134 -0.0004533333300000
151 134 0.0002024868600000
152 134 -0.0001067535200000
118 135 0.0001794163800000
120 135 0.0095427052000000
133 135 0.0015278629000000
134 135 0.0002024807600000
135 135 0.0715210590000000
136 135 0.0083601892000000
118 136 -0.0000954742860000
120 136 -0.0044757236000000
133 136 0.0002024807600000
134 136 0.0008095695200000
135 136 0.0083601892000000
136 136 0.0335440400000000
149 136 0.0002024868600000
150 136 -0.0001067535200000
151 136 0.0083648878000000
152 136 -0.0039525369000000
122 137 0.0094995944000000
137 137 0.0711563130000000
138 137 0.0083121451000000
122 138 -0.0044529349000000
137 138 0.0083121451000000
138 138 0.0333520270000000
153 138 0.0083168415000000
154 138 -0.0039273974000000
124 139 0.0007466666700000
139 139 0.0064000000000000
140 139 0.0008533333300000
124 140 -0.0004000000000000
139 140 0.0008533333300000
140 140 0.0034133333000000
155 140 0.0008533333300000
156 140 -0.0004533333300000
125 141 0.0171534300000000
126 141 0.0001643302900000
141 141 0.0929749910000000
142 141 -0.0000208947480000
157 141 0.0151333120000000
158 141 -0.0001463855600000
125 142 -0.0001660253500000
126 142 -0.0000015246486000
141 142 -0.0000208947480000
142 142 0.0000038193457000
157 142 0.0001450662100000
158 142 -0.0000013451142000
127 143 0.0015428571000000
128 143 0.0000149333330000
143 143 0.0095085714000000
144 143 0.0000021333333000
159 143 0.0017485714000000
160 143 -0.0000167619050000
127 144 -0.0000147809520000
128 144 -0.0000001371428600
143 144 0.0000021333333000
144 144 0.0000003900952400
159 144 0.0000169142860000
160 144 -0.0000001554285700
130 145 0.0083168415000000
145 145 0.0627761420000000
146 145 0.0073927480000000
130 146 -0.0039273974000000
145 146 0.0073927480000000
146 146 0.0296427450000000
161 146 0.0073956738000000
162 146 -0.0035129451000000
131 147 0.0151333120000000
132 147 0.0001450662100000
147 147 0.0826223930000000
148 147 -0.0000164992070000
163 147 0.0135390350000000
164 147 -0.0001309022500000
131 148 -0.0001463855600000
132 148 -0.0000013451142000
147 148 -0.0000164992070000
148 148 0.0000033931352000
163 148 0.0001298462300000
164 148 -0.0000012034203000
134 149 0.0008533333300000
136 149 0.0002024868600000
149 149 0.0072533333000000
150 149 0.0009600000000000
151 149 0.0017083672000000
152 149 0.0002245272400000
134 150 -0.0004533333300000
136 150 -0.0001067535200000
149 150 0.0009600000000000
150 150 0.0038400000000000
151 150 0.0002245272400000
152 150 0.0008977097100000
165 150 0.0009600000000000
166 150 -0.0005066666700000
167 150 0.0002245333300000
168 150 -0.0001174887600000
134 151 0.0002024868600000
136 151 0.0083648878000000
149 151 0.0017083672000000
150 151 0.0002245272400000
151 151 0.0631785140000000
152 151 0.0074452596000000
134 152 -0.0001067535200000
136 152 -0.0039525369000000
149 152 0.0002245272400000
150 152 0.0008977097100000
151 152 0.0074452596000000
152 152 0.0298526120000000
165 152 0.0002245333300000
166 152 -0.0001174887600000
167 152 0.0074481875000000
168 152 -0.0035401898000000
138 153 0.0083168415000000
153 153 0.0627761420000000
154 153 0.0073927480000000
138 154 -0.0039273974000000
153 154 0.0073927480000000
154 154 0.0296427450000000
169 154 0.0073956738000000
170 154 -0.0035129451000000
140 155 0.0008533333300000
155 155 0.0072533333000000
156 155 0.0009600000000000
140 156 -0.0004533333300000
155 156 0.0009600000000000
156 156 0.0038400000000000
171 156 0.0009600000000000
172 156 -0.0005066666700000
141 157 0.0151333120000000
142 157 0.0001450662100000
157 157 0.0826223930000000
158 157 -0.0000164992070000
173 157 0.0135390350000000
174 157 -0.0001309022500000
141 158 -0.0001463855600000
142 158 -0.0000013451142000
157 158 -0.0000164992070000
158 158 0.0000033931352000
173 158 0.0001298462300000
174 158 -0.0000012034203000
143 159 0.0017485714000000
144 159 0.0000169142860000
159 159 0.0106971430000000
160 159 0.0000021333333000
175 159 0.0019542857000000
176 159 -0.0000187428570000
143 160 -0.0000167619050000
144 160 -0.0000001554285700
159 160 0.0000021333333000
160 160 0.0000004388571400
175 160 0.0000188952380000
176 160 -0.0000001737142900
146 161 0.0073956738000000
161 161 0.0561625830000000
162 161 0.0066561064000000
146 162 -0.0035129451000000
161 162 0.0066561064000000
162 162 0.0266762210000000
177 162 0.0066580232000000
178 162 -0.0031776929000000
147 163 0.0135390350000000
148 163 0.0001298462300000
163 163 0.0743459800000000
164 163 -0.0000133584450000
179 163 0.0122487490000000
180 163 -0.0001183818700000
147 164 -0.0001309022500000
148 164 -0.0000012034203000
163 164 -0.0000133584450000
164 164 0.0000030526399000
179 164 0.0001175175300000
180 164 -0.0000010887411000
150 165 0.0009600000000000
152 165 0.0002245333300000
165 165 0.0081066667000000
166 165 0.0010666667000000
167 165 0.0018801676000000
168 165 0.0002454217100000
150 166 -0.0005066666700000
152 166 -0.0001174887600000
165 166 0.0010666667000000
166 166 0.0042666667000000
167 166 0.0002454217100000
168 166 0.0009812419000000
181 166 0.0010666667000000
182 166 -0.0005600000000000
183 166 0.0002454278100000
184 166 -0.0001276160000000
150 167 0.0002245333300000
152 167 0.0074481875000000
165 167 0.0018801676000000
166 167 0.0002454217100000
167 167 0.0565986520000000
168 167 0.0067125718000000
150 168 -0.0001174887600000
152 168 -0.0035401898000000
165 168 0.0002454217100000
166 168 0.0009812419000000
167 168 0.0067125718000000
168 168 0.0269018880000000
181 168 0.0002454278100000
182 168 -0.0001276160000000
183 168 0.0067144904000000
184 168 -0.0032067758000000
154 169 0.0073956738000000
169 169 0.0561625830000000
170 169 0.0066561064000000
154 170 -0.0035129451000000
169 170 0.0066561064000000
170 170 0.0266762210000000
185 170 0.0066580232000000
186 170 -0.0031776929000000
156 171 0.0009600000000000
171 171 0.0081066667000000
172 171 0.0010666667000000
156 172 -0.0005066666700000
171 172 0.0010666667000000
172 172 0.0042666667000000
187 172 0.0010666667000000
188 172 -0.0005600000000000
157 173 0.0135390350000000
158 173 0.0001298462300000
173 173 0.0743459800000000
174 173 -0.0000133584450000
189 173 0.0122487490000000
190 173 -0.0001183818700000
157 174 -0.0001309022500000
158 174 -0.0000012034203000
173 174 -0.0000133584450000
174 174 0.0000030526399000
189 174 0.0001175175300000
190 174 -0.0000010887411000
159 175 0.0019542857000000
160 175 0.0000188952380000
175 175 0.0118857140000000
176 175 0.0000021333333000
191 175 0.0021600000000000
192 175 -0.0000207238100000
159 176 -0.0000187428570000
160 176 -0.0000001737142900
175 176 0.0000021333333000
176 176 0.0000004876190500
191 176 0.0000208761900000
192 176 -0.0000001920000000
162 177 0.0066580232000000
177 177 0.0508101140000000
178 177 0.0060527484000000
162 178 -0.0031776929000000
177 178 0.0060527484000000
178 178 0.0242495980000000
193 178 0.0060540562000000
194 178 -0.0029009019000000
163 179 0.0122487490000000
164 179 0.0001175175300000
179 179 0.0675777290000000
180 179 -0.0000110364260000
195 179 0.0111830550000000
196 179 -0.0001080480000000
163 180 -0.0001183818700000
164 180 -0.0000010887411000
179 180 -0.0000110364260000
180 180 0.0000027743332000
195 180 0.0001073275100000
196 180 -0.0000009940214800
166 181 0.0010666667000000
168 181 0.0002454278100000
181 181 0.0089600000000000
182 181 0.0011733333000000
183 181 0.0020422400000000
184 181 0.0002650361900000
166 182 -0.0005600000000000
168 182 -0.0001276160000000
181 182 0.0011733333000000
182 182 0.0046933333000000
183 182 0.0002650361900000
184 182 0.0010596541000000
197 182 0.0011733333000000
198 182 -0.0006133333300000
199 182 0.0002650422900000
200 182 -0.0001370712400000
166 183 0.0002454278100000
168 183 0.0067144904000000
181 183 0.0020422400000000
182 183 0.0002650361900000
183 183 0.0512756050000000
184 183 0.0061126129000000
166 184 -0.0001276160000000
168 184 -0.0032067758000000
181 184 0.0002650361900000
182 184 0.0010596541000000
183 184 0.0061126129000000
184 184 0.0244888490000000
197 184 0.0002650422900000
198 184 -0.0001370712400000
199 184 0.0061139223000000
200 184 -0.0029315368000000
170 185 0.0066580232000000
185 185 0.0508101140000000
186 185 0.0060527484000000
170 186 -0.0031776929000000
185 186 0.0060527484000000
186 186 0.0242495980000000
201 186 0.0060540562000000
202 186 -0.0029009019000000
172 187 0.0010666667000000
187 187 0.0089600000000000
188 187 0.0011733333000000
172 188 -0.0005600000000000
187 188 0.0011733333000000
188 188 0.0046933333000000
203 188 0.0011733333000000
204 188 -0.0006133333300000
173 189 0.0122487490000000
174 189 0.0001175175300000
189 189 0.0675777290000000
190 189 -0.0000110364260000
205 189 0.0111830550000000
206 189 -0.0001080480000000
173 190 -0.0001183818700000
174 190 -0.0000010887411000
189 190 -0.0000110364260000
190 190 0.0000027743332000
205 190 0.0001073275100000
206 190 -0.0000009940214800
175 191 0.0021600000000000
176 191 0.0000208761900000
191 191 0.0130742860000000
192 191 0.0000021333333000
207 191 0.0023657143000000
208 191 -0.0000227047620000
175 192 -0.0000207238100000
176 192 -0.0000001920000000
191 192 0.0000021333333000
192 192 0.0000005363809500
207 192 0.0000228571430000
208 192 -0.0000002102857100
178 193 0.0060540562000000
193 193 0.0463893420000000
194 193 0.0055495515000000
178 194 -0.0029009019000000
193 194 0.0055495515000000
194 194 0.0222277460000000
209 194 0.0055504741000000
210 194 -0.0026684972000000
179 195 0.0111830550000000
180 195 0.0001073275100000
195 195 0.0619396150000000
196 195 -0.0000092713580000
211 195 0.0102879970000000
212 195 -0.0000993737600000
179 196 -0.0001080480000000
180 196 -0.0000009940214800
195 196 -0.0000092713580000
196 196 0.0000025425856000
211 196 0.0000987639850000
212 196 -0.0000009144668800
182 197 0.0011733333000000
184 197 0.0002650422900000
197 197 0.0098133333000000
198 197 0.0012800000000000
199 197 0.0021935604000000
200 197 0.0002832426700000
182 198 -0.0006133333300000
184 198 -0.0001370712400000
197 198 0.0012800000000000
198 198 0.0051200000000000
199 198 0.0002832426700000
200 198 0.0011324343000000
213 198 0.0012800000000000
214 198 -0.0006666666700000
215 198 0.0002832487600000
216 198 -0.0001457904800000
182 199 0.0002650422900000
184 199 0.0061139223000000
197 199 0.0021935604000000
198 199 0.0002832426700000
199 199 0.0468796730000000
200 199 0.0056122248000000
182 200 -0.0001370712400000
184 200 -0.0029315368000000
197 200 0.0002832426700000
198 200 0.0011324343000000
199 200 0.0056122248000000
200 200 0.0224782200000000
213 200 0.0002832487600000
214 200 -0.0001457904800000
215 200 0.0056131487000000
216 200 -0.0027003812000000
186 201 0.0060540562000000
201 201 0.0463893420000000
202 201 0.0055495515000000
186 202 -0.0029009019000000
201 202 0.0055495515000000
202 202 0.0222277460000000
217 202 0.0055504741000000
218 202 -0.0026684972000000
188 203 0.0011733333000000
203 203 0.0098133333000000
204 203 0.0012800000000000
188 204 -0.0006133333300000
203 204 0.0012800000000000
204 204 0.0051200000000000
219 204 0.0012800000000000
220 204 -0.0006666666700000
189 205 0.0111830550000000
190 205 0.0001073275100000
205 205 0.0619396150000000
206 205 -0.0000092713580000
221 205 0.0102879970000000
222 205 -0.0000993737600000
189 206 -0.0001080480000000
190 206 -0.0000009940214800
205 206 -0.0000092713580000
206 206 0.0000025425856000
221 206 0.0000987639850000
222 206 -0.0000009144668800
191 207 0.0023657143000000
192 207 0.0000228571430000
207 207 0.0142628570000000
208 207 0.0000021333333000
223 207 0.0025714286000000
224 207 -0.0000246857140000
191 208 -0.0000227047620000
192 208 -0.0000002102857100
207 208 0.0000021333333000
208 208 0.0000005851428600
223 208 0.0000248380950000
224 208 -0.0000002285714300
194 209 0.0055504741000000
209 209 0.0426764230000000
210 209 0.0051235146000000
194 210 -0.0026684972000000
209 210 0.0051235146000000
210 210 0.0205171640000000
225 210 0.0051241840000000
226 210 -0.0024705887000000
195 211 0.0102879970000000
196 211 0.0000987639850000
211 211 0.0571702640000000
212 211 -0.0000078983275000
227 211 0.0095256211000000
228 211 -0.0000919890060000
195 212 -0.0000993737600000
196 212 -0.0000009144668800
211 212 -0.0000078983275000
212 212 0.0000023466050000
227 212 0.0000914662530000
228 212 -0.0000008467046500
198 213 0.0012800000000000
200 213 0.0002832487600000
213 213 0.0106666670000000
214 213 0.0013866667000000
215 213 0.0023331048000000
216 213 0.0002999131400000
198 214 -0.0006666666700000
200 214 -0.0001457904800000
213 214 0.0013866667000000
214 214 0.0055466667000000
215 214 0.0002999131400000
216 214 0.0011990705000000
229 214 0.0013866667000000
230 214 -0.0007200000000000
231 214 0.0002999192400000
232 214 -0.0001537097100000
198 215 0.0002832487600000
200 215 0.0056131487000000
213 215 0.0023331048000000
214 215 0.0002999131400000
215 215 0.0431867490000000
216 215 0.0051883762000000
198 216 -0.0001457904800000
200 216 -0.0027003812000000
213 216 0.0002999131400000
214 216 0.0011990705000000
215 216 0.0051883762000000
216 216 0.0207763820000000
229 216 0.0002999192400000
230 216 -0.0001537097100000
231 216 0.0051890466000000
232 216 -0.0025034058000000
202 217 0.0055504741000000
217 217 0.0426764230000000
218 217 0.0051235146000000
202 218 -0.0026684972000000
217 218 0.0051235146000000
218 218 0.0205171640000000
233 218 0.0051241840000000
234 218 -0.0024705887000000
204 219 0.0012800000000000
219 219 0.0106666670000000
220 219 0.0013866667000000
204 220 -0.0006666666700000
219 220 0.0013866667000000
220 220 0.0055466667000000
235 220 0.0013866667000000
236 220 -0.0007200000000000
205 221 0.0102879970000000
206 221 0.0000987639850000
221 221 0.0571702640000000
222 221 -0.0000078983275000
237 221 0.0095256211000000
238 221 -0.0000919890060000
205 222 -0.0000993737600000
206 222 -0.0000009144668800
221 222 -0.0000078983275000
222 222 0.0000023466050000
237 222 0.0000914662530000
238 222 -0.0000008467046500
207 223 0.0025714286000000
208 223 0.0000248380950000
223 223 0.0154514290000000
224 223 0.0000021333333000
239 223 0.0027771429000000
240 223 -0.0000266666670000
207 224 -0.0000246857140000
208 224 -0.0000002285714300
223 224 0.0000021333333000
224 224 0.0000006339047600
239 224 0.0000268190480000
240 224 -0.0000002468571400
210 225 0.0051241840000000
225 225 0.0395139170000000
226 225 0.0047581708000000
210 226 -0.0024705887000000
225 226 0.0047581708000000
226 226 0.0190510950000000
241 226 0.0047586682000000
242 226 -0.0023000230000000
211 227 0.0095256211000000
212 227 0.0000914662530000
227 227 0.0530831640000000
228 227 -0.0000068092479000
243 227 0.0088684571000000
244 227 -0.0000856260510000
211 228 -0.0000919890060000
212 228 -0.0000008467046500
227 228 -0.0000068092479000
228 228 0.0000021786980000
243 228 0.0000851729370000
244 228 -0.0000007882934000
214 229 0.0013866667000000
216 229 0.0002999192400000
229 229 0.0115200000000000
230 229 0.0014933333000000
231 229 0.0024598491000000
232 229 0.0003149196200000
214 230 -0.0007200000000000
216 230 -0.0001537097100000
229 230 0.0014933333000000
230 230 0.0059733333000000
231 230 0.0003149196200000
232 230 0.0012590507000000
245 230 0.0014933333000000
246 230 -0.0007733333300000
247 230 0.0003149257100000
248 230 -0.0001607649500000
214 231 0.0002999192400000
216 231 0.0051890466000000
229 231 0.0024598491000000
230 231 0.0003149196200000
231 231 0.0400391770000000
232 231 0.0048245764000000
214 232 -0.0001537097100000
216 232 -0.0025034058000000
229 232 0.0003149196200000
230 232 0.0012590507000000
231 232 0.0048245764000000
232 232 0.0193164830000000
245 232 0.0003149257100000
246 232 -0.0001607649500000
247 232 0.0048250745000000
248 232 -0.0023334465000000
218 233 0.0051241840000000
233 233 0.0395139170000000
234 233 0.0047581708000000
218 234 -0.0024705887000000
233 234 0.0047581708000000
234 234 0.0190510950000000
249 234 0.0047586682000000
250 234 -0.0023000230000000
220 235 0.0013866667000000
235 235 0.0115200000000000
236 235 0.0014933333000000
220 236 -0.0007200000000000
235 236 0.0014933333000000
236 236 0.0059733333000000
251 236 0.0014933333000000
252 236 -0.0007733333300000
221 237 0.0095256211000000
222 237 0.0000914662530000
237 237 0.0530831640000000
238 237 -0.0000068092479000
253 237 0.0088684571000000
254 237 -0.0000856260510000
221 238 -0.0000919890060000
222 238 -0.0000008467046500
237 238 -0.0000068092479000
238 238 0.0000021786980000
253 238 0.0000851729370000
254 238 -0.0000007882934000
223 239 0.0027771429000000
224 239 0.0000268190480000
239 239 0.0166400000000000
240 239 0.0000021333333000
255 239 0.0029828571000000
256 239 -0.0000286476190000
223 240 -0.0000266666670000
224 240 -0.0000002468571400
239 240 0.0000021333333000
240 240 0.0000006826666700
255 240 0.0000288000000000
256 240 -0.0000002651428600
226 241 0.0047586682000000
241 241 0.0367878590000000
242 241 0.0044414237000000
226 242 -0.0023000230000000
241 242 0.0044414237000000
242 242 0.0177806040000000
257 242 0.0044418010000000
258 242 -0.0021514974000000
227 243 0.0088684571000000
228 243 0.0000851729370000
243 243 0.0495416450000000
244 243 -0.0000059308777000
259 243 0.0082961277000000
260 243 -0.0000800865170000
227 244 -0.0000856260510000
228 244 -0.0000007882934000
243 244 -0.0000059308777000
244 244 0.0000020332314000
259 244 0.0000796899990000
260 244 -0.0000007374222000
230 245 0.0014933333000000
232 245 0.0003149257100000
245 245 0.0123733330000000
246 245 0.0016000000000000
247 245 0.0025727695000000
248 245 0.0003281341000000
230 246 -0.0007733333300000
232 246 -0.0001607649500000
245 246 0.0016000000000000
246 246 0.0064000000000000
247 246 0.0003281341000000
248 246 0.0013118629000000
261 246 0.0016000000000000
262 246 -0.0008266666700000
263 246 0.0003281401900000
264 246 -0.0001668921900000
230 247 0.0003149257100000
232 247 0.0048250745000000
245 247 0.0025727695000000
246 247 0.0003281341000000
247 247 0.0373228260000000
248 247 0.0045087115000000
230 248 -0.0001607649500000
232 248 -0.0023334465000000
245 248 0.0003281341000000
246 248 0.0013118629000000
247 248 0.0045087115000000
248 248 0.0180495160000000
261 248 0.0003281401900000
262 248 -0.0001668921900000
263 248 0.0045090891000000
264 248 -0.0021851939000000
234 249 0.0047586682000000
249 249 0.0367878590000000
250 249 0.0044414237000000
234 250 -0.0023000230000000
249 250 0.0044414237000000
250 250 0.0177806040000000
265 250 0.0044418010000000
266 250 -0.0021514974000000
236 251 0.0014933333000000
251 251 0.0123733330000000
252 251 0.0016000000000000
236 252 -0.0007733333300000
251 252 0.0016000000000000
252 252 0.0064000000000000
267 252 0.0016000000000000
268 252 -0.0008266666700000
237 253 0.0088684571000000
238 253 0.0000851729370000
253 253 0.0495416450000000
254 253 -0.0000059308777000
269 253 0.0082961277000000
270 253 -0.0000800865170000
237 254 -0.0000856260510000
238 254 -0.0000007882934000
253 254 -0.0000059308777000
254 254 0.0000020332314000
269 254 0.0000796899990000
270 254 -0.0000007374222000
239 255 0.0029828571000000
240 255 0.0000288000000000
255 255 0.0178285710000000
256 255 0.0000021333333000
271 255 0.0031885714000000
272 255 -0.0000306285710000
239 256 -0.0000286476190000
240 256 -0.0000002651428600
255 256 0.0000021333333000
256 256 0.0000007314285700
271 256 0.0000307809520000
272 256 -0.0000002834285700
242 257 0.0044418010000000
257 257 0.0344137190000000
258 257 0.0041641884000000
242 258 -0.0021514974000000
257 258 0.0041641884000000
258 258 0.0166689950000000
273 258 0.0041644798000000
274 258 -0.0020209975000000
243 259 0.0082961277000000
244 259 0.0000796899990000
259 259 0.0464432650000000
260 259 -0.0000052121578000
275 259 0.0077931999000000
276 259 -0.0000752202650000
243 260 -0.0000800865170000
244 260 -0.0000007374222000
259 260 -0.0000052121578000
260 260 0.0000019059856000
275 260 0.0000748703640000
276 260 -0.0000006927194500
246 261 0.0016000000000000
248 261 0.0003281401900000
261 261 0.0132266670000000
262 261 0.0017066667000000
263 261 0.0026708419000000
264 261 0.0003394285700000
246 262 -0.0008266666700000
248 262 -0.0001668921900000
261 262 0.0017066667000000
262 262 0.0068266667000000
263 262 0.0003394285700000
264 262 0.0013569950000000
277 262 0.0017066667000000
278 262 -0.0008800000000000
279 262 0.0003394346700000
280 262 -0.0001720274300000
246 263 0.0003281401900000
248 263 0.0045090891000000
261 263 0.0026708419000000
262 263 0.0003394285700000
263 263 0.0349530560000000
264 263 0.0042316865000000
246 264 -0.0001668921900000
248 264 -0.0021851939000000
261 264 0.0003394285700000
262 264 0.0013569950000000
263 264 0.0042316865000000
264 264 0.0169387460000000
277 264 0.0003394346700000
278 264 -0.0001720274300000
279 264 0.0042319778000000
280 264 -0.0020546306000000
250 265 0.0044418010000000
265 265 0.0344137190000000
266 265 0.0041641884000000
250 266 -0.0021514974000000
265 266 0.0041641884000000
266 266 0.0166689950000000
281 266 0.0041644798000000
282 266 -0.0020209975000000
252 267 0.0016000000000000
267 267 0.0132266670000000
268 267 0.0017066667000000
252 268 -0.0008266666700000
267 268 0.0017066667000000
268 268 0.0068266667000000
283 268 0.0017066667000000
284 268 -0.0008800000000000
253 269 0.0082961277000000
254 269 0.0000796899990000
269 269 0.0464432650000000
270 269 -0.0000052121578000
285 269 0.0077931999000000
286 269 -0.0000752202650000
253 270 -0.0000800865170000
254 270 -0.0000007374222000
269 270 -0.0000052121578000
270 270 0.0000019059856000
285 270 0.0000748703640000
286 270 -0.0000006927194500
255 271 0.0031885714000000
256 271 0.0000307809520000
271 271 0.0190171430000000
272 271 0.0000021333333000
