1086 1086 22070
1 1 3775316.0720000001601875
4 1 -3532600.0771300001069903
19 1 1671794.8475999999791384
20 1 40963.2533656000014162
24 1 -1965436.1402300000190735
25 1 530518.3544179999735206
2 2 143495.1823790000053123
3 2 -47872.8061334000012721
5 2 -138628.2118609999888577
6 2 -53336.8402958000006038
21 2 -65561.0787293000030331
22 2 -64074.5415452000015648
23 2 6957.4636282700002994
26 2 60694.1082114000018919
27 2 61072.4158603999967454
28 2 12421.4977906999993138
2 3 -47872.8061334000012721
3 3 31665.5354078999989724
5 3 47083.8411913000018103
6 3 21339.0477466999982425
21 3 6957.4636282700002994
22 3 -3594.2723937900000237
23 3 -3085.8407931199999439
26 3 -6168.4986861500001396
27 3 3145.8643894699998782
28 3 -7023.7952920500001710
1 4 -3532600.0771300001069903
4 4 7722958.7222400000318885
7 4 -3656656.3399499999359250
19 4 -1965436.1402300000190735
20 4 -808767.3598680000286549
24 4 3458494.9913300001062453
25 4 192427.2131799999915529
29 4 -2020989.9350999998860061
30 4 527072.8411360000027344
2 5 -138628.2118609999888577
3 5 47083.8411913000018103
5 5 279076.4681390000041574
6 5 4350.5380045100000643
8 5 -137615.5929530000139493
9 5 -53481.0255436000006739
21 5 60694.1082114000018919
22 5 59881.3032550999996602
23 5 -6168.4986861500001396
26 5 -120663.1972950000053970
27 5 -125145.0663389999972424
28 5 -5686.6943437999998423
31 5 57136.4257579999975860
32 5 61136.9434462999997777
33 5 11229.5266991999997117
2 6 -53336.8402958000006038
3 6 21339.0477466999982425
5 6 4350.5380045100000643
6 6 63625.0691426999983378
8 6 47270.7081785999980639
9 6 21267.0142182999989018
21 6 12421.4977906999993138
22 6 4889.7259966100000383
23 6 -7023.7952920500001710
26 6 -5686.6943437999998423
27 6 -7482.3647874300004332
28 6 -5390.4071815699999206
31 6 -5019.2093341700001474
32 6 3245.3811512399997810
33 6 -6484.3560570500003450
4 7 -3656656.3399499999359250
7 7 7954185.8484300002455711
10 7 -3780450.3885300001129508
24 7 -2020989.9350999998860061
25 7 -812212.8731489999918267
29 7 3586306.3579799998551607
30 7 202131.4270200000028126
34 7 -2076804.0482300000730902
35 7 523594.2082640000153333
5 8 -137615.5929530000139493
6 8 47270.7081785999980639
8 8 276958.7846010000212118
9 8 4343.2391947799997070
11 8 -136766.3072589999937918
12 8 -53671.6071145000023535
26 8 57136.4257579999975860
27 8 59906.9552713000011863
28 8 -5019.2093341700001474
31 8 -113455.3866669999988517
32 8 -124976.8766310000064550
33 8 -5679.3955341299997599
36 8 53742.0765188000004855
37 8 61197.3888643000027514
38 8 10083.9519307999999000
5 9 -53481.0255436000006739
6 9 21267.0142182999989018
8 9 4343.2391947799997070
9 9 64121.0711002000025474
11 9 47500.1068520999979228
12 9 21218.1723625000013271
26 9 11229.5266991999997117
27 9 4989.2427583799999411
28 9 -6484.3560570500003450
31 9 -5679.3955341299997599
32 9 -7783.1051176199998736
33 9 -4015.5331835100000717
36 9 -3912.4516683299998476
37 9 3345.8537925099999484
38 9 -5968.1060236900002565
7 10 -3780450.3885300001129508
10 10 8185916.4142899997532368
13 10 -3904005.6197899999096990
29 10 -2076804.0482300000730902
30 10 -815691.5060219999868423
34 10 3713621.5198699999600649
35 10 211730.9649980000103824
39 10 -2132855.2519200001843274
40 10 520085.4115999999921769
8 11 -136766.3072589999937918
9 11 47500.1068520999979228
11 11 275183.4719979999936186
12 11 4336.5893687300003876
14 11 -136066.0962339999969117
15 11 -53904.3911327000023448
31 11 53742.0765188000004855
32 11 59928.5231787000011536
33 11 -3912.4516683299998476
36 11 -106589.9469740000058664
37 11 -124823.6981640000012703
38 11 -5672.7457080499998483
41 11 50496.8019491000013659
42 11 61254.2305080000005546
43 11 8980.5796096499998384
8 12 -53671.6071145000023535
9 12 21218.1723625000013271
11 12 4336.5893687300003876
12 12 64663.1243445000000065
14 12 47768.2962002999993274
15 12 21190.4528038999997079
31 12 10083.9519307999999000
32 12 5089.7153996500001085
33 12 -5968.1060236900002565
36 12 -5672.7457080499998483
37 12 -8082.0516101800003526
38 12 -2686.7010434799999530
41 12 -2844.4846772599998985
42 12 3447.1970200499999919
43 12 -5472.9760372399996413
10 13 -3904005.6197899999096990
13 13 8418106.1175299994647503
16 13 -4027342.7275200001895428
34 13 -2132855.2519200001843274
35 13 -819200.3026850000023842
39 13 3840484.1429900000803173
40 13 221235.0341919999918900
44 13 -2189123.0020800000056624
45 13 516549.0653649999876507
11 14 -136066.0962339999969117
12 14 47768.2962002999993274
14 14 273719.3523200000054203
15 14 4330.5138605900001494
17 14 -135502.3050879999937024
18 14 -54175.6743205000020680
36 14 50496.8019491000013659
37 14 59946.4856505999996443
38 14 -2844.4846772599998985
41 14 -100035.7002050000010058
42 14 -124683.7960710000043036
43 14 -5666.6701999300003081
46 14 47387.9472581000009086
47 14 61307.8786894000004395
48 14 7915.7064580500000375
11 15 -53904.3911327000023448
12 15 21190.4528038999997079
14 15 4330.5138605900001494
15 15 65247.1765579999992042
17 15 48071.9613682999988669
18 15 21182.0252551999983552
36 15 8980.5796096499998384
37 15 5191.0586271900001520
38 15 -5472.9760372399996413
41 15 -5666.6701999400002023
42 15 -8379.3621086700004525
43 15 -1399.8592730200000460
46 15 -1811.9935058399998979
47 15 3549.3353951899998719
48 15 -4997.1360052800000631
13 16 -4027342.7275200001895428
16 16 8650715.7068199999630451
39 16 -2189123.0020800000056624
40 16 -822736.6489209999563172
44 16 3966932.9148599999025464
45 16 230651.7925579999864567
14 17 -135502.3050879999937024
15 17 48071.9613682999988669
17 17 272538.9453469999716617
18 17 4324.9484344299999066
41 17 47387.9472581000009086
42 17 59961.2532321999970009
43 17 -1811.9935058399998979
46 17 -93765.1661429999949178
47 17 -124555.6790860000037355
48 17 -5661.1047737500002768
14 18 -54175.6743205000020680
15 18 21182.0252551999983552
17 18 4324.9484344299999066
18 18 65869.6374120999971638
41 18 7915.7064580500000375
42 18 5293.1970023300000321
43 18 -4997.1360052800000631
46 18 -5661.1047737500002768
47 18 -8675.1764623899998696
48 18 -151.4182783999999913
1 19 1671794.8475999999791384
4 19 -1965436.1402300000190735
19 19 7550632.1440000003203750
20 19 0.0000000260770321
24 19 -7065200.1542600002139807
25 19 -0.0000000298023224
49 19 1671794.8475999999791384
50 19 40963.2533656000014162
54 19 -1965436.1402300000190735
55 19 530518.3544179999735206
1 20 40963.2533656000014162
4 20 -808767.3598680000286549
19 20 0.0000000260770321
20 20 3089912.3438300001434982
24 20 -0.0000000274740160
25 20 -1425341.4198799999430776
49 20 -40963.2533656000014162
50 20 446674.0431480000261217
54 20 808767.3598680000286549
55 20 -1214964.5452499999664724
2 21 -65561.0787293000030331
3 21 6957.4636282700002994
5 21 60694.1082114000018919
6 21 12421.4977906999993138
21 21 286990.3647580000106245
22 21 0.0000000582076609
23 21 -95745.6122668000025442
26 21 -277256.4237219999777153
27 21 -0.0000000577419996
28 21 -106673.6805920000042534
51 21 -65561.0787293000030331
52 21 -64074.5415451000008034
53 21 6957.4636282700002994
56 21 60694.1082114000018919
57 21 61072.4158603000032599
58 21 12421.4977906999993138
2 22 -64074.5415452000015648
3 22 -3594.2723937900000237
5 22 59881.3032550999996602
6 22 4889.7259966100000383
21 22 0.0000000582076609
22 22 183426.2769810000027064
23 22 0.0000000038999133
26 22 -0.0000000556465238
27 22 -174938.5348909999884199
28 22 -0.0000000037543941
51 22 64074.5415451000008034
52 22 86790.4043128000048455
53 22 3594.2723937900000237
56 22 -59881.3032549999988987
57 22 -84823.4231043000036152
58 22 -4889.7259966100000383
2 23 6957.4636282700002994
3 23 -3085.8407931199999439
5 23 -6168.4986861500001396
6 23 -7023.7952920500001710
21 23 -95745.6122668000025442
22 23 0.0000000038999133
23 23 63331.0708156999971834
26 23 94167.6823825000028592
27 23 -0.0000000036379788
28 23 42678.0954933999964851
51 23 6957.4636282700002994
52 23 -3594.2723937800001295
53 23 -3085.8407931299998381
56 23 -6168.4986861600000339
57 23 3145.8643894599999840
58 23 -7023.7952920500001710
1 24 -1965436.1402300000190735
4 24 3458494.9913300001062453
7 24 -2020989.9350999998860061
19 24 -7065200.1542600002139807
20 24 -0.0000000274740160
24 24 15445917.4444999992847443
25 24 0.0000000223517418
29 24 -7313312.6798900002613664
30 24 0.0000000121071935
49 24 -1965436.1402300000190735
50 24 -808767.3598680000286549
54 24 3458494.9913300001062453
55 24 192427.2131799999915529
59 24 -2020989.9350999998860061
60 24 527072.8411360000027344
1 25 530518.3544179999735206
4 25 192427.2131799999915529
7 25 -812212.8731489999918267
19 25 -0.0000000298023224
20 25 -1425341.4198799999430776
24 25 0.0000000223517418
25 25 5959732.2064199997112155
29 25 0.0000000004656613
30 25 -1504885.5323999999091029
49 25 -530518.3544179999735206
50 25 -1214964.5452499999664724
54 25 -192427.2131799999915529
55 25 940411.2309139999561012
59 25 812212.8731489999918267
60 25 -1238175.5444300000090152
2 26 60694.1082114000018919
3 26 -6168.4986861500001396
5 26 -120663.1972950000053970
6 26 -5686.6943437999998423
8 26 57136.4257579999975860
9 26 11229.5266991999997117
21 26 -277256.4237219999777153
22 26 -0.0000000556465238
23 26 94167.6823825000028592
26 26 558152.9362780000083148
27 26 0.0000000563450158
28 26 8701.0760090000003402
31 26 -275231.1859050000202842
32 26 -0.0000000009313226
33 26 -106962.0510869999998249
51 26 60694.1082114000018919
52 26 59881.3032549999988987
53 26 -6168.4986861600000339
56 26 -120663.1972950000053970
57 26 -125145.0663389999972424
58 26 -5686.6943437999998423
61 26 57136.4257579999975860
62 26 61136.9434462999997777
63 26 11229.5266991999997117
2 27 61072.4158603999967454
3 27 3145.8643894699998782
5 27 -125145.0663389999972424
6 27 -7482.3647874300004332
8 27 59906.9552713000011863
9 27 4989.2427583799999411
21 27 -0.0000000577419996
22 27 -174938.5348909999884199
23 27 -0.0000000036379788
26 27 0.0000000563450158
27 27 371942.2162740000057966
28 27 0.0000000043510227
31 27 -0.0000000011641532
32 27 -180826.0699580000073183
33 27 0.0000000003201421
51 27 -61072.4158603000032599
52 27 -84823.4231043000036152
53 27 -3145.8643894599999840
56 27 125145.0663389999972424
57 27 176438.0489189999934752
58 27 7482.3647874300004332
61 27 -59906.9552713000011863
62 27 -87637.8259233999997377
63 27 -4989.2427583799999411
2 28 12421.4977906999993138
3 28 -7023.7952920500001710
5 28 -5686.6943437999998423
6 28 -5390.4071815699999206
8 28 -5019.2093341700001474
9 28 -6484.3560570500003450
21 28 -106673.6805920000042534
22 28 -0.0000000037543941
23 28 42678.0954933999964851
26 28 8701.0760090000003402
27 28 0.0000000043510227
28 28 127250.1382849999936298
31 28 94541.4163570999953663
32 28 0.0000000001746230
33 28 42534.0284365999978036
51 28 12421.4977906999993138
52 28 4889.7259966000001441
53 28 -7023.7952920500001710
56 28 -5686.6943437999998423
57 28 -7482.3647874199996295
58 28 -5390.4071815699999206
61 28 -5019.2093341700001474
62 28 3245.3811512399997810
63 28 -6484.3560570500003450
4 29 -2020989.9350999998860061
7 29 3586306.3579799998551607
10 29 -2076804.0482300000730902
24 29 -7313312.6798900002613664
25 29 0.0000000004656613
29 29 15908371.6969000007957220
30 29 -0.0000000223517418
34 29 -7560900.7770499996840954
35 29 0.0000000121071935
54 29 -2020989.9350999998860061
55 29 -812212.8731489999918267
59 29 3586306.3579899999313056
60 29 202131.4270200000028126
64 29 -2076804.0482300000730902
65 29 523594.2082640000153333
4 30 527072.8411360000027344
7 30 202131.4270200000028126
10 30 -815691.5060219999868423
24 30 0.0000000121071935
25 30 -1504885.5323999999091029
29 30 -0.0000000223517418
30 30 6023480.4138799998909235
34 30 0.0000000190921128
35 30 -1583434.0546699999831617
54 30 -527072.8411360000027344
55 30 -1238175.5444300000090152
59 30 -202131.4270200000028126
60 30 1034439.2077600000193343
64 30 815691.5060219999868423
65 30 -1261883.3426399999298155
5 31 57136.4257579999975860
6 31 -5019.2093341700001474
8 31 -113455.3866669999988517
9 31 -5679.3955341299997599
11 31 53742.0765188000004855
12 31 10083.9519307999999000
26 31 -275231.1859050000202842
27 31 -0.0000000011641532
28 31 94541.4163570999953663
31 31 553917.5692030000500381
32 31 -0.0000000153668225
33 31 8686.4783895500004292
36 31 -273532.6145169999799691
37 31 0.0000000155996531
38 31 -107343.2142290000047069
56 31 57136.4257579999975860
57 31 59906.9552713000011863
58 31 -5019.2093341700001474
61 31 -113455.3866669999988517
62 31 -124976.8766310000064550
63 31 -5679.3955341299997599
66 31 53742.0765188000004855
67 31 61197.3888643000027514
68 31 10083.9519307999999000
5 32 61136.9434462999997777
6 32 3245.3811512399997810
8 32 -124976.8766310000064550
9 32 -7783.1051176199998736
11 32 59928.5231787000011536
12 32 5089.7153996500001085
26 32 -0.0000000009313226
27 32 -180826.0699580000073183
28 32 0.0000000001746230
31 32 -0.0000000153668225
32 32 383222.2004210000159219
33 32 -0.0000000013387762
36 32 0.0000000139698386
37 32 -186708.3372399999934714
38 32 0.0000000018917490
56 32 -61136.9434462999997777
57 32 -87637.8259235000004992
58 32 -3245.3811512399997810
61 32 124976.8766310000064550
62 32 181938.1303279999992810
63 32 7783.1051176199998736
66 32 -59928.5231787000011536
67 32 -90450.8910463999927742
68 32 -5089.7153996500001085
5 33 11229.5266991999997117
6 33 -6484.3560570500003450
8 33 -5679.3955341299997599
9 33 -4015.5331835100000717
11 33 -3912.4516683299998476
12 33 -5968.1060236900002565
26 33 -106962.0510869999998249
27 33 0.0000000003201421
28 33 42534.0284365999978036
31 33 8686.4783895500004292
32 33 -0.0000000013387762
33 33 128242.1422000000020489
36 33 95000.2137041999958456
37 33 0.0000000018917490
38 33 42436.3447250000026543
56 33 11229.5266991999997117
57 33 4989.2427583799999411
58 33 -6484.3560570500003450
61 33 -5679.3955341299997599
62 33 -7783.1051176199998736
63 33 -4015.5331835100000717
66 33 -3912.4516683299998476
67 33 3345.8537925099999484
68 33 -5968.1060236900002565
7 34 -2076804.0482300000730902
10 34 3713621.5198699999600649
13 34 -2132855.2519200001843274
29 34 -7560900.7770499996840954
30 34 0.0000000190921128
34 34 16371832.8286000005900860
35 34 -0.0000000409781933
39 34 -7808011.2395799998193979
40 34 0.0000000214204192
59 34 -2076804.0482300000730902
60 34 -815691.5060219999868423
64 34 3713621.5198699999600649
65 34 211730.9649980000103824
69 34 -2132855.2519200001843274
70 34 520085.4115999999921769
7 35 523594.2082640000153333
10 35 211730.9649980000103824
13 35 -819200.3026850000023842
29 35 0.0000000121071935
30 35 -1583434.0546699999831617
34 35 -0.0000000409781933
35 35 6091025.8253399999812245
39 35 0.0000000149011612
40 35 -1661075.8488000000361353
59 35 -523594.2082640000153333
60 35 -1261883.3426399999298155
64 35 -211730.9649980000103824
65 35 1126570.4882000000216067
69 35 819200.3026850000023842
70 35 -1286043.5977099998854101
8 36 53742.0765188000004855
9 36 -3912.4516683299998476
11 36 -106589.9469740000058664
12 36 -5672.7457080499998483
14 36 50496.8019491000013659
15 36 8980.5796096499998384
31 36 -273532.6145169999799691
32 36 0.0000000139698386
33 36 95000.2137041999958456
36 36 550366.9439969999948516
37 36 -0.0000000265426934
38 36 8673.1787374399991677
41 36 -272132.1924679999938235
42 36 0.0000000123400241
43 36 -107808.7822659999947064
61 36 53742.0765188000004855
62 36 59928.5231787000011536
63 36 -3912.4516683299998476
66 36 -106589.9469740000058664
67 36 -124823.6981640000012703
68 36 -5672.7457080499998483
71 36 50496.8019491000013659
72 36 61254.2305081000013161
73 36 8980.5796096499998384
8 37 61197.3888643000027514
9 37 3345.8537925099999484
11 37 -124823.6981640000012703
12 37 -8082.0516101800003526
14 37 59946.4856505999996443
15 37 5191.0586271900001520
31 37 0.0000000155996531
32 37 -186708.3372399999934714
33 37 0.0000000018917490
36 37 -0.0000000265426934
37 37 394522.1460339999757707
38 37 -0.0000000032596290
41 37 0.0000000162981451
42 37 -192585.8068069999862928
43 37 0.0000000022992026
61 37 -61197.3888643000027514
62 37 -90450.8910463999927742
63 37 -3345.8537925099999484
66 37 124823.6981640000012703
67 37 187443.2462799999921117
68 37 8082.0516101800003526
71 37 -59946.4856505999996443
72 37 -93262.7378154000034556
73 37 -5191.0586271900001520
8 38 10083.9519307999999000
9 38 -5968.1060236900002565
11 38 -5672.7457080499998483
12 38 -2686.7010434799999530
14 38 -2844.4846772599998985
15 38 -5472.9760372399996413
31 38 -107343.2142290000047069
32 38 0.0000000018917490
33 38 42436.3447250000026543
36 38 8673.1787374399991677
37 38 -0.0000000032596290
38 38 129326.2486890000000130
41 38 95536.5924006999994162
42 38 0.0000000024156179
43 38 42380.9056079000001773
61 38 10083.9519307999999000
62 38 5089.7153996600000028
63 38 -5968.1060236900002565
66 38 -5672.7457080499998483
67 38 -8082.0516101800003526
68 38 -2686.7010434799999530
71 38 -2844.4846772599998985
72 38 3447.1970200499999919
73 38 -5472.9760372399996413
10 39 -2132855.2519200001843274
13 39 3840484.1429900000803173
16 39 -2189123.0020800000056624
34 39 -7808011.2395799998193979
35 39 0.0000000149011612
39 39 16836212.2351000010967255
40 39 -0.0000000633299351
44 39 -8054685.4550299998372793
45 39 0.0000000521540642
64 39 -2132855.2519200001843274
65 39 -819200.3026850000023842
69 39 3840484.1429900000803173
70 39 221235.0341919999918900
74 39 -2189123.0020800000056624
75 39 516549.0653649999876507
10 40 520085.4115999999921769
13 40 221235.0341919999918900
16 40 -822736.6489209999563172
34 40 0.0000000214204192
35 40 -1661075.8488000000361353
39 40 -0.0000000633299351
40 40 6162034.4878099998459220
44 40 0.0000000586733222
45 40 -1737889.5064600000623614
64 40 -520085.4115999999921769
65 40 -1286043.5977099998854101
69 40 -221235.0341919999918900
70 40 1216971.8810499999672174
74 40 822736.6489209999563172
75 40 -1310617.0924199998844415
11 41 50496.8019491000013659
12 41 -2844.4846772599998985
14 41 -100035.7002050000010058
15 41 -5666.6701999400002023
17 41 47387.9472581000009086
18 41 7915.7064580500000375
36 41 -272132.1924679999938235
37 41 0.0000000162981451
38 41 95536.5924006999994162
41 41 547438.7046400000108406
42 41 -0.0000000158324838
43 41 8661.0277211899992835
46 41 -271004.6101759999874048
47 41 -0.0000000006984919
48 41 -108351.3486410000041360
66 41 50496.8019491000013659
67 41 59946.4856507000004058
68 41 -2844.4846772599998985
71 41 -100035.7002059999940684
72 41 -124683.7960710000043036
73 41 -5666.6701999400002023
76 41 47387.9472581000009086
77 41 61307.8786894000004395
78 41 7915.7064580500000375
11 42 61254.2305080000005546
12 42 3447.1970200499999919
14 42 -124683.7960710000043036
15 42 -8379.3621086700004525
17 42 59961.2532321999970009
18 42 5293.1970023300000321
36 42 0.0000000123400241
37 42 -192585.8068069999862928
38 42 0.0000000024156179
41 42 -0.0000000158324838
42 42 405840.2967710000229999
43 42 -0.0000000030704541
46 42 0.0000000002328306
47 42 -198458.8944149999879301
48 42 0.0000000017753337
66 42 -61254.2305081000013161
67 42 -93262.7378154000034556
68 42 -3447.1970200499999919
71 42 124683.7960710000043036
72 42 192952.9536049999878742
73 42 8379.3621086700004525
76 42 -59961.2532321999970009
77 42 -96073.4717871000029845
78 42 -5293.1970023300000321
11 43 8980.5796096499998384
12 43 -5472.9760372399996413
14 43 -5666.6701999300003081
15 43 -1399.8592730200000460
17 43 -1811.9935058399998979
18 43 -4997.1360052800000631
36 43 -107808.7822659999947064
37 43 0.0000000022992026
38 43 42380.9056079000001773
41 43 8661.0277211899992835
42 43 -0.0000000030704541
43 43 130494.3531159999984084
46 43 96143.9227364999969723
47 43 0.0000000018335413
48 43 42364.0505103999967105
66 43 8980.5796096499998384
67 43 5191.0586272000000463
68 43 -5472.9760372399996413
71 43 -5666.6701999300003081
72 43 -8379.3621086700004525
73 43 -1399.8592730200000460
76 43 -1811.9935058399998979
77 43 3549.3353951799999777
78 43 -4997.1360052800000631
13 44 -2189123.0020800000056624
16 44 3966932.9148599999025464
39 44 -8054685.4550299998372793
40 44 0.0000000586733222
44 44 17301431.4136000014841557
45 44 -0.0000001229345798
69 44 -2189123.0020800000056624
70 44 -822736.6489209999563172
74 44 3966932.9148599999025464
75 44 230651.7925579999864567
13 45 516549.0653649999876507
16 45 230651.7925579999864567
39 45 0.0000000521540642
40 45 -1737889.5064600000623614
44 45 -0.0000001229345798
45 45 6236210.4958199998363853
69 45 -516549.0653649999876507
70 45 -1310617.0924199998844415
74 45 -230651.7925579999864567
75 45 1305791.1904700000304729
14 46 47387.9472581000009086
15 46 -1811.9935058399998979
17 46 -93765.1661429999949178
18 46 -5661.1047737500002768
41 46 -271004.6101759999874048
42 46 0.0000000002328306
43 46 96143.9227364999969723
46 46 545077.8906949999509379
47 46 -0.0000000149011612
48 46 8649.8968688599998131
71 46 47387.9472581000009086
72 46 59961.2532321999970009
73 46 -1811.9935058399998979
76 46 -93765.1661429999949178
77 46 -124555.6790860000037355
78 46 -5661.1047737500002768
14 47 61307.8786894000004395
15 47 3549.3353951899998719
17 47 -124555.6790860000037355
18 47 -8675.1764623899998696
41 47 -0.0000000006984919
42 47 -198458.8944149999879301
43 47 0.0000000018335413
46 47 -0.0000000149011612
47 47 417175.0964989999774843
48 47 -0.0000000040454324
71 47 -61307.8786894000004395
72 47 -96073.4717871000029845
73 47 -3549.3353951799999777
76 47 124555.6790860000037355
77 47 198466.8596799999941140
78 47 8675.1764623899998696
14 48 7915.7064580500000375
15 48 -4997.1360052800000631
17 48 -5661.1047737500002768
18 48 -151.4182783999999913
41 48 -108351.3486410000041360
42 48 0.0000000017753337
43 48 42364.0505103999967105
46 48 8649.8968688599998131
47 48 -0.0000000040454324
48 48 131739.2748239999928046
71 48 7915.7064580500000375
72 48 5293.1970023300000321
73 48 -4997.1360052800000631
76 48 -5661.1047737500002768
77 48 -8675.1764623899998696
78 48 -151.4182784010000091
19 49 1671794.8475999999791384
20 49 -40963.2533656000014162
24 49 -1965436.1402300000190735
25 49 -530518.3544179999735206
49 49 7550632.1440000003203750
50 49 0.0000000186264515
54 49 -7065200.1542600002139807
55 49 -0.0000000149011612
79 49 1671794.8475999999791384
80 49 40963.2533656000014162
84 49 -1965436.1402300000190735
85 49 530518.3544179999735206
19 50 40963.2533656000014162
20 50 446674.0431480000261217
24 50 -808767.3598680000286549
25 50 -1214964.5452499999664724
49 50 0.0000000186264515
50 50 3089912.3438300001434982
54 50 -0.0000000176951289
55 50 -1425341.4198799999430776
79 50 -40963.2533656000014162
80 50 446674.0431480000261217
84 50 808767.3598680000286549
85 50 -1214964.5452499999664724
21 51 -65561.0787293000030331
22 51 64074.5415451000008034
23 51 6957.4636282700002994
26 51 60694.1082114000018919
27 51 -61072.4158603000032599
28 51 12421.4977906999993138
51 51 286990.3647580000106245
52 51 -0.0000000190921128
53 51 -95745.6122668000025442
56 51 -277256.4237219999777153
57 51 0.0000000169966370
58 51 -106673.6805920000042534
81 51 -65561.0787293000030331
82 51 -64074.5415452000015648
83 51 6957.4636282700002994
86 51 60694.1082114000018919
87 51 61072.4158603000032599
88 51 12421.4977906999993138
21 52 -64074.5415451000008034
22 52 86790.4043128000048455
23 52 -3594.2723937800001295
26 52 59881.3032549999988987
27 52 -84823.4231043000036152
28 52 4889.7259966000001441
51 52 -0.0000000190921128
52 52 183426.2769810000027064
53 52 0.0000000004802132
56 52 0.0000000190921128
57 52 -174938.5348909999884199
58 52 0.0000000001455192
81 52 64074.5415452000015648
82 52 86790.4043128000048455
83 52 3594.2723937800001295
86 52 -59881.3032549999988987
87 52 -84823.4231043000036152
88 52 -4889.7259966100000383
21 53 6957.4636282700002994
22 53 3594.2723937900000237
23 53 -3085.8407931299998381
26 53 -6168.4986861600000339
27 53 -3145.8643894599999840
28 53 -7023.7952920500001710
51 53 -95745.6122668000025442
52 53 0.0000000004802132
53 53 63331.0708156999971834
56 53 94167.6823825000028592
57 53 0.0000000000873115
58 53 42678.0954933999964851
81 53 6957.4636282700002994
82 53 -3594.2723937900000237
83 53 -3085.8407931299998381
86 53 -6168.4986861500001396
87 53 3145.8643894599999840
88 53 -7023.7952920500001710
19 54 -1965436.1402300000190735
20 54 808767.3598680000286549
24 54 3458494.9913300001062453
25 54 -192427.2131799999915529
29 54 -2020989.9350999998860061
30 54 -527072.8411360000027344
49 54 -7065200.1542600002139807
50 54 -0.0000000176951289
54 54 15445917.4444999992847443
55 54 0.0000000223517418
59 54 -7313312.6798900002613664
60 54 0.0000000167638063
79 54 -1965436.1402300000190735
80 54 -808767.3598680000286549
84 54 3458494.9913300001062453
85 54 192427.2131799999915529
89 54 -2020989.9350999998860061
90 54 527072.8411360000027344
19 55 530518.3544179999735206
20 55 -1214964.5452499999664724
24 55 192427.2131799999915529
25 55 940411.2309139999561012
29 55 -812212.8731489999918267
30 55 -1238175.5444300000090152
49 55 -0.0000000149011612
50 55 -1425341.4198799999430776
54 55 0.0000000223517418
55 55 5959732.2064199997112155
59 55 0.0000000167638063
60 55 -1504885.5323999999091029
79 55 -530518.3544179999735206
80 55 -1214964.5452499999664724
84 55 -192427.2131799999915529
85 55 940411.2309149999637157
89 55 812212.8731489999918267
90 55 -1238175.5444300000090152
21 56 60694.1082114000018919
22 56 -59881.3032549999988987
23 56 -6168.4986861600000339
26 56 -120663.1972950000053970
27 56 125145.0663389999972424
28 56 -5686.6943437999998423
31 56 57136.4257579999975860
32 56 -61136.9434462999997777
33 56 11229.5266991999997117
51 56 -277256.4237219999777153
52 56 0.0000000190921128
53 56 94167.6823825000028592
56 56 558152.9362780000083148
57 56 -0.0000000135041773
58 56 8701.0760090000003402
61 56 -275231.1859050000202842
62 56 -0.0000000086147338
63 56 -106962.0510869999998249
81 56 60694.1082114000018919
82 56 59881.3032549999988987
83 56 -6168.4986861600000339
86 56 -120663.1972950000053970
87 56 -125145.0663389999972424
88 56 -5686.6943438099997365
91 56 57136.4257579999975860
92 56 61136.9434462999997777
93 56 11229.5266991999997117
21 57 61072.4158603000032599
22 57 -84823.4231043000036152
23 57 3145.8643894599999840
26 57 -125145.0663389999972424
27 57 176438.0489189999934752
28 57 -7482.3647874199996295
31 57 59906.9552713000011863
32 57 -87637.8259235000004992
33 57 4989.2427583799999411
51 57 0.0000000169966370
52 57 -174938.5348909999884199
53 57 0.0000000000873115
56 57 -0.0000000135041773
57 57 371942.2162740000057966
58 57 0.0000000009458745
61 57 -0.0000000053551048
62 57 -180826.0699580000073183
63 57 0.0000000003201421
81 57 -61072.4158603000032599
82 57 -84823.4231043000036152
83 57 -3145.8643894599999840
86 57 125145.0663389999972424
87 57 176438.0489189999934752
88 57 7482.3647874199996295
91 57 -59906.9552713000011863
92 57 -87637.8259233999997377
93 57 -4989.2427583799999411
21 58 12421.4977906999993138
22 58 -4889.7259966100000383
23 58 -7023.7952920500001710
26 58 -5686.6943437999998423
27 58 7482.3647874300004332
28 58 -5390.4071815699999206
31 58 -5019.2093341700001474
32 58 -3245.3811512399997810
33 58 -6484.3560570500003450
51 58 -106673.6805920000042534
52 58 0.0000000001455192
53 58 42678.0954933999964851
56 58 8701.0760090000003402
57 58 0.0000000009458745
58 58 127250.1382849999936298
61 58 94541.4163570999953663
62 58 0.0000000004656613
63 58 42534.0284365999978036
81 58 12421.4977906999993138
82 58 4889.7259966100000383
83 58 -7023.7952920500001710
86 58 -5686.6943437999998423
87 58 -7482.3647874300004332
88 58 -5390.4071815699999206
91 58 -5019.2093341700001474
92 58 3245.3811512399997810
93 58 -6484.3560570500003450
24 59 -2020989.9350999998860061
25 59 812212.8731489999918267
29 59 3586306.3579899999313056
30 59 -202131.4270200000028126
34 59 -2076804.0482300000730902
35 59 -523594.2082640000153333
54 59 -7313312.6798900002613664
55 59 0.0000000167638063
59 59 15908371.6969000007957220
60 59 -0.0000001229345798
64 59 -7560900.7770499996840954
65 59 0.0000001285225153
84 59 -2020989.9350999998860061
85 59 -812212.8731489999918267
89 59 3586306.3579899999313056
90 59 202131.4270200000028126
94 59 -2076804.0482300000730902
95 59 523594.2082640000153333
24 60 527072.8411360000027344
25 60 -1238175.5444300000090152
29 60 202131.4270200000028126
30 60 1034439.2077600000193343
34 60 -815691.5060219999868423
35 60 -1261883.3426399999298155
54 60 0.0000000167638063
55 60 -1504885.5323999999091029
59 60 -0.0000001229345798
60 60 6023480.4138799998909235
64 60 0.0000001243315637
65 60 -1583434.0546699999831617
84 60 -527072.8411360000027344
85 60 -1238175.5444300000090152
89 60 -202131.4270200000028126
90 60 1034439.2077600000193343
94 60 815691.5060219999868423
95 60 -1261883.3426399999298155
26 61 57136.4257579999975860
27 61 -59906.9552713000011863
28 61 -5019.2093341700001474
31 61 -113455.3866669999988517
32 61 124976.8766310000064550
33 61 -5679.3955341299997599
36 61 53742.0765188000004855
37 61 -61197.3888643000027514
38 61 10083.9519307999999000
56 61 -275231.1859050000202842
57 61 -0.0000000053551048
58 61 94541.4163570999953663
61 61 553917.5692030000500381
62 61 0.0000000069849193
63 61 8686.4783895500004292
66 61 -273532.6145169999799691
67 61 -0.0000000034924597
68 61 -107343.2142290000047069
86 61 57136.4257579999975860
87 61 59906.9552713000011863
88 61 -5019.2093341700001474
91 61 -113455.3866669999988517
92 61 -124976.8766310000064550
93 61 -5679.3955341199998657
96 61 53742.0765188000004855
97 61 61197.3888643000027514
98 61 10083.9519307999999000
26 62 61136.9434462999997777
27 62 -87637.8259233999997377
28 62 3245.3811512399997810
31 62 -124976.8766310000064550
32 62 181938.1303279999992810
33 62 -7783.1051176199998736
36 62 59928.5231787000011536
37 62 -90450.8910463999927742
38 62 5089.7153996600000028
56 62 -0.0000000086147338
57 62 -180826.0699580000073183
58 62 0.0000000004656613
61 62 0.0000000069849193
62 62 383222.2004210000159219
63 62 -0.0000000029103830
66 62 0.0000000004656613
67 62 -186708.3372399999934714
68 62 0.0000000046275090
86 62 -61136.9434462999997777
87 62 -87637.8259235000004992
88 62 -3245.3811512399997810
91 62 124976.8766310000064550
92 62 181938.1303279999992810
93 62 7783.1051176099999793
96 62 -59928.5231787000011536
97 62 -90450.8910463999927742
98 62 -5089.7153996500001085
26 63 11229.5266991999997117
27 63 -4989.2427583799999411
28 63 -6484.3560570500003450
31 63 -5679.3955341299997599
32 63 7783.1051176199998736
33 63 -4015.5331835100000717
36 63 -3912.4516683299998476
37 63 -3345.8537925099999484
38 63 -5968.1060236900002565
56 63 -106962.0510869999998249
57 63 0.0000000003201421
58 63 42534.0284365999978036
61 63 8686.4783895500004292
62 63 -0.0000000029103830
63 63 128242.1422000000020489
66 63 95000.2137041999958456
67 63 0.0000000046275090
68 63 42436.3447250000026543
86 63 11229.5266991999997117
87 63 4989.2427583799999411
88 63 -6484.3560570500003450
91 63 -5679.3955341299997599
92 63 -7783.1051176199998736
93 63 -4015.5331835100000717
96 63 -3912.4516683299998476
97 63 3345.8537925199998426
98 63 -5968.1060236900002565
29 64 -2076804.0482300000730902
30 64 815691.5060219999868423
34 64 3713621.5198699999600649
35 64 -211730.9649980000103824
39 64 -2132855.2519200001843274
40 64 -520085.4115999999921769
59 64 -7560900.7770499996840954
60 64 0.0000001243315637
64 64 16371832.8286000005900860
65 64 -0.0000001564621925
69 64 -7808011.2395799998193979
70 64 0.0000000353902578
89 64 -2076804.0482300000730902
90 64 -815691.5060219999868423
94 64 3713621.5198699999600649
95 64 211730.9649980000103824
99 64 -2132855.2519200001843274
100 64 520085.4115999999921769
29 65 523594.2082640000153333
30 65 -1261883.3426399999298155
34 65 211730.9649980000103824
35 65 1126570.4882000000216067
39 65 -819200.3026850000023842
40 65 -1286043.5977099998854101
59 65 0.0000001285225153
60 65 -1583434.0546699999831617
64 65 -0.0000001564621925
65 65 6091025.8253399999812245
69 65 0.0000000381842256
70 65 -1661075.8488000000361353
89 65 -523594.2082640000153333
90 65 -1261883.3426399999298155
94 65 -211730.9649980000103824
95 65 1126570.4882000000216067
99 65 819200.3026850000023842
100 65 -1286043.5977099998854101
31 66 53742.0765188000004855
32 66 -59928.5231787000011536
33 66 -3912.4516683299998476
36 66 -106589.9469740000058664
37 66 124823.6981640000012703
38 66 -5672.7457080499998483
41 66 50496.8019491000013659
42 66 -61254.2305081000013161
43 66 8980.5796096499998384
61 66 -273532.6145169999799691
62 66 0.0000000004656613
63 66 95000.2137041999958456
66 66 550366.9439969999948516
67 66 0.0000000731088221
68 66 8673.1787374600007752
71 66 -272132.1924679999938235
72 66 -0.0000000733416528
73 66 -107808.7822659999947064
91 66 53742.0765188000004855
92 66 59928.5231787000011536
93 66 -3912.4516683299998476
96 66 -106589.9469740000058664
97 66 -124823.6981640000012703
98 66 -5672.7457080399999541
101 66 50496.8019491000013659
102 66 61254.2305080000005546
103 66 8980.5796096499998384
31 67 61197.3888643000027514
32 67 -90450.8910463999927742
33 67 3345.8537925099999484
36 67 -124823.6981640000012703
37 67 187443.2462799999921117
38 67 -8082.0516101800003526
41 67 59946.4856507000004058
42 67 -93262.7378154000034556
43 67 5191.0586272000000463
61 67 -0.0000000034924597
62 67 -186708.3372399999934714
63 67 0.0000000046275090
66 67 0.0000000731088221
67 67 394522.1460339999757707
68 67 0.0000000002037268
71 67 -0.0000000721774995
72 67 -192585.8068069999862928
73 67 -0.0000000034342520
91 67 -61197.3888643000027514
92 67 -90450.8910463999927742
93 67 -3345.8537925099999484
96 67 124823.6981640000012703
97 67 187443.2462790000136010
98 67 8082.0516101699995488
101 67 -59946.4856505999996443
102 67 -93262.7378153000026941
103 67 -5191.0586271900001520
31 68 10083.9519307999999000
32 68 -5089.7153996500001085
33 68 -5968.1060236900002565
36 68 -5672.7457080499998483
37 68 8082.0516101800003526
38 68 -2686.7010434799999530
41 68 -2844.4846772599998985
42 68 -3447.1970200499999919
43 68 -5472.9760372399996413
61 68 -107343.2142290000047069
62 68 0.0000000046275090
63 68 42436.3447250000026543
66 68 8673.1787374600007752
67 68 0.0000000002037268
68 68 129326.2486890000000130
71 68 95536.5924006999994162
72 68 -0.0000000034633558
73 68 42380.9056079000001773
91 68 10083.9519307999999000
92 68 5089.7153996600000028
93 68 -5968.1060236900002565
96 68 -5672.7457080499998483
97 68 -8082.0516101800003526
98 68 -2686.7010434799999530
101 68 -2844.4846772699997928
102 68 3447.1970200499999919
103 68 -5472.9760372399996413
34 69 -2132855.2519200001843274
35 69 819200.3026850000023842
39 69 3840484.1429900000803173
40 69 -221235.0341919999918900
44 69 -2189123.0020800000056624
45 69 -516549.0653649999876507
64 69 -7808011.2395799998193979
65 69 0.0000000381842256
69 69 16836212.2349999994039536
70 69 -0.0000000111758709
74 69 -8054685.4550299998372793
75 69 -0.0000000260770321
94 69 -2132855.2519200001843274
95 69 -819200.3026850000023842
99 69 3840484.1429900000803173
100 69 221235.0341919999918900
104 69 -2189123.0020800000056624
105 69 516549.0653649999876507
34 70 520085.4115999999921769
35 70 -1286043.5977099998854101
39 70 221235.0341919999918900
40 70 1216971.8810499999672174
44 70 -822736.6489209999563172
45 70 -1310617.0924199998844415
64 70 0.0000000353902578
65 70 -1661075.8488000000361353
69 70 -0.0000000111758709
70 70 6162034.4878099998459220
74 70 -0.0000000325962901
75 70 -1737889.5064600000623614
94 70 -520085.4115999999921769
95 70 -1286043.5977099998854101
99 70 -221235.0341919999918900
100 70 1216971.8810499999672174
104 70 822736.6489209999563172
105 70 -1310617.0924199998844415
36 71 50496.8019491000013659
37 71 -59946.4856505999996443
38 71 -2844.4846772599998985
41 71 -100035.7002059999940684
42 71 124683.7960710000043036
43 71 -5666.6701999300003081
46 71 47387.9472581000009086
47 71 -61307.8786894000004395
48 71 7915.7064580500000375
66 71 -272132.1924679999938235
67 71 -0.0000000721774995
68 71 95536.5924006999994162
71 71 547438.7046400000108406
72 71 0.0000000747386366
73 71 8661.0277211699994950
76 71 -271004.6101759999874048
77 71 -0.0000000016298145
78 71 -108351.3486410000041360
96 71 50496.8019491000013659
97 71 59946.4856505999996443
98 71 -2844.4846772699997928
101 71 -100035.7002050000010058
102 71 -124683.7960710000043036
103 71 -5666.6701999400002023
106 71 47387.9472581000009086
107 71 61307.8786894000004395
108 71 7915.7064580500000375
36 72 61254.2305081000013161
37 72 -93262.7378154000034556
38 72 3447.1970200499999919
41 72 -124683.7960710000043036
42 72 192952.9536049999878742
43 72 -8379.3621086700004525
46 72 59961.2532321999970009
47 72 -96073.4717871000029845
48 72 5293.1970023300000321
66 72 -0.0000000733416528
67 72 -192585.8068069999862928
68 72 -0.0000000034633558
71 72 0.0000000747386366
72 72 405840.2967710000229999
73 72 0.0000000047293724
77 72 -198458.8944149999879301
78 72 -0.0000000013387762
96 72 -61254.2305080000005546
97 72 -93262.7378153000026941
98 72 -3447.1970200499999919
101 72 124683.7960710000043036
102 72 192952.9536049999878742
103 72 8379.3621086599996488
106 72 -59961.2532321999970009
107 72 -96073.4717871000029845
108 72 -5293.1970023300000321
36 73 8980.5796096499998384
37 73 -5191.0586271900001520
38 73 -5472.9760372399996413
41 73 -5666.6701999400002023
42 73 8379.3621086700004525
43 73 -1399.8592730200000460
46 73 -1811.9935058399998979
47 73 -3549.3353951799999777
48 73 -4997.1360052800000631
66 73 -107808.7822659999947064
67 73 -0.0000000034342520
68 73 42380.9056079000001773
71 73 8661.0277211699994950
72 73 0.0000000047293724
73 73 130494.3531159999984084
76 73 96143.9227364999969723
77 73 -0.0000000013096724
78 73 42364.0505103999967105
96 73 8980.5796096499998384
97 73 5191.0586271900001520
98 73 -5472.9760372399996413
101 73 -5666.6701999400002023
102 73 -8379.3621086599996488
103 73 -1399.8592730299999403
106 73 -1811.9935058399998979
107 73 3549.3353951799999777
108 73 -4997.1360052800000631
39 74 -2189123.0020800000056624
40 74 822736.6489209999563172
44 74 3966932.9148599999025464
45 74 -230651.7925579999864567
69 74 -8054685.4550299998372793
70 74 -0.0000000325962901
74 74 17301431.4136000014841557
75 74 0.0000000558793545
99 74 -2189123.0020800000056624
100 74 -822736.6489209999563172
104 74 3966932.9148599999025464
105 74 230651.7925579999864567
39 75 516549.0653649999876507
40 75 -1310617.0924199998844415
44 75 230651.7925579999864567
45 75 1305791.1904700000304729
69 75 -0.0000000260770321
70 75 -1737889.5064600000623614
74 75 0.0000000558793545
75 75 6236210.4958199998363853
99 75 -516549.0653649999876507
100 75 -1310617.0924199998844415
104 75 -230651.7925579999864567
105 75 1305791.1904700000304729
41 76 47387.9472581000009086
42 76 -59961.2532321999970009
43 76 -1811.9935058399998979
46 76 -93765.1661429999949178
47 76 124555.6790860000037355
48 76 -5661.1047737500002768
71 76 -271004.6101759999874048
73 76 96143.9227364999969723
76 76 545077.8906949999509379
77 76 0.0000000018626451
78 76 8649.8968688700006169
101 76 47387.9472581000009086
102 76 59961.2532321999970009
103 76 -1811.9935058399998979
106 76 -93765.1661429999949178
107 76 -124555.6790860000037355
108 76 -5661.1047737500002768
41 77 61307.8786894000004395
42 77 -96073.4717871000029845
43 77 3549.3353951799999777
46 77 -124555.6790860000037355
47 77 198466.8596799999941140
48 77 -8675.1764623899998696
71 77 -0.0000000016298145
72 77 -198458.8944149999879301
73 77 -0.0000000013096724
76 77 0.0000000018626451
77 77 417175.0964989999774843
78 77 0.0000000013533281
101 77 -61307.8786894000004395
102 77 -96073.4717871000029845
103 77 -3549.3353951799999777
106 77 124555.6790860000037355
107 77 198466.8596799999941140
108 77 8675.1764624000006734
41 78 7915.7064580500000375
42 78 -5293.1970023300000321
43 78 -4997.1360052800000631
46 78 -5661.1047737500002768
47 78 8675.1764623899998696
48 78 -151.4182784010000091
71 78 -108351.3486410000041360
72 78 -0.0000000013387762
73 78 42364.0505103999967105
76 78 8649.8968688700006169
77 78 0.0000000013533281
78 78 131739.2748239999928046
101 78 7915.7064580400001432
102 78 5293.1970023300000321
103 78 -4997.1360052800000631
106 78 -5661.1047737500002768
107 78 -8675.1764623899998696
