1473 1473 34241
1 1 1011851.6091200000373647
2 1 4110093.4327199999243021
3 1 -0.0000000447034836
4 1 -311975.8907180000096560
5 1 -1184718.5723500000312924
6 1 0.0000000093132257
52 1 22134.9913962999999058
53 1 90320.9940529000014067
54 1 -18909.0650258999994549
55 1 -144050.0921549999911804
56 1 -547025.6664119999622926
57 1 358351.4615089999861084
1 2 4110093.4327199999243021
2 2 16788621.6609000004827976
3 2 -0.0000001937150955
4 2 -1184718.5723500000312924
5 2 -4498931.2873900001868606
6 2 0.0000000298023224
52 2 90320.9940529000014067
53 2 370626.6962150000035763
54 2 4631.2524344699995709
55 2 -547025.6664119999622926
56 2 -2077312.6572600000072271
57 2 1360828.3348399999085814
1 3 -0.0000000447034836
2 3 -0.0000001937150955
3 3 18240145.4814000017940998
4 3 0.0000000102445483
5 3 0.0000000335276127
6 3 758227.3411299999570474
52 3 18909.0650258999994549
53 3 -4631.2524345700003323
54 3 -5293544.0196200003847480
55 3 358351.4615089999861084
56 3 1360828.3348399999085814
57 3 -2284273.3393500000238419
1 4 -311975.8907180000096560
2 4 -1184718.5723500000312924
3 4 0.0000000102445483
4 4 2350262.3809600002132356
5 4 4600302.1249099997803569
6 4 -0.0000000242143869
7 4 0.0000000298023224
8 4 -0.0000001192092896
10 4 -413671.2436730000190437
11 4 -1334423.3666900000534952
12 4 0.0000000158324838
52 4 -144050.0921549999911804
53 4 -547025.6664119999622926
54 4 -358351.4615089999861084
55 4 -474420.9717350000282750
56 4 131724.7973270000074990
57 4 -23329.9193231999997806
58 4 800256.9045519999926910
59 4 8988441.9788499996066093
61 4 -193836.5593940000107978
62 4 -625279.2238519999664277
63 4 416676.2598170000128448
1 5 -1184718.5723500000312924
2 5 -4498931.2873900001868606
3 5 0.0000000335276127
4 5 4600302.1249099997803569
5 5 17048556.8253000006079674
6 5 -0.0000000819563866
7 5 0.0000000596046448
10 5 -1334423.3666900000534952
11 5 -4304591.5054500000551343
12 5 0.0000000484287739
52 5 -547025.6664119999622926
53 5 -2077312.6572600000072271
54 5 -1360828.3348399999085814
55 5 131724.7973270000074990
56 5 -28174.6046033999991778
57 5 6684.5470769399998971
58 5 -6040684.6817800002172589
59 5 -800256.9045519999926910
61 5 -625279.2238519999664277
62 5 -2017029.7543599999044091
63 5 1344116.9671499999240041
1 6 0.0000000093132257
2 6 0.0000000298023224
3 6 758227.3411299999570474
4 6 -0.0000000242143869
5 6 -0.0000000819563866
6 6 36176122.0894000008702278
10 6 0.0000000130385160
11 6 0.0000000372529030
12 6 830431.3069339999929070
52 6 -358351.4615089999861084
53 6 -1360828.3348399999085814
54 6 -2284273.3393500000238419
55 6 23329.9193231999997806
56 6 -6684.5470769699995799
57 6 -14301137.6218999996781349
61 6 416676.2598170000128448
62 6 1344116.9671499999240041
63 6 -2296979.4074800000526011
4 7 0.0000000298023224
5 7 0.0000000596046448
7 7 305878308.1740000247955322
8 7 66094123.1150000020861626
55 7 -800256.9045519999926910
56 7 6040684.6817800002172589
58 7 64525494.4570000022649765
59 7 -4237812.9936300003901124
4 8 -0.0000001192092896
7 8 66094123.1150000020861626
8 8 549336918.2749999761581421
55 8 -8988441.9788499996066093
56 8 800256.9045519999926910
58 8 -4237812.9936300003901124
59 8 48915452.1010999977588654
9 9 715555.5555559999775141
60 9 -357777.7777779999887571
4 10 -413671.2436730000190437
5 10 -1334423.3666900000534952
6 10 0.0000000130385160
10 10 1816739.3315000000875443
11 10 5341279.8786399997770786
12 10 -0.0000000353902578
13 10 -544032.4372300000395626
14 10 -1483724.8288100000936538
15 10 0.0000000223517418
55 10 -193836.5593940000107978
56 10 -625279.2238519999664277
57 10 -416676.2598170000128448
61 10 24667.0078012999983912
62 10 73754.1287473999982467
63 10 -27106.3754520000002231
64 10 -260348.2737039999919944
65 10 -710040.7464649999747053
66 10 484442.1984470000024885
4 11 -1334423.3666900000534952
5 11 -4304591.5054500000551343
6 11 0.0000000372529030
10 11 5341279.8786399997770786
11 11 15814018.0620000008493662
12 11 -0.0000001117587090
13 11 -1483724.8288100000936538
14 11 -4046522.2603899999521673
15 11 0.0000000596046448
55 11 -625279.2238519999664277
56 11 -2017029.7543599999044091
57 11 -1344116.9671499999240041
61 11 73754.1287473999982467
62 11 222052.3693649999913760
63 11 9164.3885548500002187
64 11 -710040.7464649999747053
65 11 -1936474.7630900000222027
66 11 1321205.9957600000780076
4 12 0.0000000158324838
5 12 0.0000000484287739
6 12 830431.3069339999929070
10 12 -0.0000000353902578
11 12 -0.0000001117587090
12 12 18448886.5843999981880188
13 12 0.0000000214204192
14 12 0.0000000558793545
15 12 931107.6936470000073314
55 12 -416676.2598170000128448
56 12 -1344116.9671499999240041
57 12 -2296979.4074800000526011
61 12 27106.3754520000002231
62 12 -9164.3885549000005994
63 12 -5492991.1441200003027916
64 12 484442.1984470000024885
65 12 1321205.9957600000780076
66 12 -2315242.2408900000154972
10 13 -544032.4372300000395626
11 13 -1483724.8288100000936538
12 13 0.0000000214204192
13 13 2558539.6218099999241531
14 13 6138307.6094899997115135
15 13 -0.0000000521540642
16 13 -759692.6125920000486076
17 13 -1651505.6795500000007451
18 13 0.0000000279396772
61 13 -260348.2737039999919944
62 13 -710040.7464649999747053
63 13 -484442.1984470000024885
64 13 12227.6197723000004771
65 13 33038.3525623000023188
66 13 -41457.2556897999966168
67 13 -379286.6320650000125170
68 13 -824536.1566630000015721
69 13 588085.3376710000447929
10 14 -1483724.8288100000936538
11 14 -4046522.2603899999521673
12 14 0.0000000558793545
13 14 6138307.6094899997115135
14 14 14915778.6681999992579222
15 14 -0.0000001266598701
16 14 -1651505.6795500000007451
17 14 -3590229.7381500001065433
18 14 0.0000000614672899
61 14 -710040.7464649999747053
62 14 -1936474.7630900000222027
63 14 -1321205.9957600000780076
64 14 33038.3525623000023188
65 14 89431.3340661999973236
66 14 17103.8438088000002608
67 14 -824536.1566630000015721
68 14 -1792469.9057899999897927
69 14 1278446.3862399999052286
10 15 0.0000000223517418
11 15 0.0000000596046448
12 15 931107.6936470000073314
13 15 -0.0000000521540642
14 15 -0.0000001266598701
15 15 18669379.7868999987840652
16 15 0.0000000288709998
17 15 0.0000000614672899
18 15 1124555.5347899999469519
61 15 -484442.1984470000024885
62 15 -1321205.9957600000780076
63 15 -2315242.2408900000154972
64 15 41457.2556897999966168
65 15 -17103.8438089000010223
66 15 -5695176.5586400004103780
67 15 588085.3376710000447929
68 15 1278446.3862399999052286
69 15 -2352102.7081300001591444
13 16 -759692.6125920000486076
14 16 -1651505.6795500000007451
15 16 0.0000000288709998
16 16 3880798.1611899998970330
17 16 7110485.9696699995547533
18 16 -0.0000000447034836
19 16 -1076372.3882800000719726
20 16 -1736084.4972200000192970
21 16 0.0000000260770321
64 16 -379286.6320650000125170
65 16 -824536.1566630000015721
66 16 -588085.3376710000447929
67 16 -52167.0393844999998691
68 16 -83826.4031562000018312
69 16 -61373.9859910000013770
70 16 -590912.9087099999887869
71 16 -953085.3366290000267327
72 16 741520.3026489999610931
13 17 -1651505.6795500000007451
14 17 -3590229.7381500001065433
15 17 0.0000000614672899
16 17 7110485.9696699995547533
17 17 13318817.2722999993711710
18 17 -0.0000000894069672
19 17 -1736084.4972200000192970
20 17 -2800136.2858400000259280
21 17 0.0000000428408384
64 17 -824536.1566630000015721
65 17 -1792469.9057899999897927
66 17 -1278446.3862399999052286
67 17 -83826.4031562000018312
68 17 -134521.3044330000120681
69 17 32978.3592395000014221
70 17 -953085.3366290000267327
71 17 -1537234.4139199999626726
72 17 1196000.4881400000303984
13 18 0.0000000279396772
14 18 0.0000000614672899
15 18 1124555.5347899999469519
16 18 -0.0000000447034836
17 18 -0.0000000894069672
18 18 19146980.3476999998092651
19 18 0.0000000186264515
20 18 0.0000000335276127
21 18 1520483.3955099999438971
64 18 -588085.3376710000447929
65 18 -1278446.3862399999052286
66 18 -2352102.7081300001591444
67 18 61373.9859910000013770
68 18 -32978.3592395000014221
69 18 -6109264.5497199995443225
70 18 741520.3026489999610931
71 18 1196000.4881400000303984
72 18 -2434642.3811599998734891
16 19 -1076372.3882800000719726
17 19 -1736084.4972200000192970
18 19 0.0000000186264515
19 19 6516876.4230399997904897
20 19 8531914.9689099993556738
21 19 -0.0000000223517418
22 19 -2626121.1772599997930229
23 19 -2984228.6105200001038611
24 19 0.0000000093132257
67 19 -590912.9087099999887869
68 19 -953085.3366290000267327
69 19 -741520.3026489999610931
70 19 222027.6778099999937695
71 19 227177.8126930000144057
72 19 -75251.5247453000047244
73 19 -1038306.1978499999968335
74 19 -1179893.4066500000189990
75 19 929649.1145120000001043
16 20 -1736084.4972200000192970
17 20 -2800136.2858400000259280
18 20 0.0000000335276127
19 20 8531914.9689099993556738
20 20 11512089.4984000008553267
21 20 -0.0000000372529030
22 20 -2984228.6105200001038611
23 20 -3391168.8755899998359382
24 20 0.0000000111758709
67 20 -953085.3366290000267327
68 20 -1537234.4139199999626726
69 20 -1196000.4881400000303984
70 20 227177.8126930000144057
71 20 217630.2075309999927413
72 20 55832.4159336000011535
73 20 -1179893.4066500000189990
74 20 -1340787.9620999998878688
75 20 1056419.4483099998906255
16 21 0.0000000260770321
17 21 0.0000000428408384
18 21 1520483.3955099999438971
19 21 -0.0000000223517418
20 21 -0.0000000372529030
21 21 18361731.7736000008881092
22 21 0.0000000018626451
23 21 0.0000000018626451
24 21 -125380.5539069999940693
67 21 -741520.3026489999610931
68 21 -1196000.4881400000303984
69 21 -2434642.3811599998734891
70 21 75251.5247453000047244
71 21 -55832.4159336000011535
72 21 -5287984.3619299996644258
73 21 929649.1145120000001043
74 21 1056419.4483099998906255
75 21 -2155790.5644999998621643
19 22 -2626121.1772599997930229
20 22 -2984228.6105200001038611
21 22 0.0000000018626451
22 22 11197028.9193999990820885
23 22 7624235.1211999999359250
24 22 -0.0000000149011612
25 22 -1154846.0093300000298768
26 22 -476225.1584879999863915
27 22 0.0000000093132257
70 22 -1038306.1978499999968335
71 22 -1179893.4066500000189990
72 22 -929649.1145120000001043
73 22 -908773.6351789999753237
74 22 -175831.8948580000142101
75 22 -148519.5695750000013504
76 22 -1760951.0333799999207258
77 22 -726165.3745900000212714
78 22 1300948.0384500001091510
19 23 -2984228.6105200001038611
20 23 -3391168.8755899998359382
21 23 0.0000000018626451
22 23 7624235.1211999999359250
23 23 6560950.4012000001966953
24 23 -0.0000000074505806
25 23 -476225.1584879999863915
26 23 -196381.5086550000123680
27 23 0.0000000037252903
70 23 -1179893.4066500000189990
71 23 -1340787.9620999998878688
72 23 -1056419.4483099998906255
73 23 -175831.8948580000142101
74 23 153537.5926299999991897
75 23 207978.4121570000133943
76 23 -726165.3745900000212714
77 23 -299449.6390060000121593
78 23 536473.4179180000210181
19 24 0.0000000093132257
20 24 0.0000000111758709
21 24 -125380.5539069999940693
22 24 -0.0000000149011612
23 24 -0.0000000074505806
24 24 21281133.3310999982059002
25 24 0.0000000037252903
26 24 0.0000000009313226
27 24 4075797.1865500002168119
70 24 -929649.1145120000001043
71 24 -1056419.4483099998906255
72 24 -2155790.5644999998621643
73 24 148519.5695750000013504
74 24 -207978.4121570000133943
75 24 -7295491.6464799996465445
76 24 1300948.0384500001091510
77 24 536473.4179180000210181
78 24 -3164492.7708999998867512
22 25 -1154846.0093300000298768
23 25 -476225.1584879999863915
24 25 0.0000000037252903
25 25 14087608.2600999996066093
26 25 -0.0000000223517418
27 25 -0.0000000074505806
28 25 -1154846.0093300000298768
29 25 476225.1584879999863915
30 25 0.0000000093132257
73 25 -1760951.0333799999207258
74 25 -726165.3745900000212714
75 25 -1300948.0384500001091510
76 25 -2367056.0539600001648068
77 25 0.0000000111758709
78 25 -0.0000000018626451
79 25 -1760951.0333799999207258
80 25 726165.3745900000212714
81 25 1300948.0384500001091510
22 26 -476225.1584879999863915
23 26 -196381.5086550000123680
24 26 0.0000000009313226
25 26 -0.0000000223517418
26 26 2395597.1108699999749660
28 26 476225.1584879999863915
29 26 -196381.5086550000123680
30 26 -0.0000000037252903
73 26 -726165.3745900000212714
74 26 -299449.6390060000121593
75 26 -536473.4179180000210181
76 26 0.0000000093132257
77 26 -402517.7687670000013895
78 26 429178.7343339999788441
79 26 726165.3745900000212714
80 26 -299449.6390060000121593
81 26 -536473.4179180000210181
22 27 0.0000000093132257
23 27 0.0000000037252903
24 27 4075797.1865500002168119
25 27 -0.0000000074505806
27 27 25315942.1546999998390675
28 27 0.0000000037252903
29 27 -0.0000000009313226
30 27 4075797.1865500002168119
73 27 -1300948.0384500001091510
74 27 -536473.4179180000210181
75 27 -3164492.7708999998867512
76 27 0.0000000018626451
77 27 -429178.7343339999788441
78 27 -10404782.7221000008285046
79 27 1300948.0384500001091510
80 27 -536473.4179180000210181
81 27 -3164492.7708999998867512
25 28 -1154846.0093300000298768
26 28 476225.1584879999863915
27 28 0.0000000037252903
28 28 11197028.9193999990820885
29 28 -7624235.1211999999359250
30 28 0.0000000149011612
31 28 -2626121.1772599997930229
32 28 2984228.6105200001038611
33 28 -0.0000000111758709
76 28 -1760951.0333799999207258
77 28 726165.3745900000212714
78 28 -1300948.0384500001091510
79 28 -908773.6351789999753237
80 28 175831.8948580000142101
81 28 148519.5695750000013504
82 28 -1038306.1978499999968335
83 28 1179893.4066500000189990
84 28 929649.1145120000001043
25 29 476225.1584879999863915
26 29 -196381.5086550000123680
27 29 -0.0000000009313226
28 29 -7624235.1211999999359250
29 29 6560950.4012000001966953
30 29 -0.0000000223517418
31 29 2984228.6105200001038611
32 29 -3391168.8755899998359382
33 29 0.0000000111758709
76 29 726165.3745900000212714
77 29 -299449.6390060000121593
78 29 536473.4179180000210181
79 29 175831.8948580000142101
80 29 153537.5926299999991897
81 29 207978.4121570000133943
82 29 1179893.4066500000189990
83 29 -1340787.9620999998878688
84 29 -1056419.4483099998906255
25 30 0.0000000093132257
26 30 -0.0000000037252903
27 30 4075797.1865500002168119
28 30 0.0000000149011612
29 30 -0.0000000223517418
30 30 21281133.3310999982059002
31 30 -0.0000000149011612
32 30 0.0000000167638063
33 30 -125380.5539069999940693
76 30 -1300948.0384500001091510
77 30 536473.4179180000210181
78 30 -3164492.7708999998867512
79 30 -148519.5695750000013504
80 30 -207978.4121570000133943
81 30 -7295491.6464799996465445
82 30 929649.1145120000001043
83 30 -1056419.4483099998906255
84 30 -2155790.5644999998621643
28 31 -2626121.1772599997930229
29 31 2984228.6105200001038611
30 31 -0.0000000149011612
31 31 6516876.4230399997904897
32 31 -8531914.9689099993556738
33 31 0.0000000260770321
34 31 -1076372.3882800000719726
35 31 1736084.4972200000192970
36 31 -0.0000000130385160
79 31 -1038306.1978499999968335
80 31 1179893.4066500000189990
81 31 -929649.1145120000001043
82 31 222027.6778099999937695
83 31 -227177.8126930000144057
84 31 75251.5247453000047244
85 31 -590912.9087099999887869
86 31 953085.3366290000267327
87 31 741520.3026489999610931
28 32 2984228.6105200001038611
29 32 -3391168.8755899998359382
30 32 0.0000000167638063
31 32 -8531914.9689099993556738
32 32 11512089.4984000008553267
33 32 -0.0000000372529030
34 32 1736084.4972200000192970
35 32 -2800136.2858400000259280
36 32 0.0000000204890966
79 32 1179893.4066500000189990
80 32 -1340787.9620999998878688
81 32 1056419.4483099998906255
82 32 -227177.8126930000144057
83 32 217630.2075309999927413
84 32 55832.4159336000011535
85 32 953085.3366290000267327
86 32 -1537234.4139199999626726
87 32 -1196000.4881400000303984
28 33 -0.0000000111758709
29 33 0.0000000111758709
30 33 -125380.5539069999940693
31 33 0.0000000260770321
32 33 -0.0000000372529030
33 33 18361731.7736000008881092
34 33 -0.0000000167638063
35 33 0.0000000279396772
36 33 1520483.3955099999438971
79 33 -929649.1145120000001043
80 33 1056419.4483099998906255
81 33 -2155790.5644999998621643
82 33 -75251.5247453000047244
83 33 -55832.4159336000011535
84 33 -5287984.3619299996644258
85 33 741520.3026489999610931
86 33 -1196000.4881400000303984
87 33 -2434642.3811599998734891
31 34 -1076372.3882800000719726
32 34 1736084.4972200000192970
33 34 -0.0000000167638063
34 34 3880798.1611899998970330
35 34 -7110485.9696699995547533
36 34 0.0000000260770321
37 34 -759692.6125920000486076
38 34 1651505.6795500000007451
39 34 -0.0000000167638063
82 34 -590912.9087099999887869
83 34 953085.3366290000267327
84 34 -741520.3026489999610931
85 34 -52167.0393844999998691
86 34 83826.4031562000018312
87 34 61373.9859910000013770
88 34 -379286.6320650000125170
89 34 824536.1566630000015721
90 34 588085.3376710000447929
31 35 1736084.4972200000192970
32 35 -2800136.2858400000259280
33 35 0.0000000279396772
34 35 -7110485.9696699995547533
35 35 13318817.2722999993711710
36 35 -0.0000000447034836
37 35 1651505.6795500000007451
38 35 -3590229.7381500001065433
39 35 0.0000000372529030
82 35 953085.3366290000267327
83 35 -1537234.4139199999626726
84 35 1196000.4881400000303984
85 35 83826.4031562000018312
86 35 -134521.3044330000120681
87 35 32978.3592395000014221
88 35 824536.1566630000015721
89 35 -1792469.9057899999897927
90 35 -1278446.3862399999052286
31 36 -0.0000000130385160
32 36 0.0000000204890966
33 36 1520483.3955099999438971
34 36 0.0000000260770321
35 36 -0.0000000447034836
36 36 19146980.3476999998092651
37 36 -0.0000000214204192
38 36 0.0000000484287739
39 36 1124555.5347899999469519
82 36 -741520.3026489999610931
83 36 1196000.4881400000303984
84 36 -2434642.3811599998734891
85 36 -61373.9859910000013770
86 36 -32978.3592395000014221
87 36 -6109264.5497199995443225
88 36 588085.3376710000447929
89 36 -1278446.3862399999052286
90 36 -2352102.7081300001591444
34 37 -759692.6125920000486076
35 37 1651505.6795500000007451
36 37 -0.0000000214204192
37 37 2558539.6218099999241531
38 37 -6138307.6094899997115135
39 37 0.0000000428408384
40 37 -544032.4372300000395626
41 37 1483724.8288100000936538
42 37 -0.0000000242143869
85 37 -379286.6320650000125170
86 37 824536.1566630000015721
87 37 -588085.3376710000447929
88 37 12227.6197723000004771
89 37 -33038.3525623000023188
90 37 41457.2556897999966168
91 37 -260348.2737039999919944
92 37 710040.7464649999747053
93 37 484442.1984470000024885
34 38 1651505.6795500000007451
35 38 -3590229.7381500001065433
36 38 0.0000000484287739
37 38 -6138307.6094899997115135
38 38 14915778.6681999992579222
39 38 -0.0000001192092896
40 38 1483724.8288100000936538
41 38 -4046522.2603899999521673
42 38 0.0000000707805157
85 38 824536.1566630000015721
86 38 -1792469.9057899999897927
87 38 1278446.3862399999052286
88 38 -33038.3525623000023188
89 38 89431.3340661999973236
90 38 17103.8438088000002608
91 38 710040.7464649999747053
92 38 -1936474.7630900000222027
93 38 -1321205.9957600000780076
34 39 -0.0000000167638063
35 39 0.0000000372529030
36 39 1124555.5347899999469519
37 39 0.0000000428408384
38 39 -0.0000001192092896
39 39 18669379.7868999987840652
40 39 -0.0000000260770321
41 39 0.0000000745058060
42 39 931107.6936470000073314
85 39 -588085.3376710000447929
86 39 1278446.3862399999052286
87 39 -2352102.7081300001591444
88 39 -41457.2556897999966168
89 39 -17103.8438089000010223
90 39 -5695176.5586400004103780
91 39 484442.1984470000024885
92 39 -1321205.9957600000780076
93 39 -2315242.2408900000154972
37 40 -544032.4372300000395626
38 40 1483724.8288100000936538
39 40 -0.0000000260770321
40 40 1816739.3315000000875443
41 40 -5341279.8786399997770786
42 40 0.0000000391155481
43 40 -413671.2436730000190437
44 40 1334423.3666900000534952
45 40 -0.0000000083819032
88 40 -260348.2737039999919944
89 40 710040.7464649999747053
90 40 -484442.1984470000024885
91 40 24667.0078012999983912
92 40 -73754.1287474999990081
93 40 27106.3754520000002231
94 40 -193836.5593940000107978
95 40 625279.2238519999664277
96 40 416676.2598170000128448
37 41 1483724.8288100000936538
38 41 -4046522.2603899999521673
39 41 0.0000000745058060
40 41 -5341279.8786399997770786
41 41 15814018.0620000008493662
42 41 -0.0000001192092896
43 41 1334423.3666900000534952
44 41 -4304591.5054500000551343
45 41 0.0000000298023224
88 41 710040.7464649999747053
89 41 -1936474.7630900000222027
90 41 1321205.9957600000780076
91 41 -73754.1287474999990081
92 41 222052.3693649999913760
93 41 9164.3885548599992035
94 41 625279.2238519999664277
95 41 -2017029.7543599999044091
96 41 -1344116.9671499999240041
37 42 -0.0000000242143869
38 42 0.0000000707805157
39 42 931107.6936470000073314
40 42 0.0000000391155481
41 42 -0.0000001192092896
42 42 18448886.5843999981880188
43 42 -0.0000000111758709
44 42 0.0000000372529030
45 42 830431.3069339999929070
88 42 -484442.1984470000024885
89 42 1321205.9957600000780076
90 42 -2315242.2408900000154972
91 42 -27106.3754520000002231
92 42 -9164.3885549099995842
93 42 -5492991.1441200003027916
94 42 416676.2598170000128448
95 42 -1344116.9671499999240041
96 42 -2296979.4074800000526011
40 43 -413671.2436730000190437
41 43 1334423.3666900000534952
42 43 -0.0000000111758709
43 43 2350262.7804899998009205
44 43 -4600302.8607499999925494
45 43 0.0000000204890966
46 43 -0.0000000074505806
49 43 -311975.8907180000096560
50 43 1184718.5723500000312924
51 43 -0.0000000111758709
91 43 -193836.5593940000107978
92 43 625279.2238519999664277
93 43 -416676.2598170000128448
94 43 -474421.1714999999967404
95 43 -131724.4294069999887142
96 43 23329.9193231999997806
97 43 -800250.2819910000544041
98 43 8988445.5746199991554022
100 43 -144050.0921549999911804
101 43 547025.6664119999622926
102 43 358351.4615089999861084
40 44 1334423.3666900000534952
41 44 -4304591.5054500000551343
42 44 0.0000000372529030
43 44 -4600302.8607499999925494
44 44 17048556.4257999993860722
45 44 -0.0000000745058060
46 44 0.0000000596046448
47 44 0.0000000074505806
49 44 1184718.5723500000312924
50 44 -4498931.2873900001868606
51 44 0.0000000372529030
91 44 625279.2238519999664277
92 44 -2017029.7543599999044091
93 44 1344116.9671499999240041
94 44 -131724.4294069999887142
95 44 -28174.4048385999994935
96 44 6684.5470769499997914
97 44 -6040681.0860099997371435
98 44 800250.2819910000544041
100 44 547025.6664119999622926
101 44 -2077312.6572600000072271
102 44 -1360828.3348399999085814
40 45 -0.0000000083819032
41 45 0.0000000298023224
42 45 830431.3069339999929070
43 45 0.0000000204890966
44 45 -0.0000000745058060
45 45 36176122.0894000008702278
49 45 -0.0000000139698386
50 45 0.0000000484287739
51 45 758227.3411299999570474
91 45 -416676.2598170000128448
92 45 1344116.9671499999240041
93 45 -2296979.4074800000526011
94 45 -23329.9193231999997806
95 45 -6684.5470769800003836
96 45 -14301137.6218999996781349
100 45 358351.4615089999861084
101 45 -1360828.3348399999085814
102 45 -2284273.3393500000238419
43 46 -0.0000000074505806
44 46 0.0000000596046448
46 46 305878011.1959999799728394
47 46 -66093576.1502000018954277
94 46 800250.2819910000544041
95 46 6040681.0860099997371435
97 46 64525513.4985999986529350
98 46 4237777.9234199998900294
44 47 0.0000000074505806
46 47 -66093576.1502000018954277
47 47 549337215.2539999485015869
94 47 -8988445.5746199991554022
95 47 -800250.2819910000544041
97 47 4237777.9234199998900294
98 47 48915433.0595000013709068
48 48 715555.5555559999775141
99 48 -357777.7777779999887571
43 49 -311975.8907180000096560
44 49 1184718.5723500000312924
45 49 -0.0000000139698386
49 49 1011851.6091200000373647
50 49 -4110093.4327199999243021
51 49 0.0000000596046448
94 49 -144050.0921549999911804
95 49 547025.6664119999622926
96 49 -358351.4615089999861084
100 49 22134.9913962999999058
101 49 -90320.9940529000014067
102 49 18909.0650258999994549
43 50 1184718.5723500000312924
44 50 -4498931.2873900001868606
45 50 0.0000000484287739
49 50 -4110093.4327199999243021
50 50 16788621.6609000004827976
51 50 -0.0000002458691597
94 50 547025.6664119999622926
95 50 -2077312.6572600000072271
96 50 1360828.3348399999085814
100 50 -90320.9940529000014067
101 50 370626.6962150000035763
102 50 4631.2524344699995709
43 51 -0.0000000111758709
44 51 0.0000000372529030
45 51 758227.3411299999570474
49 51 0.0000000596046448
50 51 -0.0000002458691597
51 51 18240145.4814000017940998
94 51 -358351.4615089999861084
95 51 1360828.3348399999085814
96 51 -2284273.3393500000238419
100 51 -18909.0650258999994549
101 51 -4631.2524345800002266
102 51 -5293544.0196200003847480
1 52 22134.9913962999999058
2 52 90320.9940529000014067
3 52 18909.0650258999994549
4 52 -144050.0921549999911804
5 52 -547025.6664119999622926
6 52 -358351.4615089999861084
52 52 1011851.6091200000373647
53 52 4110093.4327199999243021
54 52 -0.0000000447034836
55 52 -311975.8907180000096560
56 52 -1184718.5723500000312924
57 52 0.0000000102445483
103 52 22134.9913962999999058
104 52 90320.9940529000014067
105 52 -18909.0650258999994549
106 52 -144050.0921549999911804
107 52 -547025.6664119999622926
108 52 358351.4615089999861084
1 53 90320.9940529000014067
2 53 370626.6962150000035763
3 53 -4631.2524345700003323
4 53 -547025.6664119999622926
5 53 -2077312.6572600000072271
6 53 -1360828.3348399999085814
52 53 4110093.4327199999243021
53 53 16788621.6609000004827976
54 53 -0.0000001937150955
55 53 -1184718.5723500000312924
56 53 -4498931.2873900001868606
57 53 0.0000000335276127
103 53 90320.9940529000014067
104 53 370626.6962150000035763
105 53 4631.2524344699995709
106 53 -547025.6664119999622926
107 53 -2077312.6572600000072271
108 53 1360828.3348399999085814
1 54 -18909.0650258999994549
2 54 4631.2524344699995709
3 54 -5293544.0196200003847480
4 54 -358351.4615089999861084
5 54 -1360828.3348399999085814
6 54 -2284273.3393500000238419
52 54 -0.0000000447034836
53 54 -0.0000001937150955
54 54 18240145.4814000017940998
55 54 0.0000000093132257
56 54 0.0000000298023224
57 54 758227.3411299999570474
103 54 18909.0650258999994549
104 54 -4631.2524345700003323
105 54 -5293544.0196200003847480
106 54 358351.4615089999861084
107 54 1360828.3348399999085814
108 54 -2284273.3393500000238419
1 55 -144050.0921549999911804
2 55 -547025.6664119999622926
3 55 358351.4615089999861084
4 55 -474420.9717350000282750
5 55 131724.7973270000074990
6 55 23329.9193231999997806
7 55 -800256.9045519999926910
8 55 -8988441.9788499996066093
10 55 -193836.5593940000107978
11 55 -625279.2238519999664277
12 55 -416676.2598170000128448
52 55 -311975.8907180000096560
53 55 -1184718.5723500000312924
54 55 0.0000000093132257
55 55 2350262.3809600002132356
56 55 4600302.1249099997803569
57 55 -0.0000000260770321
58 55 0.0000000298023224
59 55 -0.0000001192092896
61 55 -413671.2436730000190437
62 55 -1334423.3666900000534952
63 55 0.0000000158324838
103 55 -144050.0921549999911804
104 55 -547025.6664119999622926
105 55 -358351.4615089999861084
106 55 -474420.9717350000282750
107 55 131724.7973270000074990
108 55 -23329.9193231999997806
109 55 800256.9045519999926910
110 55 8988441.9788499996066093
112 55 -193836.5593940000107978
113 55 -625279.2238519999664277
114 55 416676.2598170000128448
1 56 -547025.6664119999622926
2 56 -2077312.6572600000072271
3 56 1360828.3348399999085814
4 56 131724.7973270000074990
5 56 -28174.6046033999991778
6 56 -6684.5470769699995799
7 56 6040684.6817800002172589
8 56 800256.9045519999926910
10 56 -625279.2238519999664277
11 56 -2017029.7543599999044091
12 56 -1344116.9671499999240041
52 56 -1184718.5723500000312924
53 56 -4498931.2873900001868606
54 56 0.0000000298023224
55 56 4600302.1249099997803569
56 56 17048556.8253000006079674
57 56 -0.0000000894069672
58 56 0.0000000596046448
61 56 -1334423.3666900000534952
62 56 -4304591.5054500000551343
63 56 0.0000000484287739
103 56 -547025.6664119999622926
104 56 -2077312.6572600000072271
105 56 -1360828.3348399999085814
106 56 131724.7973270000074990
107 56 -28174.6046032999984163
108 56 6684.5470769399998971
109 56 -6040684.6817800002172589
110 56 -800256.9045519999926910
112 56 -625279.2238519999664277
113 56 -2017029.7543599999044091
114 56 1344116.9671499999240041
1 57 358351.4615089999861084
2 57 1360828.3348399999085814
3 57 -2284273.3393500000238419
4 57 -23329.9193231999997806
5 57 6684.5470769399998971
6 57 -14301137.6218999996781349
10 57 -416676.2598170000128448
11 57 -1344116.9671499999240041
12 57 -2296979.4074800000526011
52 57 0.0000000102445483
53 57 0.0000000335276127
54 57 758227.3411299999570474
55 57 -0.0000000260770321
56 57 -0.0000000894069672
57 57 36176122.0894000008702278
61 57 0.0000000130385160
62 57 0.0000000372529030
63 57 830431.3069339999929070
103 57 -358351.4615089999861084
104 57 -1360828.3348399999085814
105 57 -2284273.3393500000238419
106 57 23329.9193231999997806
107 57 -6684.5470769699995799
108 57 -14301137.6218999996781349
112 57 416676.2598170000128448
113 57 1344116.9671499999240041
114 57 -2296979.4074800000526011
4 58 800256.9045519999926910
5 58 -6040684.6817800002172589
7 58 64525494.4570000022649765
8 58 -4237812.9936300003901124
55 58 0.0000000298023224
56 58 0.0000000596046448
58 58 305878308.1740000247955322
59 58 66094123.1150000020861626
106 58 -800256.9045519999926910
107 58 6040684.6817800002172589
109 58 64525494.4570000022649765
110 58 -4237812.9936300003901124
4 59 8988441.9788499996066093
5 59 -800256.9045519999926910
7 59 -4237812.9936300003901124
8 59 48915452.1010999977588654
55 59 -0.0000001192092896
58 59 66094123.1150000020861626
59 59 549336918.2749999761581421
106 59 -8988441.9788499996066093
107 59 800256.9045519999926910
109 59 -4237812.9936300003901124
110 59 48915452.1010999977588654
9 60 -357777.7777779999887571
60 60 715555.5555559999775141
111 60 -357777.7777779999887571
4 61 -193836.5593940000107978
5 61 -625279.2238519999664277
6 61 416676.2598170000128448
10 61 24667.0078012999983912
11 61 73754.1287473999982467
12 61 27106.3754520000002231
13 61 -260348.2737039999919944
14 61 -710040.7464649999747053
15 61 -484442.1984470000024885
55 61 -413671.2436730000190437
56 61 -1334423.3666900000534952
57 61 0.0000000130385160
61 61 1816739.3315000000875443
62 61 5341279.8786399997770786
63 61 -0.0000000353902578
64 61 -544032.4372300000395626
65 61 -1483724.8288100000936538
66 61 0.0000000223517418
106 61 -193836.5593940000107978
107 61 -625279.2238519999664277
108 61 -416676.2598170000128448
112 61 24667.0078012999983912
113 61 73754.1287474999990081
114 61 -27106.3754520000002231
115 61 -260348.2737039999919944
116 61 -710040.7464649999747053
117 61 484442.1984470000024885
4 62 -625279.2238519999664277
5 62 -2017029.7543599999044091
6 62 1344116.9671499999240041
10 62 73754.1287473999982467
11 62 222052.3693649999913760
12 62 -9164.3885549000005994
13 62 -710040.7464649999747053
14 62 -1936474.7630900000222027
15 62 -1321205.9957600000780076
55 62 -1334423.3666900000534952
56 62 -4304591.5054500000551343
57 62 0.0000000372529030
61 62 5341279.8786399997770786
62 62 15814018.0620000008493662
63 62 -0.0000001117587090
64 62 -1483724.8288100000936538
65 62 -4046522.2603899999521673
66 62 0.0000000596046448
106 62 -625279.2238519999664277
107 62 -2017029.7543599999044091
108 62 -1344116.9671499999240041
112 62 73754.1287474999990081
113 62 222052.3693649999913760
114 62 9164.3885548500002187
115 62 -710040.7464649999747053
116 62 -1936474.7630900000222027
117 62 1321205.9957600000780076
4 63 416676.2598170000128448
5 63 1344116.9671499999240041
6 63 -2296979.4074800000526011
10 63 -27106.3754520000002231
11 63 9164.3885548500002187
12 63 -5492991.1441200003027916
13 63 -484442.1984470000024885
14 63 -1321205.9957600000780076
15 63 -2315242.2408900000154972
55 63 0.0000000158324838
56 63 0.0000000484287739
57 63 830431.3069339999929070
61 63 -0.0000000353902578
62 63 -0.0000001117587090
63 63 18448886.5843999981880188
64 63 0.0000000186264515
65 63 0.0000000484287739
66 63 931107.6936470000073314
106 63 -416676.2598170000128448
107 63 -1344116.9671499999240041
108 63 -2296979.4074800000526011
112 63 27106.3754520000002231
113 63 -9164.3885549099995842
114 63 -5492991.1441200003027916
115 63 484442.1984470000024885
116 63 1321205.9957600000780076
117 63 -2315242.2408900000154972
10 64 -260348.2737039999919944
11 64 -710040.7464649999747053
12 64 484442.1984470000024885
13 64 12227.6197723000004771
14 64 33038.3525623000023188
15 64 41457.2556897999966168
16 64 -379286.6320650000125170
17 64 -824536.1566630000015721
18 64 -588085.3376710000447929
61 64 -544032.4372300000395626
62 64 -1483724.8288100000936538
63 64 0.0000000186264515
64 64 2558539.6218099999241531
65 64 6138307.6094899997115135
66 64 -0.0000000484287739
67 64 -759692.6125920000486076
68 64 -1651505.6795500000007451
69 64 0.0000000298023224
112 64 -260348.2737039999919944
113 64 -710040.7464649999747053
114 64 -484442.1984470000024885
115 64 12227.6197723000004771
116 64 33038.3525623000023188
117 64 -41457.2556897999966168
118 64 -379286.6320650000125170
119 64 -824536.1566630000015721
120 64 588085.3376710000447929
10 65 -710040.7464649999747053
11 65 -1936474.7630900000222027
12 65 1321205.9957600000780076
13 65 33038.3525623000023188
14 65 89431.3340661999973236
15 65 -17103.8438089000010223
16 65 -824536.1566630000015721
17 65 -1792469.9057899999897927
18 65 -1278446.3862399999052286
61 65 -1483724.8288100000936538
62 65 -4046522.2603899999521673
63 65 0.0000000484287739
64 65 6138307.6094899997115135
65 65 14915778.6681999992579222
66 65 -0.0000001192092896
67 65 -1651505.6795500000007451
68 65 -3590229.7381500001065433
69 65 0.0000000633299351
112 65 -710040.7464649999747053
113 65 -1936474.7630900000222027
114 65 -1321205.9957600000780076
115 65 33038.3525623000023188
116 65 89431.3340661999973236
117 65 17103.8438088000002608
118 65 -824536.1566630000015721
119 65 -1792469.9057899999897927
120 65 1278446.3862399999052286
10 66 484442.1984470000024885
11 66 1321205.9957600000780076
12 66 -2315242.2408900000154972
13 66 -41457.2556897999966168
14 66 17103.8438088000002608
15 66 -5695176.5586400004103780
16 66 -588085.3376710000447929
17 66 -1278446.3862399999052286
18 66 -2352102.7081300001591444
61 66 0.0000000223517418
62 66 0.0000000596046448
63 66 931107.6936470000073314
64 66 -0.0000000484287739
65 66 -0.0000001192092896
66 66 18669379.7868999987840652
67 66 0.0000000270083547
68 66 0.0000000577419996
69 66 1124555.5347899999469519
112 66 -484442.1984470000024885
113 66 -1321205.9957600000780076
114 66 -2315242.2408900000154972
115 66 41457.2556897999966168
116 66 -17103.8438089000010223
117 66 -5695176.5586400004103780
118 66 588085.3376710000447929
119 66 1278446.3862399999052286
120 66 -2352102.7081300001591444
13 67 -379286.6320650000125170
14 67 -824536.1566630000015721
15 67 588085.3376710000447929
16 67 -52167.0393844999998691
17 67 -83826.4031562000018312
18 67 61373.9859910000013770
19 67 -590912.9087099999887869
20 67 -953085.3366290000267327
21 67 -741520.3026489999610931
64 67 -759692.6125920000486076
65 67 -1651505.6795500000007451
66 67 0.0000000270083547
67 67 3880798.1611899998970330
68 67 7110485.9696699995547533
69 67 -0.0000000409781933
70 67 -1076372.3882800000719726
71 67 -1736084.4972200000192970
72 67 0.0000000223517418
115 67 -379286.6320650000125170
116 67 -824536.1566630000015721
117 67 -588085.3376710000447929
118 67 -52167.0393844999998691
119 67 -83826.4031562000018312
120 67 -61373.9859910000013770
121 67 -590912.9087099999887869
122 67 -953085.3366290000267327
123 67 741520.3026489999610931
13 68 -824536.1566630000015721
14 68 -1792469.9057899999897927
15 68 1278446.3862399999052286
16 68 -83826.4031562000018312
17 68 -134521.3044330000120681
18 68 -32978.3592395000014221
19 68 -953085.3366290000267327
20 68 -1537234.4139199999626726
21 68 -1196000.4881400000303984
64 68 -1651505.6795500000007451
65 68 -3590229.7381500001065433
66 68 0.0000000577419996
67 68 7110485.9696699995547533
68 68 13318817.2722999993711710
69 68 -0.0000000819563866
70 68 -1736084.4972200000192970
71 68 -2800136.2858400000259280
72 68 0.0000000372529030
115 68 -824536.1566630000015721
116 68 -1792469.9057899999897927
117 68 -1278446.3862399999052286
118 68 -83826.4031562000018312
119 68 -134521.3044330000120681
120 68 32978.3592395000014221
121 68 -953085.3366290000267327
122 68 -1537234.4139199999626726
123 68 1196000.4881400000303984
13 69 588085.3376710000447929
14 69 1278446.3862399999052286
15 69 -2352102.7081300001591444
16 69 -61373.9859910000013770
17 69 32978.3592395000014221
18 69 -6109264.5497199995443225
19 69 -741520.3026489999610931
20 69 -1196000.4881400000303984
21 69 -2434642.3811599998734891
64 69 0.0000000298023224
65 69 0.0000000633299351
66 69 1124555.5347899999469519
67 69 -0.0000000409781933
68 69 -0.0000000819563866
69 69 19146980.3476999998092651
70 69 0.0000000167638063
71 69 0.0000000298023224
72 69 1520483.3955099999438971
115 69 -588085.3376710000447929
116 69 -1278446.3862399999052286
117 69 -2352102.7081300001591444
118 69 61373.9859910000013770
119 69 -32978.3592395000014221
120 69 -6109264.5497199995443225
121 69 741520.3026489999610931
122 69 1196000.4881400000303984
123 69 -2434642.3811599998734891
16 70 -590912.9087099999887869
17 70 -953085.3366290000267327
18 70 741520.3026489999610931
19 70 222027.6778099999937695
20 70 227177.8126930000144057
21 70 75251.5247453000047244
22 70 -1038306.1978499999968335
23 70 -1179893.4066500000189990
24 70 -929649.1145120000001043
67 70 -1076372.3882800000719726
68 70 -1736084.4972200000192970
69 70 0.0000000167638063
70 70 6516876.4230399997904897
71 70 8531914.9689099993556738
72 70 -0.0000000260770321
73 70 -2626121.1772599997930229
74 70 -2984228.6105200001038611
75 70 0.0000000111758709
118 70 -590912.9087099999887869
119 70 -953085.3366290000267327
120 70 -741520.3026489999610931
121 70 222027.6778099999937695
122 70 227177.8126930000144057
123 70 -75251.5247453000047244
124 70 -1038306.1978499999968335
125 70 -1179893.4066500000189990
126 70 929649.1145120000001043
16 71 -953085.3366290000267327
17 71 -1537234.4139199999626726
18 71 1196000.4881400000303984
19 71 227177.8126930000144057
20 71 217630.2075309999927413
21 71 -55832.4159336000011535
22 71 -1179893.4066500000189990
23 71 -1340787.9620999998878688
24 71 -1056419.4483099998906255
67 71 -1736084.4972200000192970
68 71 -2800136.2858400000259280
69 71 0.0000000298023224
70 71 8531914.9689099993556738
71 71 11512089.4984000008553267
72 71 -0.0000000372529030
73 71 -2984228.6105200001038611
74 71 -3391168.8755899998359382
75 71 0.0000000149011612
118 71 -953085.3366290000267327
119 71 -1537234.4139199999626726
120 71 -1196000.4881400000303984
121 71 227177.8126930000144057
122 71 217630.2075309999927413
123 71 55832.4159336000011535
124 71 -1179893.4066500000189990
125 71 -1340787.9620999998878688
126 71 1056419.4483099998906255
16 72 741520.3026489999610931
17 72 1196000.4881400000303984
18 72 -2434642.3811599998734891
19 72 -75251.5247453000047244
20 72 55832.4159336000011535
21 72 -5287984.3619299996644258
22 72 -929649.1145120000001043
23 72 -1056419.4483099998906255
24 72 -2155790.5644999998621643
67 72 0.0000000223517418
68 72 0.0000000372529030
69 72 1520483.3955099999438971
70 72 -0.0000000260770321
71 72 -0.0000000372529030
72 72 18361731.7736000008881092
73 72 0.0000000018626451
74 72 0.0000000018626451
75 72 -125380.5539069999940693
118 72 -741520.3026489999610931
119 72 -1196000.4881400000303984
120 72 -2434642.3811599998734891
121 72 75251.5247453000047244
122 72 -55832.4159336000011535
123 72 -5287984.3619299996644258
124 72 929649.1145120000001043
125 72 1056419.4483099998906255
126 72 -2155790.5644999998621643
19 73 -1038306.1978499999968335
20 73 -1179893.4066500000189990
21 73 929649.1145120000001043
22 73 -908773.6351789999753237
23 73 -175831.8948580000142101
24 73 148519.5695750000013504
25 73 -1760951.0333799999207258
26 73 -726165.3745900000212714
27 73 -1300948.0384500001091510
70 73 -2626121.1772599997930229
71 73 -2984228.6105200001038611
72 73 0.0000000018626451
73 73 11197028.9193999990820885
74 73 7624235.1211999999359250
76 73 -1154846.0093300000298768
77 73 -476225.1584879999863915
121 73 -1038306.1978499999968335
122 73 -1179893.4066500000189990
123 73 -929649.1145120000001043
124 73 -908773.6351789999753237
125 73 -175831.8948580000142101
126 73 -148519.5695750000013504
