588 588 21418
1 1 36487.0271500000017113
2 1 0.0000164980471100
3 1 -2885.3799090000002252
4 1 32.6100658100000018
19 1 -4001.0493679999999586
20 1 1300.0196829999999864
22 1 -937.5152842999999621
23 1 -2885.3754939999998896
24 1 -32.6100645400000033
25 1 -31039.3065199999982724
26 1 -0.0016430804630000
28 1 -0.0011020241060000
29 1 25873.0218800000002375
30 1 -0.0000012670495620
31 1 4001.0533959999997933
32 1 1300.0205849999999828
34 1 1708.2467859999999291
35 1 -5257.4449100000001636
36 1 -424.6103855000000067
37 1 4001.0493679999999586
38 1 -1300.0196829999999864
40 1 -1708.2461209999999028
41 1 -5257.4412140000004001
42 1 424.6103689999999915
1 2 0.0000164980471100
2 2 171387.7145000000018626
3 2 -32.6100661799999969
4 2 83120.3383800000010524
19 2 25749.2279200000011770
20 2 -8366.4309159999993426
22 2 10.5956519799999995
23 2 32.6100652000000011
24 2 83120.3647099999943748
25 2 -0.0008966133851000
26 2 16466.1438999999991211
28 2 21.1913040899999991
29 2 0.0000012670495530
30 2 -167831.4733000000123866
31 2 25338.7917500000003201
32 2 8233.0695450000002893
34 2 137.9642292000000054
35 2 -424.6103901999999835
36 2 -82231.2779500000033295
37 2 -25338.7910799999990559
38 2 8233.0719079999998939
40 2 137.9642682999999863
41 2 424.6103775000000269
42 2 -82231.3045600000041304
1 3 -2885.3799090000002252
2 3 -32.6100661799999969
3 3 36487.0271199999988312
4 3 -0.0000344485248200
5 3 -2885.3712129999998979
6 3 32.6100635299999979
25 3 4001.0533959999997933
26 3 -1300.0207370000000537
28 3 -1708.2469869999999901
29 3 -5257.4449100000001636
30 3 424.6103901999999835
31 3 -31039.3058500000006461
32 3 0.0034328210870000
34 3 0.0023346231240000
35 3 25873.0205300000015995
36 3 0.0000026456457500
43 3 4001.0454620000000432
44 3 1300.0189109999998891
46 3 1708.2456079999999474
47 3 -5257.4376290000000154
48 3 -424.6103557999999794
1 4 32.6100658100000018
2 4 83120.3383800000010524
3 4 -0.0000344485248200
4 4 171387.7404000000096858
5 4 -32.6100640100000021
6 4 83120.3902099999977509
25 4 -25338.7914600000003702
26 4 8233.0704200000000128
28 4 137.9642439000000138
29 4 424.6103855000000067
30 4 -82231.2779500000033295
31 4 0.0018826365330000
32 4 16466.1454699999994773
34 4 21.1913060900000012
35 4 -0.0000026456457560
36 4 -167831.4997999999905005
43 4 25338.7902399999984482
44 4 8233.0747790000004898
46 4 137.9643159999999966
47 4 -424.6103620000000092
48 4 -82231.3303400000004331
3 5 -2885.3712129999998979
4 5 -32.6100640100000021
5 5 36487.0272400000030757
6 5 0.0000148705037200
7 5 -2885.3754619999999704
8 5 32.6100651499999969
31 5 4001.0454620000000432
32 5 -1300.0191110000000663
34 5 -1708.2458719999999630
35 5 -5257.4376290000000154
36 5 424.6103620000000092
43 5 -31039.3052800000004936
44 5 -0.0014799563900000
46 5 -0.0009760516555000
47 5 25873.0192199999983131
48 5 -0.0000011420542780
49 5 4001.0493369999999231
50 5 1300.0199520000001030
52 5 1708.2464769999999135
53 5 -5257.4411840000002485
54 5 -424.6103769000000057
3 6 32.6100635299999979
4 6 83120.3902099999977509
5 6 0.0000148705037200
6 6 171387.7673000000067987
7 6 -32.6100645300000025
8 6 83120.3648700000048848
31 6 -25338.7898600000007718
32 6 8233.0759280000002036
34 6 137.9643351999999936
35 6 424.6103557999999794
36 6 -82231.3303400000004331
43 6 -0.0008027750314000
44 6 16466.1467999999986205
46 6 21.1913077600000008
47 6 0.0000011420542710
48 6 -167831.5272999999870081
49 6 25338.7905600000012782
50 6 8233.0735039999999572
52 6 137.9642950999999869
53 6 -424.6103688000000034
54 6 -82231.3047200000000885
5 7 -2885.3754619999999704
6 7 -32.6100645300000025
7 7 36487.0272100000001956
8 7 0.0000194896106800
9 7 -2885.3810170000001563
10 7 32.6100660299999987
43 7 4001.0493369999999231
44 7 -1300.0196929999999611
46 7 -1708.2461370000000898
47 7 -5257.4411840000002485
48 7 424.6103688000000034
49 7 -31039.3067300000002433
50 7 -0.0019397158080000
52 7 -0.0012801102220000
53 7 25873.0222600000015518
54 7 -0.0000014968015630
55 7 4001.0544039999999768
56 7 1300.0207940000000235
58 7 1708.2469300000000203
59 7 -5257.4458320000003368
60 7 -424.6103883000000110
5 8 32.6100651499999969
6 8 83120.3648700000048848
7 8 0.0000194896106800
8 8 171387.7079000000085216
9 8 -32.6100664599999988
10 8 83120.3317399999941699
43 8 -25338.7910400000000664
44 8 8233.0720199999996112
46 8 137.9642701999999872
47 8 424.6103769000000057
48 8 -82231.3047200000000885
49 8 -0.0010524076630000
50 8 16466.1433900000010908
52 8 21.1913034499999995
53 8 0.0000014968015530
54 8 -167831.4666000000142958
55 8 25338.7919399999991583
56 8 8233.0688580000005459
58 8 137.9642178000000001
59 8 -424.6103939000000196
60 8 -82231.2712299999984680
7 9 -2885.3810170000001563
8 9 -32.6100664599999988
9 9 36487.0289600000032806
10 9 -0.0000087718951600
11 9 -2885.3763229999999567
12 9 32.6100657900000002
49 9 4001.0544039999999768
50 9 -1300.0209740000000238
52 9 -1708.2471669999999904
53 9 -5257.4458320000003368
54 9 424.6103939000000196
55 9 -31039.3083399999995891
56 9 0.0008646085347000
58 9 0.0004355156756000
59 9 25873.0237600000000384
60 9 0.0000006736812939
61 9 4001.0501269999999749
62 9 1300.0202469999999266
64 9 1708.2467639999999847
65 9 -5257.4419139999999970
66 9 -424.6103851999999961
7 10 32.6100660299999987
8 10 83120.3317399999941699
9 10 -0.0000087718951600
10 10 171387.7026999999943655
11 10 -32.6100644400000022
12 10 83120.3598000000056345
49 10 -25338.7916100000002189
50 10 8233.0698879999999917
52 10 137.9642350999999962
53 10 424.6103883000000110
54 10 -82231.2712299999984680
55 10 0.0004297670234000
56 10 16466.1393600000010338
58 10 21.1912982700000008
59 10 -0.0000006736813027
60 10 -167831.4612999999953900
61 10 25338.7904699999999139
62 10 8233.0737160000007862
64 10 137.9642987000000005
65 10 -424.6103676999999834
66 10 -82231.2995999999984633
9 11 -2885.3763229999999567
10 11 -32.6100644400000022
11 11 36487.0262999999977183
12 11 -0.0000036530291820
13 11 -2885.3722899999997935
14 11 32.6100641600000003
55 11 4001.0501269999999749
56 11 -1300.0196849999999813
58 11 -1708.2460269999999127
59 11 -5257.4419139999999970
60 11 424.6103676999999834
61 11 -31039.3047699999988254
62 11 0.0003520909402000
64 11 0.0000482030667400
65 11 25873.0191500000000815
66 11 0.0000002805525217
67 11 4001.0464550000001509
68 11 1300.0191629999999350
70 11 1708.2458169999999882
71 11 -5257.4385540000002948
72 11 -424.6103640000000041
9 12 32.6100657900000002
10 12 83120.3598000000056345
11 12 -0.0000036530291820
12 12 171387.7558000000135507
13 12 -32.6100641800000020
14 12 83120.3839299999963259
55 12 -25338.7915099999991071
56 12 8233.0704989999994723
58 12 137.9642447999999888
59 12 424.6103851999999961
60 12 -82231.2995999999984633
61 12 0.0001374060507000
62 12 16466.1481300000014016
64 12 21.1913094800000010
65 12 -0.0000002805525243
66 12 -167831.5155000000086147
67 12 25338.7903499999993073
68 12 8233.0743689999999333
70 12 137.9643092000000024
71 12 -424.6103641999999923
72 12 -82231.3239900000044145
11 13 -2885.3722899999997935
12 13 -32.6100641800000020
13 13 36487.0275099999998929
14 13 0.0000206427213600
15 13 -2885.3781269999999495
16 13 32.6100657699999985
61 13 4001.0464550000001509
62 13 -1300.0191709999999148
64 13 -1708.2458260000000791
65 13 -5257.4385540000002948
66 13 424.6103641999999923
67 13 -31039.3060699999987264
68 13 -0.0020546617540000
70 13 -0.0013588830750000
71 13 25873.0205700000005891
72 13 -0.0000015853604250
73 13 4001.0517789999998968
74 13 1300.0203309999999419
76 13 1708.2466649999998936
77 13 -5257.4434369999999035
78 13 -424.6103848999999855
11 14 32.6100641600000003
12 14 83120.3839299999963259
13 14 0.0000206427213600
14 14 171387.7448999999905936
15 14 -32.6100655300000000
16 14 83120.3491199999989476
61 14 -25338.7903299999998126
62 14 8233.0744130000002770
64 14 137.9643100000000118
65 14 424.6103640000000041
66 14 -82231.3239900000044145
67 14 -0.0011156213380000
68 14 16466.1449099999990722
70 14 21.1913053500000004
71 14 0.0000015853604230
72 14 -167831.5044000000052620
73 14 25338.7912800000012794
74 14 8233.0711150000006455
76 14 137.9642552999999907
77 14 -424.6103817000000049
78 14 -82231.2887999999948079
13 15 -2885.3781269999999495
14 15 -32.6100655300000000
15 15 36487.0264600000009523
16 15 -0.0000214161601700
17 15 -2885.3750430000000051
18 15 32.6100638799999984
67 15 4001.0517789999998968
68 15 -1300.0202309999999670
70 15 -1708.2465340000001106
71 15 -5257.4434369999999035
72 15 424.6103817000000049
73 15 -31039.3055899999999383
74 15 0.0021430496650000
76 15 0.0016002843640000
77 15 25873.0206800000014482
78 15 0.0000016447605050
79 15 4001.0489600000000792
80 15 1300.0193409999999403
82 15 1708.2457240000001093
83 15 -5257.4408439999997427
84 15 -424.6103603000000248
13 16 32.6100657699999985
14 16 83120.3491199999989476
15 16 -0.0000214161601700
16 16 171387.7282000000122935
17 16 -32.6100656999999998
18 16 83120.3674299999984214
67 16 -25338.7914600000003702
68 16 8233.0705400000006193
70 16 137.9642456999999922
71 16 424.6103848999999855
72 16 -82231.2887999999948079
73 16 0.0012168837270000
74 16 16466.1461799999997311
76 16 21.1913070200000000
77 16 -0.0000016447605040
78 16 -167831.4873000000079628
79 16 25338.7914799999998650
80 16 8233.0707060000004276
82 16 137.9642480999999918
83 16 -424.6103840999999761
84 16 -82231.3073100000037812
15 17 -2885.3750430000000051
16 17 -32.6100656999999998
17 17 36487.0284000000028755
18 17 -0.0000065005980120
19 17 -4001.0502750000000560
20 17 -1300.0200839999999971
22 17 937.5156849999999622
23 17 -2885.3764930000002096
24 17 32.6100652100000019
37 17 4001.0502750000000560
38 17 1300.0200839999999971
40 17 1708.2465279999998984
41 17 -5257.4420419999996739
42 17 -424.6103775999999925
73 17 4001.0489600000000792
74 17 -1300.0201019999999517
76 17 -1708.2467249999999694
77 17 -5257.4408439999997427
78 17 424.6103840999999761
79 17 -31039.3070000000006985
80 17 0.0006596484575000
82 17 0.0006386306832000
83 17 25873.0215600000010454
84 17 0.0000004992457399
15 18 32.6100638799999984
16 18 83120.3674299999984214
17 18 -0.0000065005980120
18 18 171387.7379000000073574
19 18 -25749.2277600000015809
20 18 -8366.4315430000006018
22 18 10.5956527499999993
23 18 -32.6100649500000017
24 18 83120.3586899999936577
37 18 25338.7908600000009756
38 18 8233.0725050000000920
40 18 137.9642784000000120
41 18 -424.6103742000000238
42 18 -82231.2984799999976531
73 18 -25338.7900599999993574
74 18 8233.0750680000001012
76 18 137.9643212000000005
77 18 424.6103603000000248
78 18 -82231.3073100000037812
79 18 0.0004170936145000
80 18 16466.1425999999992200
82 18 21.1913023900000006
83 18 -0.0000004992457496
84 18 -167831.4972000000125263
1 19 -4001.0493679999999586
2 19 25749.2279200000011770
17 19 -4001.0502750000000560
18 19 -25749.2277600000015809
19 19 285041.5773000000044703
20 19 -0.0118024235800000
21 19 -331114.2462999999988824
22 19 -0.0003348044095000
23 19 31039.3062800000006973
24 19 0.0001593152429000
25 19 113896.3415999999997439
26 19 -310387.7357000000192784
27 19 165557.1171000000031199
28 19 1300.0199580000000878
29 19 -4001.0493679999999586
30 19 -25338.7910799999990559
37 19 -182911.7111999999906402
38 19 -0.0099786484020000
39 19 -25429.5649200000007113
40 19 -0.0003348044095000
41 19 31039.3062800000006973
42 19 -0.0002163695372000
79 19 113896.3261000000056811
80 19 310387.7500000000000000
81 19 165557.1291999999957625
82 19 -1300.0199760000000424
83 19 -4001.0502750000000560
84 19 25338.7908600000009756
1 20 1300.0196829999999864
2 20 -8366.4309159999993426
17 20 -1300.0200839999999971
18 20 -8366.4315430000006018
19 20 -0.0118024235800000
20 20 2260764.7540000001899898
21 20 -0.0039471892810000
22 20 -3276.9067079999999805
23 20 0.0003348044095000
24 20 -16732.8624600000002829
25 20 310387.8028000000049360
26 20 -968320.5082000000402331
27 20 509532.4378000000142492
28 20 -422.4020696000000044
29 20 1300.0196829999999864
30 20 8233.0719079999998939
37 20 -0.0099786483990000
38 20 -1295743.1229999999050051
39 20 -0.0003031440183000
40 20 -3276.9067079999999805
41 20 0.0003348044095000
42 20 16466.1444100000007893
79 20 -310387.7237999999779277
80 20 -968320.4729999999981374
81 20 -509532.4339000000036322
82 20 -422.4021099999999933
83 20 -1300.0200839999999971
84 20 8233.0725050000000920
19 21 -331114.2462999999988824
20 21 -0.0039471892810000
21 21 6978504.3349999999627471
25 21 -165557.1485999999858905
26 21 509532.4275999999954365
27 21 -1791298.3330000001005828
37 21 25429.5649200000007113
38 21 0.0003031440074000
39 21 -6605126.8159999996423721
79 21 -165557.1167999999888707
80 21 -509532.4379000000189990
81 21 -1791298.2150000000838190
1 22 -937.5152842999999621
2 22 10.5956519799999995
17 22 937.5156849999999622
18 22 10.5956527499999993
19 22 -0.0003348044095000
20 22 -3276.9067079999999805
22 22 3852.0379290000000765
23 22 -0.0003357765930000
24 22 275.9285467999999923
25 22 1300.0196829999999864
26 22 422.4020696000000044
28 22 555.0429014000000052
29 22 -1708.2461209999999028
30 22 -137.9642682999999863
37 22 0.0003348044095000
38 22 3276.9067079999999805
40 22 2731.4874709999999141
41 22 -0.0003401879871000
42 22 -21.1913047299999988
79 22 -1300.0200839999999971
80 22 422.4021099999999933
82 22 555.0429159000000254
83 22 1708.2465279999998984
84 22 -137.9642784000000120
1 23 -2885.3754939999998896
2 23 32.6100652000000011
17 23 -2885.3764930000002096
18 23 -32.6100649500000017
19 23 31039.3062800000006973
20 23 0.0003348044095000
22 23 -0.0003357765930000
23 23 36487.0274799999970128
24 23 0.0000032893245030
25 23 4001.0493679999999586
26 23 1300.0199580000000878
28 23 1708.2464809999999034
29 23 -5257.4412140000004001
30 23 -424.6103775000000269
37 23 -31039.3062800000006973
38 23 -0.0003348044095000
40 23 -0.0003401879871000
41 23 25873.0210499999993772
42 23 -0.0000002526200475
79 23 4001.0502750000000560
80 23 -1300.0199760000000424
82 23 -1708.2463869999999133
83 23 -5257.4420419999996739
84 23 424.6103742000000238
1 24 -32.6100645400000033
2 24 83120.3647099999943748
17 24 32.6100652100000019
18 24 83120.3586899999936577
19 24 0.0001593152429000
20 24 -16732.8624600000002829
22 24 275.9285467999999923
23 24 0.0000032893245030
24 24 171387.7350999999907799
25 24 25338.7905600000012782
26 24 8233.0734780000002502
28 24 137.9642945999999881
29 24 -424.6103689999999915
30 24 -82231.3045600000041304
37 24 -0.0002163695372000
38 24 16466.1444100000007893
40 24 21.1913047299999988
41 24 0.0000002526200351
42 24 -167831.4943999999959487
79 24 -25338.7910599999995611
80 24 8233.0718899999992573
82 24 137.9642680999999982
83 24 424.6103775999999925
84 24 -82231.2984799999976531
1 25 -31039.3065199999982724
2 25 -0.0008966133851000
3 25 4001.0533959999997933
4 25 -25338.7914600000003702
19 25 113896.3415999999997439
20 25 310387.8028000000049360
21 25 -165557.1485999999858905
22 25 1300.0196829999999864
23 25 4001.0493679999999586
24 25 25338.7905600000012782
25 25 570083.1053000000538304
26 25 -0.3391592456000000
30 25 0.0023526059690000
31 25 -126167.9579999999987194
32 25 307147.2690999999758787
33 25 -0.0000000000002274
36 25 51498.4571500000020023
37 25 -126168.0868999999947846
38 25 -307147.6133000000263564
42 25 -51498.4547999999995227
85 25 -182911.6799999999930151
86 25 0.1683171607000000
87 25 -25429.5641600000017206
88 25 -0.0016430804630000
89 25 31039.3065199999982724
90 25 -0.0008966133851000
91 25 113896.2602999999944586
92 25 -310387.6280999999726191
93 25 165557.0877000000036787
94 25 1300.0205849999999828
95 25 -4001.0533959999997933
96 25 -25338.7914600000003702
97 25 113896.3415999999997439
98 25 310387.8028000000049360
99 25 165557.1485999999858905
100 25 -1300.0196829999999864
101 25 -4001.0493679999999586
102 25 25338.7905600000012782
1 26 -0.0016430804630000
2 26 16466.1438999999991211
3 26 -1300.0207370000000537
4 26 8233.0704200000000128
19 26 -310387.7357000000192784
20 26 -968320.5082000000402331
21 26 509532.4275999999954365
22 26 422.4020696000000044
23 26 1300.0199580000000878
24 26 8233.0734780000002502
25 26 -0.3391592456000000
26 26 4521529.2960000000894070
30 26 -33465.7240000000019791
31 26 -307147.2311999999801628
32 26 971672.1178999999538064
33 26 -0.0000000000009095
36 26 -16732.8589800000008836
37 26 307147.5451999999932013
38 26 971672.7763999999733642
42 26 -16732.8650200000010955
85 26 0.1683171607000000
86 26 -1295742.8910000000614673
87 26 -0.0015204594390000
88 26 -3276.9065160000000105
89 26 0.0016430804630000
90 26 16466.1438999999991211
91 26 310387.5907000000006519
92 26 -968320.3671999999787658
93 26 509532.4474000000045635
94 26 -422.4021905999999831
95 26 1300.0207370000000537
96 26 8233.0704200000000128
97 26 -310387.7357000000192784
98 26 -968320.5082000000402331
99 26 -509532.4275999999954365
100 26 -422.4020696000000044
101 26 -1300.0199580000000878
102 26 8233.0734780000002502
19 27 165557.1171000000031199
20 27 509532.4378000000142492
21 27 -1791298.3330000001005828
27 27 13957007.0299999993294477
31 27 0.0000000000004547
32 27 -0.0000000000009095
33 27 3209218.0090000000782311
37 27 0.0000000000002274
38 27 0.0000000000009095
39 27 3209219.1600000001490116
85 27 25429.5641600000017206
86 27 0.0015204594270000
87 27 -6605125.9510000003501773
91 27 -165557.0701000000117347
92 27 509532.4530999999842606
93 27 -1791297.8170000000391155
97 27 -165557.1171000000031199
98 27 -509532.4378000000142492
99 27 -1791298.3330000001005828
1 28 -0.0011020241060000
2 28 21.1913040899999991
3 28 -1708.2469869999999901
4 28 137.9642439000000138
19 28 1300.0199580000000878
20 28 -422.4020696000000044
22 28 555.0429014000000052
23 28 1708.2464809999999034
24 28 137.9642945999999881
28 28 7704.0752800000000207
29 28 -0.0043689948270000
30 28 -0.0000000000000036
34 28 609.2349557000000004
35 28 -1875.0330699999999524
36 28 -0.0000000000000009
40 28 609.2344623000000183
41 28 1875.0309640000000400
42 28 0.0000000000000004
85 28 0.0016430804630000
86 28 3276.9065160000000105
88 28 2731.4873779999998078
89 28 -0.0011020241060000
90 28 -21.1913040899999991
91 28 1300.0207370000000537
92 28 422.4021905999999831
94 28 555.0428918000000067
95 28 -1708.2469869999999901
96 28 -137.9642439000000138
97 28 -1300.0199580000000878
98 28 422.4020696000000044
100 28 555.0429014000000052
101 28 1708.2464809999999034
102 28 -137.9642945999999881
1 29 25873.0218800000002375
2 29 0.0000012670495530
3 29 -5257.4449100000001636
4 29 424.6103855000000067
19 29 -4001.0493679999999586
20 29 1300.0196829999999864
22 29 -1708.2461209999999028
23 29 -5257.4412140000004001
24 29 -424.6103689999999915
28 29 -0.0043689948270000
29 29 72974.0543100000068080
30 29 -0.0000000000000071
34 29 1875.0328500000000531
35 29 -5770.7598170000001119
36 29 -0.0000000000000027
40 29 -1875.0305690000000141
41 29 -5770.7509870000003502
42 29 -0.0000000000000009
85 29 -31039.3065199999982724
86 29 -0.0016430804630000
88 29 -0.0011020241060000
89 29 25873.0218800000002375
90 29 -0.0000012670495620
91 29 4001.0533959999997933
92 29 1300.0205849999999828
94 29 1708.2467859999999291
95 29 -5257.4449100000001636
96 29 -424.6103855000000067
97 29 4001.0493679999999586
98 29 -1300.0196829999999864
100 29 -1708.2461209999999028
101 29 -5257.4412140000004001
102 29 424.6103689999999915
1 30 -0.0000012670495620
2 30 -167831.4733000000123866
3 30 424.6103901999999835
4 30 -82231.2779500000033295
19 30 -25338.7910799999990559
20 30 8233.0719079999998939
22 30 -137.9642682999999863
23 30 -424.6103775000000269
24 30 -82231.3045600000041304
25 30 0.0023526059690000
26 30 -33465.7240000000019791
28 30 -0.0000000000000036
29 30 -0.0000000000000071
30 30 342775.4288999999989755
31 30 -51498.4577300000019022
32 30 -16732.8571999999985565
34 30 -0.0000000000000011
35 30 0.0000000000000036
36 30 166240.6767999999865424
37 30 51498.4558400000023539
38 30 -16732.8618300000016461
40 30 -0.0000000000000011
41 30 -0.0000000000000036
42 30 166240.7294000000110827
85 30 -0.0008966133851000
86 30 16466.1438999999991211
88 30 21.1913040899999991
89 30 0.0000012670495530
90 30 -167831.4733000000123866
91 30 25338.7917500000003201
92 30 8233.0695450000002893
94 30 137.9642292000000054
95 30 -424.6103901999999835
96 30 -82231.2779500000033295
97 30 -25338.7910799999990559
98 30 8233.0719079999998939
100 30 137.9642682999999863
101 30 424.6103775000000269
102 30 -82231.3045600000041304
1 31 4001.0533959999997933
2 31 25338.7917500000003201
3 31 -31039.3058500000006461
4 31 0.0018826365330000
5 31 4001.0454620000000432
6 31 -25338.7898600000007718
25 31 -126167.9579999999987194
26 31 -307147.2311999999801628
27 31 0.0000000000004547
30 31 -51498.4577300000019022
31 31 570083.2197000000160187
32 31 0.6959165200000000
36 31 -0.0048704266430000
43 31 -126168.2124999999941792
44 31 307147.9242000000085682
45 31 0.0000000000002274
48 31 51498.4528599999975995
85 31 113896.2602999999944586
86 31 310387.5907000000006519
87 31 165557.0701000000117347
88 31 -1300.0207370000000537
89 31 -4001.0533959999997933
90 31 25338.7917500000003201
91 31 -182911.7339999999967404
92 31 -0.3393252664000000
93 31 -25429.5665499999995518
94 31 0.0034328210870000
95 31 31039.3058500000006461
96 31 0.0018826365330000
103 31 113896.4213000000017928
104 31 -310387.9498000000021420
105 31 165557.1972999999998137
106 31 1300.0189109999998891
107 31 -4001.0454620000000432
108 31 -25338.7898600000007718
1 32 1300.0205849999999828
2 32 8233.0695450000002893
3 32 0.0034328210870000
4 32 16466.1454699999994773
5 32 -1300.0191110000000663
6 32 8233.0759280000002036
25 32 307147.2690999999758787
26 32 971672.1178999999538064
27 32 -0.0000000000009095
30 32 -16732.8571999999985565
31 32 0.6959165200000000
32 32 4521529.5089999996125698
36 32 -33465.7270399999979418
43 32 -307147.8743999999715015
44 32 971673.4135000000242144
45 32 0.0000000000009095
48 32 -16732.8698399999993853
85 32 -310387.6280999999726191
86 32 -968320.3671999999787658
87 32 -509532.4530999999842606
88 32 -422.4021905999999831
89 32 -1300.0205849999999828
90 32 8233.0695450000002893
91 32 -0.3393252664000000
92 32 -1295743.1669999998994172
93 32 0.0031747748100000
94 32 -3276.9071269999999458
95 32 -0.0034328210870000
96 32 16466.1454699999994773
103 32 310387.9006999999983236
104 32 -968320.6439999999711290
105 32 509532.4118000000016764
106 32 -422.4019559999999842
107 32 1300.0191110000000663
108 32 8233.0759280000002036
25 33 -0.0000000000002274
26 33 -0.0000000000009095
27 33 3209218.0090000000782311
33 33 13957009.0899999998509884
45 33 3209220.2749999999068677
85 33 -165557.0877000000036787
86 33 -509532.4474000000045635
87 33 -1791297.8170000000391155
91 33 25429.5665499999995518
92 33 -0.0031747748130000
93 33 -6605127.0369999995455146
103 33 -165557.1742000000085682
104 33 509532.4193000000086613
105 33 -1791298.8319999999366701
1 34 1708.2467859999999291
2 34 137.9642292000000054
3 34 0.0023346231240000
4 34 21.1913060900000012
5 34 -1708.2458719999999630
6 34 137.9643351999999936
28 34 609.2349557000000004
29 34 1875.0328500000000531
30 34 -0.0000000000000011
34 34 7704.0768749999997453
35 34 0.0090670446600000
36 34 0.0000000000000036
46 34 609.2339892999999620
47 34 -1875.0287920000000668
48 34 -0.0000000000000007
85 34 -1300.0205849999999828
86 34 422.4021905999999831
88 34 555.0428918000000067
89 34 1708.2467859999999291
90 34 -137.9642292000000054
91 34 -0.0034328210870000
92 34 3276.9071269999999458
94 34 2731.4878029999999853
95 34 0.0023346231240000
96 34 -21.1913060900000012
103 34 1300.0191110000000663
104 34 422.4019559999999842
106 34 555.0429153999999698
107 34 -1708.2458719999999630
108 34 -137.9643351999999936
1 35 -5257.4449100000001636
2 35 -424.6103901999999835
3 35 25873.0205300000015995
4 35 -0.0000026456457560
5 35 -5257.4376290000000154
6 35 424.6103557999999794
28 35 -1875.0330699999999524
29 35 -5770.7598170000001119
30 35 0.0000000000000036
34 35 0.0090670446600000
35 35 72974.0542500000010477
36 35 -0.0000000000000071
46 35 1875.0285030000000006
47 35 -5770.7424259999997957
48 35 -0.0000000000000027
85 35 4001.0533959999997933
86 35 -1300.0207370000000537
88 35 -1708.2469869999999901
89 35 -5257.4449100000001636
90 35 424.6103901999999835
91 35 -31039.3058500000006461
92 35 0.0034328210870000
94 35 0.0023346231240000
95 35 25873.0205300000015995
96 35 0.0000026456457500
103 35 4001.0454620000000432
104 35 1300.0189109999998891
106 35 1708.2456079999999474
107 35 -5257.4376290000000154
108 35 -424.6103557999999794
1 36 -424.6103855000000067
2 36 -82231.2779500000033295
3 36 0.0000026456457500
4 36 -167831.4997999999905005
5 36 424.6103620000000092
6 36 -82231.3303400000004331
25 36 51498.4571500000020023
26 36 -16732.8589800000008836
28 36 -0.0000000000000009
29 36 -0.0000000000000027
30 36 166240.6767999999865424
31 36 -0.0048704266430000
32 36 -33465.7270399999979418
34 36 0.0000000000000036
35 36 -0.0000000000000071
36 36 342775.4808000000193715
43 36 -51498.4536200000002282
44 36 -16732.8675000000002910
46 36 -0.0000000000000007
47 36 0.0000000000000018
48 36 166240.7803999999887310
85 36 -25338.7914600000003702
86 36 8233.0704200000000128
88 36 137.9642439000000138
89 36 424.6103855000000067
90 36 -82231.2779500000033295
91 36 0.0018826365330000
92 36 16466.1454699999994773
94 36 21.1913060900000012
95 36 -0.0000026456457560
96 36 -167831.4997999999905005
103 36 25338.7902399999984482
104 36 8233.0747790000004898
106 36 137.9643159999999966
107 36 -424.6103620000000092
108 36 -82231.3303400000004331
1 37 4001.0493679999999586
2 37 -25338.7910799999990559
17 37 4001.0502750000000560
18 37 25338.7908600000009756
19 37 -182911.7111999999906402
20 37 -0.0099786483990000
21 37 25429.5649200000007113
22 37 0.0003348044095000
23 37 -31039.3062800000006973
24 37 -0.0002163695372000
25 37 -126168.0868999999947846
26 37 307147.5451999999932013
27 37 0.0000000000002274
30 37 51498.4558400000023539
37 37 570083.1544999999459833
38 37 -0.0236048471700000
42 37 0.0003186304853000
79 37 -126168.0604000000021188
80 37 -307147.5214999999734573
81 37 -0.0000000000002274
84 37 -51498.4555200000031618
85 37 113896.3415999999997439
86 37 -310387.7357000000192784
87 37 165557.1171000000031199
88 37 1300.0199580000000878
89 37 -4001.0493679999999586
90 37 -25338.7910799999990559
97 37 -182911.7111999999906402
98 37 -0.0099786484020000
99 37 -25429.5649200000007113
100 37 -0.0003348044095000
101 37 31039.3062800000006973
102 37 -0.0002163695372000
109 37 113896.3261000000056811
110 37 310387.7500000000000000
111 37 165557.1291999999957625
112 37 -1300.0199760000000424
113 37 -4001.0502750000000560
114 37 25338.7908600000009756
1 38 -1300.0196829999999864
2 38 8233.0719079999998939
17 38 1300.0200839999999971
18 38 8233.0725050000000920
19 38 -0.0099786484020000
20 38 -1295743.1229999999050051
21 38 0.0003031440074000
22 38 3276.9067079999999805
23 38 -0.0003348044095000
24 38 16466.1444100000007893
25 38 -307147.6133000000263564
26 38 971672.7763999999733642
27 38 0.0000000000009095
30 38 -16732.8618300000016461
37 38 -0.0236048471700000
38 38 4521529.5080000003799796
42 38 -33465.7249200000005658
79 38 307147.4948999999905936
80 38 971672.6230000000214204
81 38 0.0000000000009095
84 38 -16732.8630899999989197
85 38 310387.8028000000049360
86 38 -968320.5082000000402331
87 38 509532.4378000000142492
88 38 -422.4020696000000044
89 38 1300.0196829999999864
90 38 8233.0719079999998939
97 38 -0.0099786483990000
98 38 -1295743.1229999999050051
99 38 -0.0003031440183000
100 38 -3276.9067079999999805
101 38 0.0003348044095000
102 38 16466.1444100000007893
109 38 -310387.7237999999779277
110 38 -968320.4729999999981374
111 38 -509532.4339000000036322
112 38 -422.4021099999999933
113 38 -1300.0200839999999971
114 38 8233.0725050000000920
19 39 -25429.5649200000007113
20 39 -0.0003031440183000
21 39 -6605126.8159999996423721
27 39 3209219.1600000001490116
39 39 13957008.6699999999254942
79 39 0.0000000000002274
80 39 0.0000000000009095
81 39 3209218.8969999998807907
85 39 -165557.1485999999858905
86 39 509532.4275999999954365
87 39 -1791298.3330000001005828
97 39 25429.5649200000007113
98 39 0.0003031440074000
99 39 -6605126.8159999996423721
109 39 -165557.1167999999888707
110 39 -509532.4379000000189990
111 39 -1791298.2150000000838190
1 40 -1708.2461209999999028
2 40 137.9642682999999863
17 40 1708.2465279999998984
18 40 137.9642784000000120
19 40 -0.0003348044095000
20 40 -3276.9067079999999805
22 40 2731.4874709999999141
23 40 -0.0003401879871000
24 40 21.1913047299999988
28 40 609.2344623000000183
29 40 -1875.0305690000000141
30 40 -0.0000000000000011
40 40 7704.0758580000001530
41 40 -0.0006715531861000
42 40 0.0000000000000036
82 40 609.2345933000000286
83 40 1875.0313699999999244
84 40 0.0000000000000009
85 40 1300.0196829999999864
86 40 422.4020696000000044
88 40 555.0429014000000052
89 40 -1708.2461209999999028
90 40 -137.9642682999999863
97 40 0.0003348044095000
98 40 3276.9067079999999805
100 40 2731.4874709999999141
101 40 -0.0003401879871000
102 40 -21.1913047299999988
109 40 -1300.0200839999999971
110 40 422.4021099999999933
112 40 555.0429159000000254
113 40 1708.2465279999998984
114 40 -137.9642784000000120
1 41 -5257.4412140000004001
2 41 424.6103775000000269
17 41 -5257.4420419999996739
18 41 -424.6103742000000238
19 41 31039.3062800000006973
20 41 0.0003348044095000
22 41 -0.0003401879871000
23 41 25873.0210499999993772
24 41 0.0000002526200351
28 41 1875.0309640000000400
29 41 -5770.7509870000003502
30 41 -0.0000000000000036
40 41 -0.0006715531861000
41 41 72974.0549500000051921
42 41 -0.0000000000000071
82 41 -1875.0312149999999747
83 41 -5770.7529850000000806
84 41 -0.0000000000000027
85 41 4001.0493679999999586
86 41 1300.0199580000000878
88 41 1708.2464809999999034
89 41 -5257.4412140000004001
90 41 -424.6103775000000269
97 41 -31039.3062800000006973
98 41 -0.0003348044095000
100 41 -0.0003401879871000
101 41 25873.0210499999993772
102 41 -0.0000002526200475
109 41 4001.0502750000000560
110 41 -1300.0199760000000424
112 41 -1708.2463869999999133
113 41 -5257.4420419999996739
114 41 424.6103742000000238
1 42 424.6103689999999915
2 42 -82231.3045600000041304
17 42 -424.6103775999999925
18 42 -82231.2984799999976531
19 42 -0.0002163695372000
20 42 16466.1444100000007893
22 42 -21.1913047299999988
23 42 -0.0000002526200475
24 42 -167831.4943999999959487
25 42 -51498.4547999999995227
26 42 -16732.8650200000010955
28 42 0.0000000000000004
29 42 -0.0000000000000009
30 42 166240.7294000000110827
37 42 0.0003186304853000
38 42 -33465.7249200000005658
40 42 0.0000000000000036
41 42 -0.0000000000000071
42 42 342775.4701999999815598
79 42 51498.4559299999964423
80 42 -16732.8618400000013935
82 42 -0.0000000000000009
83 42 -0.0000000000000027
84 42 166240.7173999999940861
85 42 25338.7905600000012782
86 42 8233.0734780000002502
88 42 137.9642945999999881
89 42 -424.6103689999999915
90 42 -82231.3045600000041304
97 42 -0.0002163695372000
98 42 16466.1444100000007893
100 42 21.1913047299999988
101 42 0.0000002526200351
102 42 -167831.4943999999959487
109 42 -25338.7910599999995611
110 42 8233.0718899999992573
112 42 137.9642680999999982
113 42 424.6103775999999925
114 42 -82231.2984799999976531
3 43 4001.0454620000000432
4 43 25338.7902399999984482
5 43 -31039.3052800000004936
6 43 -0.0008027750314000
7 43 4001.0493369999999231
8 43 -25338.7910400000000664
31 43 -126168.2124999999941792
32 43 -307147.8743999999715015
36 43 -51498.4536200000002282
43 43 570083.3209999999962747
44 43 -0.3120061217000000
48 43 0.0021420674390000
49 43 -126168.0889000000024680
50 43 307147.5508999999728985
51 43 -0.0000000000002274
54 43 51498.4557599999970989
91 43 113896.4213000000017928
92 43 310387.9006999999983236
93 43 165557.1742000000085682
94 43 -1300.0191110000000663
95 43 -4001.0454620000000432
96 43 25338.7902399999984482
103 43 -182911.7852000000129919
104 43 0.1579491793000000
105 43 -25429.5685499999999593
106 43 -0.0014799563900000
107 43 31039.3052800000004936
108 43 -0.0008027750314000
115 43 113896.3433999999979278
116 43 -310387.7403000000049360
117 43 165557.1192999999911990
118 43 1300.0199520000001030
119 43 -4001.0493369999999231
120 43 -25338.7910400000000664
3 44 1300.0189109999998891
4 44 8233.0747790000004898
5 44 -0.0014799563900000
6 44 16466.1467999999986205
7 44 -1300.0196929999999611
8 44 8233.0720199999996112
31 44 307147.9242000000085682
32 44 971673.4135000000242144
36 44 -16732.8675000000002910
43 44 -0.3120061217000000
44 44 4521529.7479999996721745
48 44 -33465.7295599999997648
49 44 -307147.6152000000001863
50 44 971672.7791999999899417
51 44 -0.0000000000009095
54 44 -16732.8620599999994738
91 44 -310387.9498000000021420
92 44 -968320.6439999999711290
93 44 -509532.4193000000086613
94 44 -422.4019559999999842
95 44 -1300.0189109999998891
96 44 8233.0747790000004898
103 44 0.1579491793000000
104 44 -1295743.4590000000316650
105 44 -0.0013704650930000
106 44 -3276.9076380000001336
107 44 0.0014799563900000
108 44 16466.1467999999986205
115 44 310387.8036999999894761
116 44 -968320.5078000000212342
117 44 509532.4370999999810010
118 44 -422.4020742000000155
119 44 1300.0196929999999611
120 44 8233.0720199999996112
31 45 0.0000000000002274
32 45 0.0000000000009095
33 45 3209220.2749999999068677
45 45 13957011.2200000006705523
51 45 3209219.1669999998994172
91 45 -165557.1972999999998137
92 45 -509532.4118000000016764
93 45 -1791298.8319999999366701
103 45 25429.5685499999999593
104 45 0.0013704650900000
105 45 -6605128.1650000000372529
115 45 -165557.1491000000096392
116 45 509532.4273999999859370
117 45 -1791298.3359999998938292
3 46 1708.2456079999999474
4 46 137.9643159999999966
5 46 -0.0009760516555000
6 46 21.1913077600000008
7 46 -1708.2461370000000898
8 46 137.9642701999999872
34 46 609.2339892999999620
35 46 1875.0285030000000006
36 46 -0.0000000000000007
46 46 7704.0782410000001619
47 46 -0.0039665719860000
48 46 -0.0000000000000036
52 46 609.2344669000000295
53 46 -1875.0305760000001101
54 46 -0.0000000000000011
91 46 -1300.0189109999998891
92 46 422.4019559999999842
94 46 555.0429153999999698
95 46 1708.2456079999999474
96 46 -137.9643159999999966
103 46 0.0014799563900000
104 46 3276.9076380000001336
106 46 2731.4881409999998141
107 46 -0.0009760516555000
108 46 -21.1913077600000008
115 46 1300.0196929999999611
116 46 422.4020742000000155
118 46 555.0429084999999532
119 46 -1708.2461370000000898
120 46 -137.9642701999999872
3 47 -5257.4376290000000154
4 47 -424.6103620000000092
5 47 25873.0192199999983131
6 47 0.0000011420542710
7 47 -5257.4411840000002485
8 47 424.6103769000000057
34 47 -1875.0287920000000668
35 47 -5770.7424259999997957
36 47 0.0000000000000018
46 47 -0.0039665719860000
47 47 72974.0544800000061514
52 47 1875.0309500000000753
53 47 -5770.7509239999999409
54 47 -0.0000000000000036
91 47 4001.0454620000000432
92 47 -1300.0191110000000663
94 47 -1708.2458719999999630
95 47 -5257.4376290000000154
96 47 424.6103620000000092
103 47 -31039.3052800000004936
104 47 -0.0014799563900000
106 47 -0.0009760516555000
107 47 25873.0192199999983131
108 47 -0.0000011420542780
115 47 4001.0493369999999231
116 47 1300.0199520000001030
118 47 1708.2464769999999135
119 47 -5257.4411840000002485
120 47 -424.6103769000000057
3 48 -424.6103557999999794
4 48 -82231.3303400000004331
5 48 -0.0000011420542780
6 48 -167831.5272999999870081
7 48 424.6103688000000034
8 48 -82231.3047200000000885
31 48 51498.4528599999975995
32 48 -16732.8698399999993853
34 48 -0.0000000000000007
35 48 -0.0000000000000027
36 48 166240.7803999999887310
43 48 0.0021420674390000
44 48 -33465.7295599999997648
46 48 -0.0000000000000036
48 48 342775.5347000000183471
49 48 -51498.4547800000000279
50 48 -16732.8650699999998324
52 48 -0.0000000000000002
53 48 0.0000000000000009
54 48 166240.7296999999962281
91 48 -25338.7898600000007718
92 48 8233.0759280000002036
94 48 137.9643351999999936
95 48 424.6103557999999794
96 48 -82231.3303400000004331
103 48 -0.0008027750314000
104 48 16466.1467999999986205
106 48 21.1913077600000008
107 48 0.0000011420542710
108 48 -167831.5272999999870081
115 48 25338.7905600000012782
116 48 8233.0735039999999572
118 48 137.9642950999999869
119 48 -424.6103688000000034
120 48 -82231.3047200000000885
5 49 4001.0493369999999231
6 49 25338.7905600000012782
7 49 -31039.3067300000002433
8 49 -0.0010524076630000
9 49 4001.0544039999999768
10 49 -25338.7916100000002189
43 49 -126168.0889000000024680
44 49 -307147.6152000000001863
48 49 -51498.4547800000000279
49 49 570083.0703000000212342
50 49 -0.4086022246000000
54 49 0.0028063479740000
55 49 -126167.9272999999957392
56 49 307147.1918999999761581
57 49 0.0000000000002274
60 49 51498.4575899999981630
103 49 113896.3433999999979278
104 49 310387.8036999999894761
105 49 165557.1491000000096392
106 49 -1300.0196929999999611
107 49 -4001.0493369999999231
108 49 25338.7905600000012782
115 49 -182911.6645999999891501
116 49 0.2066952842000000
117 49 -25429.5633799999995972
118 49 -0.0019397158080000
119 49 31039.3067300000002433
120 49 -0.0010524076630000
121 49 113896.2415999999939231
122 49 -310387.5936000000219792
123 49 165557.0771999999997206
124 49 1300.0207940000000235
125 49 -4001.0544039999999768
126 49 -25338.7916100000002189
5 50 1300.0199520000001030
6 50 8233.0735039999999572
7 50 -0.0019397158080000
8 50 16466.1433900000010908
9 50 -1300.0209740000000238
10 50 8233.0698879999999917
43 50 307147.5508999999728985
44 50 971672.7791999999899417
48 50 -16732.8650699999998324
49 50 -0.4086022246000000
50 50 4521529.2470000004395843
54 50 -33465.7230199999976321
55 50 -307147.1473000000114553
56 50 971671.9499999999534339
57 50 0.0000000000009095
60 50 -16732.8579400000016904
103 50 -310387.7403000000049360
104 50 -968320.5078000000212342
105 50 -509532.4273999999859370
106 50 -422.4020742000000155
107 50 -1300.0199520000001030
108 50 8233.0735039999999572
115 50 0.2066952842000000
116 50 -1295742.8230000000912696
117 50 -0.0017961618200000
118 50 -3276.9063190000001669
119 50 0.0019397158080000
120 50 16466.1433900000010908
121 50 310387.5496000000275671
122 50 -968320.3297999999485910
123 50 509532.4507999999914318
124 50 -422.4022287999999890
125 50 1300.0209740000000238
126 50 8233.0698879999999917
43 51 -0.0000000000002274
44 51 -0.0000000000009095
45 51 3209219.1669999998994172
51 51 13957006.5099999997764826
55 51 -0.0000000000004547
56 51 0.0000000000009095
57 51 3209217.7179999998770654
103 51 -165557.1192999999911990
104 51 -509532.4370999999810010
105 51 -1791298.3359999998938292
115 51 25429.5633799999995972
116 51 0.0017961618270000
117 51 -6605125.6749999998137355
121 51 -165557.0564000000013039
122 51 509532.4575000000186265
123 51 -1791297.6869999999180436
5 52 1708.2464769999999135
6 52 137.9642950999999869
7 52 -0.0012801102220000
8 52 21.1913034499999995
9 52 -1708.2471669999999904
10 52 137.9642350999999962
46 52 609.2344669000000295
47 52 1875.0309500000000753
48 52 -0.0000000000000002
52 52 7704.0747760000003836
53 52 -0.0051972265590000
54 52 -0.0000000000000036
58 52 609.2350912000000562
59 52 -1875.0336589999999433
103 52 -1300.0199520000001030
104 52 422.4020742000000155
106 52 555.0429084999999532
107 52 1708.2464769999999135
108 52 -137.9642950999999869
115 52 0.0019397158080000
116 52 3276.9063190000001669
118 52 2731.4872350000000552
119 52 -0.0012801102220000
120 52 -21.1913034499999995
121 52 1300.0209740000000238
122 52 422.4022287999999890
124 52 555.0428994000000102
125 52 -1708.2471669999999904
126 52 -137.9642350999999962
5 53 -5257.4411840000002485
6 53 -424.6103688000000034
7 53 25873.0222600000015518
8 53 0.0000014968015530
9 53 -5257.4458320000003368
10 53 424.6103883000000110
46 53 -1875.0305760000001101
47 53 -5770.7509239999999409
48 53 0.0000000000000009
52 53 -0.0051972265590000
53 53 72974.0544200000003912
54 53 -0.0000000000000071
58 53 1875.0333989999999176
59 53 -5770.7620340000003125
103 53 4001.0493369999999231
104 53 -1300.0196929999999611
106 53 -1708.2461370000000898
107 53 -5257.4411840000002485
108 53 424.6103688000000034
115 53 -31039.3067300000002433
116 53 -0.0019397158080000
118 53 -0.0012801102220000
119 53 25873.0222600000015518
