2003 2003 83883
1 1 277281165.1830000281333923
2 1 3101923.8009199998341501
3 1 -51131286.8839000016450882
4 1 -1312271.2798800000455230
5 1 -61260263.8668999969959259
6 1 1023498082.5000000000000000
7 1 -47543152.1943999975919724
8 1 -1322042.4199699999298900
9 1 3741313.6744400002062321
10 1 1240267.5282399998977780
11 1 84564.5407440999988467
12 1 -37798021.8761000037193298
37 1 -203602411.8379999995231628
41 1 60932462.1774000003933907
42 1 1061296104.3799999952316284
157 1 -15930371.5854000002145767
158 1 -1115853.2622299999929965
159 1 51131286.8839000016450882
160 1 1240267.5282399998977780
161 1 84564.5407440999988467
162 1 264.8177354869999931
163 1 -11650935.8640000000596046
164 1 -664028.1187220000429079
165 1 -3741313.6744400002062321
166 1 -1312271.2798800000455230
167 1 -61260263.8668999969959259
168 1 26864.5201163999990968
169 1 1445706.2990099999587983
173 1 60932462.1774000003933907
174 1 26599.7023808999983885
1 2 3101923.8009199998341501
2 2 127878987.6099999994039536
3 2 44013741.0319999977946281
4 2 19246452.9736000001430511
5 2 1312271.2798800000455230
6 2 554365443.8619999885559082
7 2 -1322042.4199699999298900
8 2 -28243530.7564000003039837
9 2 255092.1196070000005420
10 2 -18190408.5100999996066093
11 2 -1240267.5282399998977780
12 2 554365443.8619999885559082
38 2 -93082589.2856999933719635
39 2 -3750000.0000000000000000
157 2 -1115853.2622299999929965
158 2 359230.9386509999749251
159 2 3486258.9679600000381470
160 2 -18190408.5100999996066093
161 2 -1240267.5282399998977780
162 2 -3883.9546142700000928
163 2 -664028.1187220000429079
164 2 7291026.4929200001060963
165 2 3494907.8803900000639260
166 2 19246452.9736000001430511
167 2 1312271.2798800000455230
168 2 -3883.9546142700000928
170 2 -14203125.0000000000000000
171 2 -47500000.0000000000000000
1 3 -51131286.8839000016450882
2 3 44013741.0319999977946281
3 3 2606613608.4800000190734863
4 3 -60880441.1473999992012978
5 3 -64909343.3300999999046326
7 3 -3741313.6744400002062321
8 3 -255092.1196070000005420
9 3 889752960.2350000143051147
10 3 4425681.3015999998897314
11 3 -64909343.3300999999046326
38 3 3750000.0000000000000000
39 3 -3897594.7521700002253056
40 3 -65306122.4490000009536743
157 3 51131286.8839000016450882
158 3 3486258.9679600000381470
159 3 -1008230888.5700000524520874
163 3 3741313.6744400002062321
164 3 -3494907.8803900000639260
165 3 -2065696418.7200000286102295
170 3 -47500000.0000000000000000
171 3 -418541666.6669999957084656
1 4 -1312271.2798800000455230
2 4 19246452.9736000001430511
3 4 -60880441.1473999992012978
4 4 1343678049.3800001144409180
5 4 -58120631.4484999999403954
6 4 266308.7858540000161156
7 4 1240267.5282399998977780
8 4 -18190408.5100999996066093
9 4 -4425681.3015999998897314
10 4 -815326541.6670000553131104
11 4 -114874410.5240000039339066
12 4 19486.0087209999983315
39 4 65306122.4490000009536743
40 4 228571428.5710000097751617
157 4 -1240267.5282399998977780
158 4 18190408.5100999996066093
160 4 -768825799.6069999933242798
161 4 -52420465.0816999971866608
162 4 -266308.7858540000161156
163 4 1312271.2798800000455230
164 4 -19246452.9736000001430511
166 4 798395044.5859999656677246
167 4 54436570.1274999976158142
168 4 -19486.0087209999983315
1 5 -61260263.8668999969959259
2 5 1312271.2798800000455230
3 5 -64909343.3300999999046326
4 5 -58120631.4484999999403954
5 5 4346251312.1700000762939453
6 5 -229238.2345419999910519
7 5 84564.5407440999988467
8 5 -1240267.5282399998977780
9 5 64909343.3300999999046326
10 5 -114874410.5240000039339066
11 5 861648873.4429999589920044
12 5 1328.6047896200000196
37 5 60932462.1774000003933907
41 5 -2597905172.0799999237060547
42 5 -19531.2500000000000000
157 5 -84564.5407440999988467
158 5 1240267.5282399998977780
160 5 -52420465.0816999971866608
161 5 -3574158.3604299998842180
162 5 -18157.5987915000005160
163 5 61260263.8668999969959259
164 5 -1312271.2798800000455230
166 5 54436570.1274999976158142
167 5 2570304503.3800001144409180
168 5 18202.6452104000018153
169 5 -60932462.1774000003933907
173 5 -2559919704.8499999046325684
174 5 247395.8333329999877606
1 6 1023498082.5000000000000000
2 6 554365443.8619999885559082
4 6 266308.7858540000161156
5 6 -229238.2345419999910519
6 6 22281022277.0999984741210938
7 6 37798021.8761000037193298
8 6 -554365443.8619999885559082
10 6 -19486.0087209999983315
11 6 -1328.6047896200000196
12 6 7425919663.2399997711181641
37 6 -1061296104.3799999952316284
41 6 19531.2500000000000000
42 6 3714541546.5300002098083496
157 6 -264.8177354879999825
158 6 3883.9546142700000928
160 6 -266308.7858540000161156
161 6 -18157.5987915000005160
162 6 -70256.8652730000030715
163 6 26864.5201163999990968
164 6 -3883.9546142700000928
166 6 19486.0087209999983315
167 6 -18202.6452104000018153
168 6 -64535.7534560999993118
169 6 -26599.7023808999983885
173 6 247395.8333329999877606
174 6 87917.7517361000063829
1 7 -47543152.1943999975919724
2 7 -1322042.4199699999298900
3 7 -3741313.6744400002062321
4 7 1240267.5282399998977780
5 7 84564.5407440999988467
6 7 37798021.8761000037193298
7 7 151303864.2520000040531158
8 7 5973284.8883899999782443
9 7 -4.9237785339400002
10 7 -2723421.6831499999389052
11 7 -185687.6966039999970235
12 7 -6376921.4828199995681643
13 7 -53460600.8757999986410141
14 7 -1225004.9139300000388175
15 7 3741314.0347099998034537
16 7 1344548.3126600000541657
17 7 91672.7575228000059724
18 7 -44174943.3589999973773956
151 7 -15182835.0179999992251396
152 7 -1067356.8993200000841171
153 7 51131291.8077000007033348
154 7 1344548.3126600000541657
155 7 91672.7575228000059724
156 7 239.0393303099999969
157 7 -19186904.5786999985575676
158 7 -1243027.3929500000085682
159 7 -0.3602767735720000
160 7 -2723421.6831499999389052
161 7 -185687.6966039999970235
162 7 -25.7784051771999998
163 7 -15930371.5854000002145767
164 7 -1115853.2622299999929965
165 7 -51131286.8839000016450882
166 7 1240267.5282399998977780
167 7 84564.5407440999988467
168 7 -264.8177354869999931
1 8 -1322042.4199699999298900
2 8 -28243530.7564000003039837
3 8 -255092.1196070000005420
4 8 -18190408.5100999996066093
5 8 -1240267.5282399998977780
6 8 -554365443.8619999885559082
7 8 5973284.8883899999782443
8 8 64102954.9724999964237213
9 8 72.2154411971999934
10 8 39943549.3074999973177910
11 8 2723421.6831499999389052
12 8 93540729.7935000061988831
13 8 -1225004.9139300000388175
14 8 -35577190.0604000017046928
15 8 255086.8355499999888707
16 8 -19720255.1108999997377396
17 8 -1344548.3126600000541657
18 8 647906173.6560000181198120
151 8 -1067356.8993200000841171
152 8 399128.5317090000025928
153 8 3486186.7525200000964105
154 8 -19720255.1108999997377396
155 8 -1344548.3126600000541657
156 8 -3505.9480800299998009
157 8 -1243027.3929500000085682
158 8 -1040593.6260100000072271
159 8 5.2840566532700004
160 8 39943549.3074999973177910
161 8 2723421.6831499999389052
162 8 378.0065342450000117
163 8 -1115853.2622299999929965
164 8 359230.9386509999749251
165 8 -3486258.9679600000381470
166 8 -18190408.5100999996066093
167 8 -1240267.5282399998977780
168 8 3883.9546142700000928
1 9 3741313.6744400002062321
2 9 255092.1196070000005420
3 9 889752960.2350000143051147
4 9 -4425681.3015999998897314
5 9 64909343.3300999999046326
7 9 -4.9237785339400002
8 9 72.2154411971999934
9 9 3787116429.2600002288818359
10 9 746666.9572929999558255
11 9 -10952584.5960000008344650
13 9 -3741314.0347099998034537
14 9 -255086.8355499999888707
15 9 812930006.3619999885559082
16 9 5172348.2588900001719594
17 9 -75861927.9261000007390976
151 9 51131291.8077000007033348
152 9 3486186.7525200000964105
153 9 -941606296.8109999895095825
157 9 0.3602766841650000
158 9 -5.2840566588600000
159 9 -3539962210.4699997901916504
163 9 -51131286.8839000016450882
164 9 -3486258.9679600000381470
165 9 -1008230888.5700000524520874
1 10 1240267.5282399998977780
2 10 -18190408.5100999996066093
3 10 4425681.3015999998897314
4 10 -815326541.6670000553131104
5 10 -114874410.5240000039339066
6 10 -19486.0087209999983315
7 10 -2723421.6831499999389052
8 10 39943549.3074999973177910
9 10 746666.9572929999558255
10 10 1838797922.6600000858306885
11 10 -121372016.7600000053644180
12 10 0.0256446730345000
13 10 1344548.3126600000541657
14 10 -19720255.1108999997377396
15 10 -5172348.2588900001719594
16 10 -884511338.9869999885559082
17 10 -124395783.1930000036954880
18 10 19486.0105973999998241
151 10 -1344548.3126600000541657
152 10 19720255.1108999997377396
154 10 -832701668.8250000476837158
155 10 -56774499.9984999969601631
156 10 -266308.8114990000030957
157 10 2723421.6831499999389052
158 10 -39943549.3074999973177910
160 10 1658448267.6500000953674316
161 10 113075928.6630000025033951
162 10 -0.0018764347769300
163 10 -1240267.5282399998977780
164 10 18190408.5100999996066093
166 10 -768825799.6069999933242798
167 10 -52420465.0816999971866608
168 10 266308.7858540000161156
1 11 84564.5407440999988467
2 11 -1240267.5282399998977780
3 11 -64909343.3300999999046326
4 11 -114874410.5240000039339066
5 11 861648873.4429999589920044
6 11 -1328.6047896200000196
7 11 -185687.6966039999970235
8 11 2723421.6831499999389052
9 11 -10952584.5960000008344650
10 11 -121372016.7600000053644180
11 11 3610646982.2399997711181641
12 11 -0.3761220899180000
13 11 91672.7575228000059724
14 11 -1344548.3126600000541657
15 11 75861927.9261000007390976
16 11 -124395783.1930000036954880
17 11 931498433.0920000076293945
18 11 1328.5772684900000513
151 11 -91672.7575228000059724
152 11 1344548.3126600000541657
154 11 -56774499.9984999969601631
155 11 -3870946.7877400000579655
156 11 -18157.2226693999982672
157 11 185687.6966039999970235
158 11 -2723421.6831499999389052
160 11 113075928.6630000025033951
161 11 7709716.3015999998897314
162 11 0.0275211288608000
163 11 -84564.5407440999988467
164 11 1240267.5282399998977780
166 11 -52420465.0816999971866608
167 11 -3574158.3604299998842180
168 11 18157.5987915000005160
1 12 -37798021.8761000037193298
2 12 554365443.8619999885559082
4 12 19486.0087209999983315
5 12 1328.6047896200000196
6 12 7425919663.2399997711181641
7 12 -6376921.4828199995681643
8 12 93540729.7935000061988831
10 12 0.0256446730345000
11 12 -0.3761220899180000
12 12 30908010006.5999984741210938
13 12 44174943.3589999973773956
14 12 -647906173.6560000181198120
16 12 -19486.0105973999998241
17 12 -1328.5772684900000513
18 12 8028006381.1000003814697266
151 12 -239.0393303099999969
152 12 3505.9480800299998009
154 12 -266308.8114990000030957
155 12 -18157.2226693999982672
156 12 -60303.8364693999974406
157 12 -25.7784051771999998
158 12 378.0065342450000117
160 12 0.0018764386186400
161 12 -0.0275211285989000
162 12 -419039.2731350000249222
163 12 264.8177354879999825
164 12 -3883.9546142700000928
166 12 266308.7858540000161156
167 12 18157.5987915000005160
168 12 -70256.8652730000030715
7 13 -53460600.8757999986410141
8 13 -1225004.9139300000388175
9 13 -3741314.0347099998034537
10 13 1344548.3126600000541657
11 13 91672.7575228000059724
12 13 44174943.3589999973773956
13 13 155261494.8089999854564667
14 13 5743062.4188900003209710
15 13 28.1372363567000008
16 13 -2822466.3398099998012185
17 13 -192450.2494650000007823
18 13 -5180.3575295099999494
19 13 -53460538.2035000026226044
20 13 -1225150.2789499999489635
21 13 3741311.9758899998851120
22 13 1344705.9622299999464303
23 13 91694.4092623000033200
24 13 -44180123.7164999991655350
145 13 -15182822.7343000005930662
146 13 -1067482.9737199998926371
147 13 51131263.6705000028014183
148 13 1344705.9622299999464303
149 13 91694.4092623000033200
150 13 239.0678218520000087
151 13 -17974697.9769000001251698
152 13 -1158067.3529799999669194
153 13 2.0588223338099998
154 13 -2822466.3398099998012185
155 13 -192450.2494650000007823
156 13 0.0284915415423000
157 13 -15182835.0179999992251396
158 13 -1067356.8993200000841171
159 13 -51131291.8077000007033348
160 13 1344548.3126600000541657
161 13 91672.7575228000059724
162 13 -239.0393303099999969
7 14 -1225004.9139300000388175
8 14 -35577190.0604000017046928
9 14 -255086.8355499999888707
10 14 -19720255.1108999997377396
11 14 -1344548.3126600000541657
12 14 -647906173.6560000181198120
13 14 5743062.4188900003209710
14 14 71425601.7055000066757202
15 14 -412.6593865749999850
16 14 41394159.2158999964594841
17 14 2822466.3398099998012185
18 14 -1069.6090340499999911
19 14 -1225150.2789499999489635
20 14 -35577151.8202999979257584
21 14 255117.0301399999880232
22 14 -19720222.1968000009655952
23 14 -1344705.9622299999464303
24 14 647905104.0470000505447388
145 14 -1067482.9737199998926371
146 14 399111.0124509999877773
147 14 3486599.4119099997915328
148 14 -19720222.1968000009655952
149 14 -1344705.9622299999464303
150 14 -3505.9490323099998932
151 14 -1158067.3529799999669194
152 14 -1069499.3689300001133233
153 14 -30.1945892497999999
154 14 41394159.2158999964594841
155 14 2822466.3398099998012185
156 14 -0.0009522839973220
157 14 -1067356.8993200000841171
158 14 399128.5317090000025928
159 14 -3486186.7525200000964105
160 14 -19720255.1108999997377396
161 14 -1344548.3126600000541657
162 14 3505.9480800299998009
7 15 3741314.0347099998034537
8 15 255086.8355499999888707
9 15 812930006.3619999885559082
10 15 -5172348.2588900001719594
11 15 75861927.9261000007390976
13 15 28.1372363567000008
14 15 -412.6593865749999850
15 15 3650051757.7699999809265137
16 15 606.5567680000000337
17 15 125.2389903069999946
19 15 -3741311.9758899998851120
20 15 -255117.0301399999880232
21 15 812930531.2920000553131104
22 15 5172954.8156599998474121
23 15 -75861802.6870999932289124
145 15 51131263.6705000028014183
146 15 3486599.4119099997915328
147 15 -941606746.4179999828338623
151 15 -2.0588225126299999
152 15 30.1945892377000007
153 15 -3392699252.1999998092651367
157 15 -51131291.8077000007033348
158 15 -3486186.7525200000964105
159 15 -941606296.8109999895095825
7 16 1344548.3126600000541657
8 16 -19720255.1108999997377396
9 16 5172348.2588900001719594
10 16 -884511338.9869999885559082
11 16 -124395783.1930000036954880
12 16 -19486.0105973999998241
13 16 -2822466.3398099998012185
14 16 41394159.2158999964594841
15 16 606.5567680000000337
16 16 1904525997.9600000381469727
17 16 -126510185.3209999948740005
18 16 -0.1465481054040000
19 16 1344705.9622299999464303
20 16 -19720222.1968000009655952
21 16 -5172954.8156599998474121
22 16 -884508824.1660000085830688
23 16 -124410369.6089999973773956
24 16 19485.9998744000004081
145 16 -1344705.9622299999464303
146 16 19720222.1968000009655952
148 16 -832700284.0989999771118164
149 16 -56781157.2102999985218048
150 16 -266308.6649500000057742
151 16 2822466.3398099998012185
152 16 -41394159.2158999964594841
154 16 1720105046.3499999046325684
155 16 117285595.0269999951124191
156 16 0.0107230314752000
157 16 -1344548.3126600000541657
158 16 19720255.1108999997377396
160 16 -832701668.8250000476837158
161 16 -56774499.9984999969601631
162 16 266308.8114990000030957
7 17 91672.7575228000059724
8 17 -1344548.3126600000541657
9 17 -75861927.9261000007390976
10 17 -124395783.1930000036954880
11 17 931498433.0920000076293945
12 17 -1328.5772684900000513
13 17 -192450.2494650000007823
14 17 2822466.3398099998012185
15 17 125.2389903069999946
16 17 -126510185.3209999948740005
17 17 3751292339.6500000953674316
18 17 2.1492676384500000
19 17 91694.4092623000033200
20 17 -1344705.9622299999464303
21 17 75861802.6870999932289124
22 17 -124410369.6089999973773956
23 17 931495912.5770000219345093
24 17 1328.7345319799999288
145 17 -91694.4092623000033200
146 17 1344705.9622299999464303
148 17 -56781157.2102999985218048
149 17 -3871861.0713999997824430
150 17 -18159.3719369999998889
151 17 192450.2494650000007823
152 17 -2822466.3398099998012185
154 17 117285595.0269999951124191
155 17 7997134.1741699995473027
156 17 -0.1572634857800000
157 17 -91672.7575228000059724
158 17 1344548.3126600000541657
160 17 -56774499.9984999969601631
161 17 -3870946.7877400000579655
162 17 18157.2226693999982672
7 18 -44174943.3589999973773956
8 18 647906173.6560000181198120
10 18 19486.0105973999998241
11 18 1328.5772684900000513
12 18 8028006381.1000003814697266
13 18 -5180.3575295099999494
14 18 -1069.6090340499999911
16 18 -0.1465481054040000
17 18 2.1492676384500000
18 18 32112168454.2999992370605469
19 18 44180123.7164999991655350
20 18 -647905104.0470000505447388
22 18 -19485.9998744000004081
23 18 -1328.7345319799999288
24 18 8028001963.4300003051757812
145 18 -239.0678218520000087
146 18 3505.9490323099998932
148 18 -266308.6649500000057742
149 18 -18159.3719369999998889
150 18 -60303.9053590999974404
151 18 0.0284915415432000
152 18 -0.0009522839973220
154 18 -0.0107230285648000
155 18 0.1572634859770000
156 18 -392980.7432009999756701
157 18 239.0393303099999969
158 18 -3505.9480800299998009
160 18 266308.8114990000030957
161 18 18157.2226693999982672
162 18 -60303.8364693999974406
13 19 -53460538.2035000026226044
14 19 -1225150.2789499999489635
15 19 -3741311.9758899998851120
16 19 1344705.9622299999464303
17 19 91694.4092623000033200
18 19 44180123.7164999991655350
19 19 219316900.1579999923706055
20 19 -8272451.2321499995887280
21 19 -78.1508424281999936
22 19 -4241754.8792500002309680
23 19 -289178.0773310000076890
24 19 -142432386.4110000133514404
25 19 -129927711.1120000034570694
26 19 11944914.0495999995619059
27 19 3741317.6942400000989437
28 19 2798044.7439999999478459
29 19 190733.3833830000075977
30 19 -186612510.1270000040531158
139 19 -12246875.3942000009119511
140 19 -901720.9431310000363737
141 19 51131341.8212999999523163
142 19 2798044.7439999999478459
143 19 190733.3833830000075977
144 19 -336.6525031360000071
145 19 -8498952.7139699999243021
146 19 -478108.6216690000146627
147 19 -5.7183545678899996
148 19 -4241754.8792500002309680
149 19 -289178.0773310000076890
150 19 -575.7203249880000158
151 19 -15182822.7343000005930662
152 19 -1067482.9737199998926371
153 19 -51131263.6705000028014183
154 19 1344705.9622299999464303
155 19 91694.4092623000033200
156 19 -239.0678218520000087
13 20 -1225150.2789499999489635
14 20 -35577151.8202999979257584
15 20 -255117.0301399999880232
16 20 -19720222.1968000009655952
17 20 -1344705.9622299999464303
18 20 -647905104.0470000505447388
19 20 -8272451.2321499995887280
20 20 340123226.7400000095367432
21 20 1146.2777544999999009
22 20 62219394.5601999983191490
23 20 4241754.8792500002309680
24 20 2089686731.5599999427795410
25 20 11944914.0495999995619059
26 20 -304344479.0899999737739563
27 20 255033.1561579999979585
28 20 -41047111.1589000001549721
29 20 -2798044.7439999999478459
30 20 2737591835.6100001335144043
139 20 -901720.9431310000363737
140 20 919837.3896889999741688
141 20 3485453.1341599998995662
142 20 -41047111.1589000001549721
143 20 -2798044.7439999999478459
144 20 4938.6675276699997994
145 20 -478108.6216690000146627
146 20 -1520544.2315499999094754
147 20 83.8739820196999943
148 20 62219394.5601999983191490
149 20 4241754.8792500002309680
150 20 8444.6165599800006021
151 20 -1067482.9737199998926371
152 20 399111.0124509999877773
153 20 -3486599.4119099997915328
154 20 -19720222.1968000009655952
155 20 -1344705.9622299999464303
156 20 3505.9490323099998932
13 21 3741311.9758899998851120
14 21 255117.0301399999880232
15 21 812930531.2920000553131104
16 21 -5172954.8156599998474121
17 21 75861802.6870999932289124
19 21 -78.1508424281999936
20 21 1146.2777544999999009
21 21 2844230487.4299998283386230
22 21 16677256.7022999990731478
23 21 -244679197.5769999921321869
25 21 -3741317.6942400000989437
26 21 -255033.1561579999979585
27 21 264124264.2430000007152557
28 21 21850211.5179999992251396
29 21 -320541000.2639999985694885
139 21 51131341.8212999999523163
140 21 3485453.1341599998995662
141 21 -555812342.0119999647140503
145 21 5.7183545976900003
146 21 -83.8739820179000048
147 21 -2423866194.5399999618530273
151 21 -51131263.6705000028014183
152 21 -3486599.4119099997915328
153 21 -941606746.4179999828338623
13 22 1344705.9622299999464303
14 22 -19720222.1968000009655952
15 22 5172954.8156599998474121
16 22 -884508824.1660000085830688
17 22 -124410369.6089999973773956
18 22 -19485.9998744000004081
19 22 -4241754.8792500002309680
20 22 62219394.5601999983191490
21 22 16677256.7022999990731478
22 22 2852468224.5900001525878906
23 22 -197149075.3970000147819519
24 22 0.4070356339220000
25 22 2798044.7439999999478459
26 22 -41047111.1589000001549721
27 22 -21850211.5179999992251396
28 22 -1846782398.4400000572204590
29 22 -257599456.8070000112056732
30 22 19486.0296574999993027
139 22 -2798044.7439999999478459
140 22 41047111.1589000001549721
142 22 -1725975107.4600000381469727
143 22 -117653969.8260000050067902
144 22 -266309.0719859999953769
145 22 4241754.8792500002309680
146 22 -62219394.5601999983191490
148 22 2599333105.2899999618530273
149 22 177207243.8799999952316284
150 22 -0.0297830933705000
151 22 -1344705.9622299999464303
152 22 19720222.1968000009655952
154 22 -832700284.0989999771118164
155 22 -56781157.2102999985218048
156 22 266308.6649500000057742
13 23 91694.4092623000033200
14 23 -1344705.9622299999464303
15 23 -75861802.6870999932289124
16 23 -124410369.6089999973773956
17 23 931495912.5770000219345093
18 23 -1328.7345319799999288
19 23 -289178.0773310000076890
20 23 4241754.8792500002309680
21 23 -244679197.5769999921321869
22 23 -197149075.3970000147819519
23 23 5730883765.7500000000000000
24 23 -5.9701966382600000
25 23 190733.3833830000075977
26 23 -2798044.7439999999478459
27 23 320541000.2639999985694885
28 23 -257599456.8070000112056732
29 23 1914623041.7899999618530273
30 23 1328.2976883199999065
139 23 -190733.3833830000075977
140 23 2798044.7439999999478459
142 23 -117653969.8260000050067902
143 23 -8020078.9430999998003244
144 23 -18153.4017404000005627
145 23 289178.0773310000076890
146 23 -4241754.8792500002309680
148 23 177207243.8799999952316284
149 23 12080947.9857000000774860
150 23 0.4368436565780000
151 23 -91694.4092623000033200
152 23 1344705.9622299999464303
154 23 -56781157.2102999985218048
155 23 -3871861.0713999997824430
156 23 18159.3719369999998889
13 24 -44180123.7164999991655350
14 24 647905104.0470000505447388
16 24 19485.9998744000004081
17 24 1328.7345319799999288
18 24 8028001963.4300003051757812
19 24 -142432386.4110000133514404
20 24 2089686731.5599999427795410
22 24 0.4070356339220000
23 24 -5.9701966382600000
24 24 49059884192.9000015258789062
25 24 186612510.1270000040531158
26 24 -2737591835.6100001335144043
28 24 -19486.0296574999993027
29 24 -1328.2976883199999065
30 24 16501883733.7999992370605469
139 24 336.6525031360000071
140 24 -4938.6675276699997994
142 24 -266309.0719859999953769
143 24 -18153.4017404000005627
144 24 21566.1787782999999763
145 24 -575.7203249880000158
146 24 8444.6165599800006021
148 24 0.0297830962809000
149 24 -0.4368436563890000
150 24 -190273.9314899999881163
151 24 239.0678218520000087
152 24 -3505.9490323099998932
154 24 266308.6649500000057742
155 24 18159.3719369999998889
156 24 -60303.9053590999974404
19 25 -129927711.1120000034570694
20 25 11944914.0495999995619059
21 25 -3741317.6942400000989437
22 25 2798044.7439999999478459
23 25 190733.3833830000075977
24 25 186612510.1270000040531158
25 25 382669770.0699999928474426
26 25 -11144152.5635999999940395
27 25 51131341.8212999999523163
28 25 -2830438.9427200001664460
29 25 -50249232.3332000002264977
30 25 1985050731.8499999046325684
31 25 -240974128.4830000102519989
35 25 49659354.6270999982953072
36 25 1798438221.7300000190734863
133 25 1181045.1498499999288470
137 25 49659354.6270999982953072
138 25 9903.2738095200002135
139 25 -702100.2309730000561103
140 25 100959.4570810000004712
141 25 3741317.6942400000989437
142 25 -2830438.9427200001664460
143 25 -50249232.3332000002264977
144 25 10239.9263126999994711
145 25 -12246875.3942000009119511
146 25 -901720.9431310000363737
147 25 -51131341.8212999999523163
148 25 2798044.7439999999478459
149 25 190733.3833830000075977
150 25 336.6525031360000071
19 26 11944914.0495999995619059
20 26 -304344479.0899999737739563
21 26 -255033.1561579999979585
22 26 -41047111.1589000001549721
23 26 -2798044.7439999999478459
24 26 -2737591835.6100001335144043
25 26 -11144152.5635999999940395
26 26 420721145.9679999947547913
27 26 54735453.1341999992728233
28 26 41522331.6780999973416328
29 26 2830438.9427200001664460
30 26 -2737591835.6100001335144043
32 26 -106489285.7140000015497208
33 26 -3750000.0000000000000000
134 26 -12610714.2857000008225441
135 26 -51250000.0000000000000000
139 26 100959.4570810000004712
140 26 1803495.7327300000470132
141 26 4005033.1561599997803569
142 26 41522331.6780999973416328
143 26 2830438.9427200001664460
144 26 -4938.6675276699997994
145 26 -901720.9431310000363737
146 26 919837.3896889999741688
147 26 -3485453.1341599998995662
148 26 -41047111.1589000001549721
149 26 -2798044.7439999999478459
150 26 -4938.6675276699997994
19 27 3741317.6942400000989437
20 27 255033.1561579999979585
21 27 264124264.2430000007152557
22 27 -21850211.5179999992251396
23 27 320541000.2639999985694885
25 27 51131341.8212999999523163
26 27 54735453.1341999992728233
27 27 1915767002.3299999237060547
28 27 -256250211.5180000066757202
29 27 320541000.2639999985694885
32 27 3750000.0000000000000000
33 27 170401428.5710000097751617
34 27 -234400000.0000000000000000
134 27 -51250000.0000000000000000
135 27 -509654761.9049999713897705
139 27 -3741317.6942400000989437
140 27 -4005033.1561599997803569
141 27 -1284825591.2200000286102295
145 27 -51131341.8212999999523163
146 27 -3485453.1341599998995662
147 27 -555812342.0119999647140503
19 28 2798044.7439999999478459
20 28 -41047111.1589000001549721
21 28 21850211.5179999992251396
22 28 -1846782398.4400000572204590
23 28 -257599456.8070000112056732
24 28 -19486.0296574999993027
25 28 -2830438.9427200001664460
26 28 41522331.6780999973416328
27 28 -256250211.5180000066757202
28 28 4244204957.0500001907348633
29 28 -133890275.3879999965429306
30 28 -266309.0719859999953769
33 28 234400000.0000000000000000
34 28 1172000000.0000000000000000
139 28 2830438.9427200001664460
140 28 -41522331.6780999973416328
142 28 1739281282.0000000000000000
143 28 118561007.3900000005960464
144 28 19486.0296574999993027
145 28 -2798044.7439999999478459
146 28 41047111.1589000001549721
148 28 -1725975107.4600000381469727
149 28 -117653969.8260000050067902
150 28 266309.0719859999953769
19 29 190733.3833830000075977
20 29 -2798044.7439999999478459
21 29 -320541000.2639999985694885
22 29 -257599456.8070000112056732
23 29 1914623041.7899999618530273
24 29 -1328.2976883199999065
25 29 -50249232.3332000002264977
26 29 2830438.9427200001664460
27 29 320541000.2639999985694885
28 29 -133890275.3879999965429306
29 29 5983179098.6000003814697266
30 29 -285080.4850740000256337
31 29 49659354.6270999982953072
35 29 -2105712053.5599999427795410
36 29 -19531.2500000000000000
133 29 -49659354.6270999982953072
137 29 -2087277901.7799999713897705
138 29 266927.0833330000168644
139 29 50249232.3332000002264977
140 29 -2830438.9427200001664460
142 29 118561007.3900000005960464
143 29 2106474021.7599999904632568
144 29 20859.5476883000010275
145 29 -190733.3833830000075977
146 29 2798044.7439999999478459
148 29 -117653969.8260000050067902
149 29 -8020078.9430999998003244
150 29 18153.4017404000005627
19 30 -186612510.1270000040531158
20 30 2737591835.6100001335144043
22 30 19486.0296574999993027
23 30 1328.2976883199999065
24 30 16501883733.7999992370605469
25 30 1985050731.8499999046325684
26 30 -2737591835.6100001335144043
28 30 -266309.0719859999953769
29 30 -285080.4850740000256337
30 30 50988230933.5000000000000000
31 30 -1798438221.7300000190734863
35 30 19531.2500000000000000
36 30 8992197929.0699996948242188
133 30 -9903.2738095200002135
137 30 266927.0833330000168644
138 30 42695.9325396999993245
139 30 10239.9263126999994711
140 30 -4938.6675276699997994
142 30 -19486.0296574999993027
143 30 -20859.5476883000010275
144 30 60916.4306731000033324
145 30 -336.6525031360000071
146 30 4938.6675276699997994
148 30 266309.0719859999953769
149 30 18153.4017404000005627
150 30 21566.1787782999999763
25 31 -240974128.4830000102519989
29 31 49659354.6270999982953072
30 31 -1798438221.7300000190734863
31 31 481967158.6859999895095825
35 31 -100112581.4899999946355820
103 31 -240974128.4830000102519989
107 31 49659354.6270999982953072
108 31 1798438221.7300000190734863
127 31 1181045.1498499999288470
131 31 49659354.6270999982953072
132 31 9903.2738095200002135
133 31 -2380992.0196199999190867
137 31 -100112581.4899999946355820
139 31 1181045.1498499999288470
143 31 49659354.6270999982953072
144 31 -9903.2738095200002135
26 32 -106489285.7140000015497208
27 32 3750000.0000000000000000
32 32 232621428.5710000097751617
104 32 -106489285.7140000015497208
105 32 -3750000.0000000000000000
128 32 -12610714.2857000008225441
129 32 -51250000.0000000000000000
134 32 5578571.4285700004547834
135 32 -0.0000000596046448
140 32 -12610714.2857000008225441
141 32 51250000.0000000000000000
26 33 -3750000.0000000000000000
27 33 170401428.5710000097751617
28 33 234400000.0000000000000000
33 33 1793125714.2899999618530273
104 33 3750000.0000000000000000
105 33 170401428.5710000097751617
106 33 -234400000.0000000000000000
128 33 -51250000.0000000000000000
129 33 -509654761.9049999713897705
134 33 -0.0000001192092896
135 33 -1114619047.6199998855590820
140 33 51250000.0000000000000000
141 33 -509654761.9049999713897705
27 34 -234400000.0000000000000000
28 34 1172000000.0000000000000000
34 34 4688000000.0000000000000000
105 34 234400000.0000000000000000
106 34 1172000000.0000000000000000
25 35 49659354.6270999982953072
29 35 -2105712053.5599999427795410
30 35 19531.2500000000000000
31 35 -100112581.4899999946355820
35 35 4255880952.3600001335144043
36 35 0.0000000018626451
103 35 49659354.6270999982953072
107 35 -2105712053.5599999427795410
108 35 -19531.2500000000000000
127 35 -49659354.6270999982953072
131 35 -2087277901.7799999713897705
132 35 266927.0833330000168644
133 35 100112581.4899999946355820
137 35 4196784226.1700000762939453
138 35 -0.0000000002328306
139 35 -49659354.6270999982953072
143 35 -2087277901.7799999713897705
144 35 -266927.0833330000168644
25 36 1798438221.7300000190734863
29 36 -19531.2500000000000000
30 36 8992197929.0699996948242188
35 36 0.0000000018626451
36 36 35968853100.1999969482421875
103 36 -1798438221.7300000190734863
107 36 19531.2500000000000000
108 36 8992197929.0699996948242188
127 36 -9903.2738095200002135
131 36 266927.0833330000168644
132 36 42695.9325396999993245
137 36 0.0000000002328306
138 36 109399.8015869999944698
139 36 9903.2738095200002135
143 36 -266927.0833330000168644
144 36 42695.9325396999993245
1 37 -203602411.8379999995231628
5 37 60932462.1774000003933907
6 37 -1061296104.3799999952316284
37 37 407216172.6169999837875366
41 37 -122341579.8610000014305115
42 37 0.0001907460391520
43 37 -203602411.8379999995231628
47 37 60932462.1774000003933907
48 37 1061296104.3799999952316284
163 37 1445706.2990099999587983
167 37 60932462.1774000003933907
168 37 -26599.7023808999983885
169 37 -2902761.5386399999260902
173 37 -122341579.8610000014305115
174 37 0.0000000055879354
175 37 1445706.2990099999587983
179 37 60932462.1774000003933907
180 37 26599.7023808999983885
2 38 -93082589.2856999933719635
3 38 3750000.0000000000000000
38 38 198977678.5710000097751617
44 38 -93082589.2856999933719635
45 38 -3750000.0000000000000000
164 38 -14203125.0000000000000000
165 38 47500000.0000000000000000
170 38 15593750.0000000000000000
171 38 -0.0000000894069672
176 38 -14203125.0000000000000000
177 38 -47500000.0000000000000000
2 39 -3750000.0000000000000000
3 39 -3897594.7521700002253056
4 39 65306122.4490000009536743
39 39 1289045189.5000000000000000
40 39 -0.0000109672546387
44 39 3750000.0000000000000000
45 39 -3897594.7522100000642240
46 39 -65306122.4490000009536743
164 39 47500000.0000000000000000
165 39 -418541666.6669999957084656
170 39 -0.0000000298023224
171 39 -444166666.6669999957084656
176 39 -47500000.0000000000000000
177 39 -418541666.6669999957084656
3 40 -65306122.4490000009536743
4 40 228571428.5710000097751617
39 40 -0.0000109672546387
40 40 914285714.2860000133514404
45 40 65306122.4490000009536743
46 40 228571428.5710000097751617
1 41 60932462.1774000003933907
5 41 -2597905172.0799999237060547
6 41 19531.2500000000000000
37 41 -122341579.8610000014305115
41 41 5222503052.4899997711181641
42 41 -0.0000000009313226
43 41 60932462.1774000003933907
47 41 -2597905172.0799999237060547
48 41 -19531.2500000000000000
163 41 -60932462.1774000003933907
167 41 -2559919704.8499999046325684
168 41 -247395.8333329999877606
169 41 122341579.8610000014305115
173 41 5133185763.8800001144409180
174 41 0.0000000016298145
175 41 -60932462.1774000003933907
179 41 -2559919704.8499999046325684
180 41 247395.8333329999877606
1 42 1061296104.3799999952316284
5 42 -19531.2500000000000000
6 42 3714541546.5300002098083496
37 42 0.0001907460391520
41 42 -0.0000000009313226
42 42 14858201830.7000007629394531
43 42 -1061296104.3799999952316284
47 42 19531.2500000000000000
48 42 3714541546.5300002098083496
163 42 26599.7023808999983885
167 42 -247395.8333329999877606
168 42 87917.7517361000063829
169 42 0.0000000054715201
173 42 0.0000000006984919
174 42 316026.4756940000224859
175 42 -26599.7023808999983885
179 42 247395.8333329999877606
180 42 87917.7517361000063829
37 43 -203602411.8379999995231628
41 43 60932462.1774000003933907
42 43 -1061296104.3799999952316284
43 43 407216172.6169999837875366
47 43 -122341579.8610000014305115
48 43 -0.0000991863198578
49 43 -203602411.8379999995231628
53 43 60932462.1772999987006187
54 43 1061296104.3799999952316284
169 43 1445706.2990099999587983
173 43 60932462.1774000003933907
174 43 -26599.7023808999983885
175 43 -2902761.5386299998499453
179 43 -122341579.8610000014305115
180 43 -0.0000000024447218
181 43 1445706.2990099999587983
185 43 60932462.1772999987006187
186 43 26599.7023808999983885
38 44 -93082589.2856999933719635
39 44 3750000.0000000000000000
44 44 198977678.5710000097751617
45 44 -0.0000002384185791
50 44 -93082589.2856999933719635
51 44 -3750000.0000000000000000
170 44 -14203125.0000000000000000
171 44 47500000.0000000000000000
176 44 15593750.0000000000000000
177 44 -0.0000002086162567
182 44 -14203125.0000000000000000
183 44 -47500000.0000000000000000
38 45 -3750000.0000000000000000
39 45 -3897594.7522100000642240
40 45 65306122.4490000009536743
44 45 -0.0000002384185791
45 45 1289045189.5000000000000000
46 45 0.0000054836273193
50 45 3750000.0000000000000000
51 45 -3897594.7521899999119341
52 45 -65306122.4490000009536743
170 45 47500000.0000000000000000
171 45 -418541666.6669999957084656
176 45 0.0000000298023224
177 45 -444166666.6669999957084656
182 45 -47500000.0000000000000000
183 45 -418541666.6669999957084656
39 46 -65306122.4490000009536743
40 46 228571428.5710000097751617
45 46 0.0000054836273193
46 46 914285714.2860000133514404
51 46 65306122.4490000009536743
52 46 228571428.5710000097751617
37 47 60932462.1774000003933907
41 47 -2597905172.0799999237060547
42 47 19531.2500000000000000
43 47 -122341579.8610000014305115
47 47 5222503052.4799995422363281
48 47 -0.0000000046566129
49 47 60932462.1772999987006187
53 47 -2597905172.0700001716613770
54 47 -19531.2500000000000000
169 47 -60932462.1774000003933907
173 47 -2559919704.8499999046325684
174 47 -247395.8333329999877606
175 47 122341579.8610000014305115
179 47 5133185763.8699998855590820
180 47 0.0000000040745363
181 47 -60932462.1772999987006187
185 47 -2559919704.8499999046325684
186 47 247395.8333329999877606
37 48 1061296104.3799999952316284
41 48 -19531.2500000000000000
42 48 3714541546.5300002098083496
43 48 -0.0000991863198578
47 48 -0.0000000046566129
48 48 14858201830.7000007629394531
49 48 -1061296104.3799999952316284
53 48 19531.2500000000000000
54 48 3714541546.5300002098083496
169 48 26599.7023808999983885
173 48 -247395.8333329999877606
174 48 87917.7517361000063829
175 48 -0.0000000023283064
180 48 316026.4756940000224859
181 48 -26599.7023808999983885
185 48 247395.8333329999877606
186 48 87917.7517361000063829
43 49 -203602411.8379999995231628
47 49 60932462.1772999987006187
48 49 -1061296104.3799999952316284
49 49 407216172.6169999837875366
53 49 -122341579.8610000014305115
54 49 0.0000534076243639
55 49 -203602411.8379999995231628
59 49 60932462.1775000020861626
60 49 1061296104.3799999952316284
175 49 1445706.2990099999587983
179 49 60932462.1772999987006187
180 49 -26599.7023808999983885
181 49 -2902761.5386399999260902
185 49 -122341579.8610000014305115
186 49 0.0000000010477379
187 49 1445706.2990099999587983
191 49 60932462.1775000020861626
192 49 26599.7023808999983885
44 50 -93082589.2856999933719635
45 50 3750000.0000000000000000
50 50 198977678.5710000097751617
56 50 -93082589.2856999933719635
57 50 -3750000.0000000000000000
176 50 -14203125.0000000000000000
177 50 47500000.0000000000000000
182 50 15593750.0000000000000000
183 50 -0.0000000298023224
188 50 -14203125.0000000000000000
189 50 -47500000.0000000000000000
44 51 -3750000.0000000000000000
45 51 -3897594.7521899999119341
46 51 65306122.4490000009536743
51 51 1289045189.5000000000000000
52 51 -0.0000028610229492
56 51 3750000.0000000000000000
57 51 -3897594.7521999999880791
58 51 -65306122.4490000009536743
176 51 47500000.0000000000000000
177 51 -418541666.6669999957084656
182 51 -0.0000001788139343
183 51 -444166666.6669999957084656
188 51 -47500000.0000000000000000
189 51 -418541666.6669999957084656
45 52 -65306122.4490000009536743
46 52 228571428.5710000097751617
51 52 -0.0000028610229492
52 52 914285714.2860000133514404
57 52 65306122.4490000009536743
58 52 228571428.5710000097751617
43 53 60932462.1772999987006187
47 53 -2597905172.0700001716613770
48 53 19531.2500000000000000
49 53 -122341579.8610000014305115
53 53 5222503052.4899997711181641
54 53 0.0000000009313226
55 53 60932462.1775000020861626
59 53 -2597905172.0799999237060547
60 53 -19531.2500000000000000
175 53 -60932462.1772999987006187
179 53 -2559919704.8499999046325684
180 53 -247395.8333329999877606
181 53 122341579.8610000014305115
185 53 5133185763.8800001144409180
186 53 -0.0000000012805685
187 53 -60932462.1775000020861626
191 53 -2559919704.8600001335144043
192 53 247395.8333329999877606
43 54 1061296104.3799999952316284
47 54 -19531.2500000000000000
48 54 3714541546.5300002098083496
49 54 0.0000534076243639
53 54 0.0000000009313226
54 54 14858201830.7000007629394531
55 54 -1061296104.3799999952316284
59 54 19531.2500000000000000
60 54 3714541546.5300002098083496
175 54 26599.7023808999983885
179 54 -247395.8333329999877606
180 54 87917.7517361000063829
181 54 0.0000000009313226
185 54 0.0000000039581209
186 54 316026.4756940000224859
187 54 -26599.7023808999983885
191 54 247395.8333329999877606
192 54 87917.7517361000063829
49 55 -203602411.8379999995231628
53 55 60932462.1775000020861626
54 55 -1061296104.3799999952316284
55 55 277300786.5960000157356262
56 55 -3101923.8009199998341501
57 55 -51131286.8839000016450882
58 55 1312271.2798800000455230
59 55 -61260263.8669999986886978
60 55 -1022997736.4800000190734863
61 55 -47543152.1943999975919724
62 55 1322042.4199699999298900
63 55 3741313.6744400002062321
64 55 -1240267.5282399998977780
65 55 84564.5407440999988467
66 55 37798021.8761000037193298
79 55 -15930371.5854000002145767
80 55 1115853.2622299999929965
81 55 51131286.8839000016450882
82 55 -1240267.5282399998977780
83 55 84564.5407440999988467
84 55 -264.8177354879999825
181 55 1445706.2990099999587983
185 55 60932462.1775000020861626
186 55 -26599.7023808999983885
187 55 -11650935.8640000000596046
188 55 664028.1187220000429079
189 55 -3741313.6744400002062321
190 55 1312271.2798800000455230
191 55 -61260263.8669999986886978
192 55 -26864.5201163999990968
325 55 -19621.4125788999990618
330 55 500346.0207609999924898
50 56 -93082589.2856999933719635
51 56 3750000.0000000000000000
55 56 -3101923.8009199998341501
56 56 129743693.4930000007152557
57 56 -44013741.0319999977946281
58 56 19246452.9736000001430511
59 56 -1312271.2798800000455230
60 56 554365443.8619999885559082
