1806 1806 63454
1 1 1931606.4083149998914450
3 1 -102165.6540779000060866
4 1 -35568.9099421400023857
5 1 -106958.7991879000037443
6 1 -165835.2234516000025906
7 1 -717.8452534025000205
11 1 -106958.7991879000037443
12 1 -5254.6272549109999090
13 1 -1828653.9894749999511987
14 1 -88998.5054409400036093
18 1 -124987.6919694999960484
19 1 -102234.5735871999931987
20 1 -166734.9332833999942522
21 1 102165.6540779000060866
22 1 -35568.9099423899970134
23 1 -0.0000000001779659
24 1 -35592.9042273899976863
2 2 1.0000000000000000
1 3 -102165.6540779000060866
3 3 1931468.6157569999340922
4 3 165787.2510567000135779
5 3 -106958.7991880000045057
6 3 35568.9099421499995515
8 3 88998.5054409400036093
9 3 -1828653.9894749999511987
10 3 124987.6919694999960484
15 3 -717.8452534025000205
16 3 5254.6272549109999090
17 3 -106958.7991879000037443
19 3 102165.6540779000060866
20 3 166622.5320733000116888
21 3 -102096.7810292999929516
22 3 35544.9318326900029206
23 3 -0.0000000001780860
24 3 35568.9099423899970134
1 4 -35568.9099421400023857
3 4 165787.2510567000135779
4 4 527926122.8108999729156494
5 4 816517.9529601000249386
6 4 12131131.1892799995839596
8 4 -2544144.9598179999738932
9 4 -124987.6919692999945255
10 4 246582267.0970000028610229
15 4 -5254.6272549109999090
16 4 -53433.9723253600022872
17 4 -525150.9133617000188679
19 4 35568.9099421400023857
20 4 -43494.3718092299968703
21 4 -35544.9318325299973367
22 4 5492559.2696979995816946
23 4 -1857243.8597490000538528
24 4 7768871.3061220003291965
1 5 -106958.7991879000037443
3 5 -106958.7991880000045057
4 5 816517.9529601000249386
5 5 45562353.3602999970316887
6 5 -815265.9270394999766722
7 5 106958.7991879000037443
11 5 10610299.5645199995487928
12 5 525150.9133617000188679
15 5 106958.7991879000037443
16 5 -525150.9133617000188679
17 5 10610299.5645199995487928
19 5 -0.0000000001779659
21 5 0.0000001190312036
22 5 -1857243.8597490000538528
23 5 -3035593.7403560001403093
24 5 1855991.8338339999318123
1 6 -165835.2234516000025906
3 6 35568.9099421499995515
4 6 12131131.1892799995839596
5 6 -815265.9270394999766722
6 6 527942484.2742999792098999
7 6 5254.6272549109999090
11 6 525150.9133617000188679
12 6 -53433.9723253600022872
13 6 124987.6919692999945255
14 6 -2544144.9598179999738932
18 6 246582267.0970000028610229
19 6 35592.9042273599989130
20 6 -43523.7124992399985786
21 6 -35568.9099421499995515
22 6 7768871.3061220003291965
23 6 1855991.8338339999318123
24 6 5503037.2787579996511340
1 7 -717.8452534025000205
5 7 106958.7991879000037443
6 7 5254.6272549109999090
7 7 290220.3020811000023969
8 7 456524.4068720000213943
9 7 22241.8985326799993345
10 7 -7285.4617961430003561
11 7 9458.2015863809992879
12 7 -32521.3562505800000508
19 7 -144672.7533687000104692
20 7 -225242.2185507999965921
21 7 -75273.5820262399938656
22 7 -19710.9400609100011934
23 7 32177.6878689600016514
24 7 -58319.7882032400011667
25 7 -717.8026557708999462
29 7 -106952.4521493000065675
30 7 -5297.3835995720000938
31 7 -144111.9008031999983359
32 7 -231282.1883211999956984
33 7 53031.6834935599981691
34 7 16068.2091628700000001
35 7 -22725.8333212799989269
36 7 -55351.8869998899972416
3 8 88998.5054409400036093
4 8 -2544144.9598179999738932
7 8 456524.4068720000213943
8 8 766320.6998893000418320
9 8 -146498.2087263999856077
10 8 -146.1404342502000020
12 8 0.0000011769589037
19 8 -225242.2185507999965921
20 8 -351466.2414485000190325
21 8 -117705.7722529000020586
22 8 -16088.8439344800008257
24 8 30787.6736404500006756
27 8 89722.6991912999947090
28 8 2543998.8193839997984469
31 8 -231282.1883211999956984
32 8 -371889.5258768000057898
33 8 85482.7763471399957780
34 8 11362.9166606399994635
36 8 30743.5058065000011993
3 9 -1828653.9894749999511987
4 9 -124987.6919692999945255
7 9 22241.8985326799993345
8 9 -146498.2087263999856077
9 9 3717395.0146169997751713
10 9 163403.4014942999929190
11 9 -123062.3588939000037499
12 9 7285.4617960830000811
19 9 -75273.5820262399938656
20 9 -117705.7722529000020586
21 9 -39964.9691933099966263
22 9 85738.2901827599998796
23 9 -61575.3472808899969095
24 9 19710.9400609100011934
27 9 -1828545.9590620000381023
28 9 126004.9428723000019090
31 9 53031.6834935599981691
32 9 85482.7763471399957780
33 9 -20230.0968863800007966
34 9 92887.1603624900017167
35 9 -61487.0116130099995644
36 9 -16068.2091628700000001
3 10 124987.6919694999960484
4 10 246582267.0970000028610229
7 10 -7285.4617961430003561
8 10 -146.1404342502000020
9 10 163403.4014942999929190
10 10 1063566126.0650000572204590
11 10 -20327729.1661400012671947
12 10 1546252.8927619999740273
19 10 39421.8801221300018369
20 10 0.0000000557629392
21 10 -75437.8614414400071837
22 10 6071984.8320479998365045
23 10 -8775718.4944720007479191
24 10 3173062.6183790001086891
27 10 -126004.9428723000019090
28 10 246578142.3695999979972839
31 10 -32136.4183259800011001
32 10 -0.0000001448788680
33 10 -86948.2891499899997143
34 10 7499906.9575300002470613
35 10 -9011044.5259089991450310
36 10 -2771994.1329180002212524
1 11 -106958.7991879000037443
5 11 10610299.5645199995487928
6 11 525150.9133617000188679
7 11 9458.2015863809992879
9 11 -123062.3588939000037499
10 11 -20327729.1661400012671947
11 11 69910533.3836099952459335
12 11 655122.6337852999567986
19 11 -32177.6878689500008477
20 11 0.0000001192092896
21 11 61575.3472809200029587
22 11 -8775718.4944720007479191
23 11 1205793.5999960000626743
24 11 -4585964.0750839998945594
25 11 106952.4521493000065675
29 11 10609667.3566299993544817
30 11 529424.0378513999748975
31 11 22725.8333211499993922
32 11 -0.0000001192092896
33 11 61487.0116130199967301
34 11 -9011044.5259089991450310
35 11 413612.5423506000079215
36 11 3330516.3248999998904765
1 12 -5254.6272549109999090
5 12 525150.9133617000188679
6 12 -53433.9723253600022872
7 12 -32521.3562505800000508
8 12 0.0000011769589037
9 12 7285.4617960830000811
10 12 1546252.8927619999740273
11 12 655122.6337852999567986
12 12 7600448.2523900000378489
19 12 20600.8574822000009590
20 12 -0.0000002809101716
21 12 -39421.8801221300018369
22 12 3173062.6183790001086891
23 12 -4585964.0750839998945594
24 12 1658160.6605819999240339
25 12 5297.3835995720000938
29 12 529424.0378513999748975
30 12 -53009.2828174099995522
31 12 11877.7424237300001550
32 12 -0.0000008960487321
33 12 32136.4183260399986466
34 12 -2771994.1329180002212524
35 12 3330516.3248999998904765
36 12 1024539.5731499999528751
1 13 -1828653.9894749999511987
6 13 124987.6919692999945255
13 13 3717282.1984080001711845
14 13 146550.2018760000064503
15 13 29516.4446827600004326
16 13 -6818.2840557850004188
17 13 -122641.3216352000017650
18 13 -163481.1516629999969155
19 13 -39896.5091841399989789
20 13 117651.6150920999934897
21 13 -75187.9150045400019735
22 13 -19720.3772406700009014
23 13 -61584.9811842999988585
24 13 -85819.5322396200062940
37 13 -1828501.6028630000073463
39 13 -7360.2131717820002450
40 13 486.0520997173999831
41 13 430.6711621149000280
42 13 -126000.0313733999937540
43 13 -20230.0968863800007966
44 13 -85482.7763471399957780
45 13 53031.6834935599981691
46 13 16068.2091628700000001
47 13 -61487.0116130099995644
48 13 -92887.1603624900017167
1 14 -88998.5054409400036093
6 14 -2544144.9598179999738932
13 14 146550.2018760000064503
14 14 766612.2558410000056028
15 14 -456198.3197274000267498
16 14 -10244.0641152799998963
17 14 -0.0000001192092896
18 14 -205.7855695039000068
19 14 117651.6150920999934897
20 14 -351758.3048877000110224
21 14 225277.4226369000098202
22 14 30792.4905921499994292
24 14 -16081.4439745899999252
37 14 -89720.5351799700001720
39 14 -361.2912306449999846
40 14 -10244.0641164999997272
42 14 2543939.1742489999160171
43 14 -85482.7763471399957780
44 14 -371889.5258768000057898
45 14 231282.1883211999956984
46 14 30743.5058065000011993
48 14 11362.9166606399994635
3 15 -717.8452534025000205
4 15 -5254.6272549109999090
5 15 106958.7991879000037443
13 15 29516.4446827600004326
14 15 -456198.3197274000267498
15 15 290175.2416459000087343
16 15 32520.3459821600008581
17 15 9445.9921141989998432
18 15 6818.2840559639998901
19 15 -75187.9150045400019735
20 15 225277.4226369000098202
21 15 -144598.0718368999951053
22 15 58358.2798152699979255
23 15 32162.8879491699990467
24 15 19720.3772406700009014
37 15 -7360.2131717820002450
39 15 -747.4237522788999968
40 15 5299.2125534130000233
41 15 -106949.8617017000069609
42 15 -486.0520997173999831
43 15 53031.6834935599981691
44 15 231282.1883211999956984
45 15 -144111.9008031999983359
46 15 55351.8869998899972416
47 15 -22725.8333212799989269
48 15 -16068.2091628700000001
3 16 5254.6272549109999090
4 16 -53433.9723253600022872
5 16 -525150.9133617000188679
13 16 -6818.2840557850004188
14 16 -10244.0641152799998963
15 16 32520.3459821600008581
16 16 7607422.9051470002159476
17 16 -657507.8215875000460073
18 16 -517633.8572028999915347
19 16 39440.7544815500004916
20 16 -0.0000003270106390
21 16 -20598.0182599299987487
22 16 1658639.6128899999894202
23 16 4583854.7905150000005960
24 16 3175936.4865740002132952
37 16 -486.0520997172999955
39 16 -5299.2125534130000233
40 16 -49010.1140549600022496
41 16 -529411.2260116999968886
42 16 -993124.0269285000395030
43 16 -32136.4183260399986466
44 16 -0.0000008960487321
45 16 -11877.7424237300001550
46 16 1024539.5731499999528751
47 16 -3330516.3248999998904765
48 16 -2771994.1329180002212524
3 17 -106958.7991879000037443
4 17 -525150.9133617000188679
5 17 10610299.5645199995487928
13 17 -122641.3216352000017650
14 17 -0.0000001192092896
15 17 9445.9921141989998432
16 17 -657507.8215875000460073
17 17 69905611.5012799948453903
18 17 20325073.4901299998164177
19 17 61584.9811842999988585
21 17 -32162.8879491699990467
22 17 4583854.7905150000005960
23 17 1198542.3252600000705570
24 17 8777091.5183860007673502
37 17 -430.6711621122000224
39 17 106949.8617017000069609
40 17 -529411.2260116999968886
41 17 10609582.6525299996137619
42 17 -2131.8601475049999863
43 17 61487.0116130199967301
44 17 0.0000001192092896
45 17 22725.8333211499993922
46 17 -3330516.3248999998904765
47 17 413612.5423506000079215
48 17 9011044.5259089991450310
1 18 -124987.6919694999960484
6 18 246582267.0970000028610229
13 18 -163481.1516629999969155
14 18 -205.7855695039000068
15 18 6818.2840559639998901
16 18 -517633.8572028999915347
17 18 20325073.4901299998164177
18 18 1063569959.5490000247955322
19 18 75520.5231091299938271
20 18 0.0000001481967047
21 18 -39440.7544816700028605
22 18 3175936.4865740002132952
23 18 8777091.5183860007673502
24 18 6081232.1666310001164675
37 18 126000.0313732999929925
39 18 486.0520997172999955
40 18 -993124.0269285000395030
41 18 -2131.8601475049999863
42 18 246572459.7032999992370605
43 18 86948.2891499899997143
44 18 -0.0000001448788680
45 18 32136.4183259800011001
46 18 -2771994.1329180002212524
47 18 9011044.5259089991450310
48 18 7499906.9575300002470613
1 19 -102234.5735871999931987
3 19 102165.6540779000060866
4 19 35568.9099421400023857
5 19 -0.0000000001779659
6 19 35592.9042273599989130
7 19 -144672.7533687000104692
8 19 -225242.2185507999965921
9 19 -75273.5820262399938656
10 19 39421.8801221300018369
11 19 -32177.6878689500008477
12 19 20600.8574822000009590
13 19 -39896.5091841399989789
14 19 117651.6150920999934897
15 19 -75187.9150045400019735
16 19 39440.7544815500004916
17 19 61584.9811842999988585
18 19 75520.5231091299938271
19 19 2206433.6859940001741052
20 19 388463.3402851999853738
21 19 -355027.7928047999739647
22 19 65016.5348284599967883
23 19 -81671.9020672100014053
24 19 84936.0303444000019226
31 19 -1183.3336015709999174
32 19 177.5547504076999985
33 19 -3627.7127361220000239
34 19 176.5159519905000138
35 19 -102507.7037344999989728
36 19 -5074.7146612099995764
43 19 -1509888.9232189999893308
44 19 -73897.0794541399955051
45 19 -2491.3361663599998792
46 19 121.3927972798999946
47 19 169.5258925498999929
48 19 -78599.2315958200051682
49 19 -408557.5930337000172585
50 19 -40418.2788392899965402
51 19 409442.6846601999714039
52 19 0.0000000241561793
53 19 -0.0000001244479790
54 19 0.0000000211875886
1 20 -166734.9332833999942522
3 20 166622.5320733000116888
4 20 -43494.3718092299968703
6 20 -43523.7124992399985786
7 20 -225242.2185507999965921
8 20 -351466.2414485000190325
9 20 -117705.7722529000020586
10 20 0.0000000557629392
11 20 0.0000001192092896
12 20 -0.0000002809101716
13 20 117651.6150920999934897
14 20 -351758.3048877000110224
15 20 225277.4226369000098202
16 20 -0.0000003270106390
18 20 0.0000001481967047
19 20 388463.3402851999853738
20 20 1026344.9795529999537393
21 20 -388374.6104206999880262
22 20 1740015.1345550001133233
24 20 1740497.7802170000504702
31 20 177.5547504076999985
32 20 -21807.5782438300011563
33 20 73786.6812756199942669
34 20 1584388.8902280000038445
36 20 -3812.5549095020001005
43 20 -73897.0794541399955051
44 20 -21855.1012787200015737
45 20 -122.0262767924999991
46 20 -2619.9810683969999445
48 20 1586616.8686669999733567
49 20 -40418.2788392899965402
50 20 -6491.3546725930000321
51 20 40515.7729646899970248
52 20 -0.0000000018626451
53 20 -0.0000000149011612
54 20 -0.0000000037252903
1 21 102165.6540779000060866
3 21 -102096.7810292999929516
4 21 -35544.9318325299973367
5 21 0.0000001190312036
6 21 -35568.9099421499995515
7 21 -75273.5820262399938656
8 21 -117705.7722529000020586
9 21 -39964.9691933099966263
10 21 -75437.8614414400071837
11 21 61575.3472809200029587
12 21 -39421.8801221300018369
13 21 -75187.9150045400019735
14 21 225277.4226369000098202
15 21 -144598.0718368999951053
16 21 -20598.0182599299987487
17 21 -32162.8879491699990467
18 21 -39440.7544816700028605
19 21 -355027.7928047999739647
20 21 -388374.6104206999880262
21 21 2207120.0415570000186563
22 21 -84954.4588598099944647
23 21 -81722.9127032999967923
24 21 -65016.5348284599967883
31 21 -3627.7127361220000239
32 21 73786.6812756199942669
33 21 -1508748.3683219999074936
34 21 78429.2762397899932694
35 21 246.6668704541999944
36 21 -176.5159519905000138
43 21 -2491.3361663599998792
44 21 -122.0262767924999991
45 21 -1181.3770871019999049
46 21 5085.9772324300001856
47 21 -102662.0550956999941263
48 21 -121.3927972798999946
49 21 409442.6846601999714039
50 21 40515.7729646899970248
51 21 -410530.4740881000179797
52 21 -0.0000000470899977
53 21 0.0000003352761269
54 21 -0.0000000092550181
1 22 -35568.9099423899970134
3 22 35544.9318326900029206
4 22 5492559.2696979995816946
5 22 -1857243.8597490000538528
6 22 7768871.3061220003291965
7 22 -19710.9400609100011934
8 22 -16088.8439344800008257
9 22 85738.2901827599998796
10 22 6071984.8320479998365045
11 22 -8775718.4944720007479191
12 22 3173062.6183790001086891
13 22 -19720.3772406700009014
14 22 30792.4905921499994292
15 22 58358.2798152699979255
16 22 1658639.6128899999894202
17 22 4583854.7905150000005960
18 22 3175936.4865740002132952
19 22 65016.5348284599967883
20 22 1740015.1345550001133233
21 22 -84954.4588598099944647
22 22 265709331.6827000081539154
23 22 -3598060.2993959998711944
24 22 29695735.4064199998974800
31 22 -176.5159519901000067
32 22 -1584388.8902280000038445
33 22 -78429.2762396600010106
34 22 88893208.1820700019598007
35 22 711.9700132852999559
36 22 -213938.4703974000003655
43 22 -121.3927972801999999
44 22 2619.9810683969999445
45 22 -5085.9772324300001856
46 22 -13253.2109940999998798
47 22 -296318.8012028000084683
48 22 -146898.6829938000009861
49 22 10281.6011647800005449
50 22 -216444.2438617000007071
51 22 -11171.7894988200005173
52 22 -0.0000001192092896
53 22 -0.0000000023283064
54 22 -0.0000001192092896
1 23 -0.0000000001779659
3 23 -0.0000000001780860
4 23 -1857243.8597490000538528
5 23 -3035593.7403560001403093
6 23 1855991.8338339999318123
7 23 32177.6878689600016514
9 23 -61575.3472808899969095
10 23 -8775718.4944720007479191
11 23 1205793.5999960000626743
12 23 -4585964.0750839998945594
13 23 -61584.9811842999988585
15 23 32162.8879491699990467
16 23 4583854.7905150000005960
17 23 1198542.3252600000705570
18 23 8777091.5183860007673502
19 23 -81671.9020672100014053
21 23 -81722.9127032999967923
22 23 -3598060.2993959998711944
23 23 56734797.6985599994659424
24 23 3598207.2653129999525845
31 23 102507.7037344999989728
33 23 -246.6668704545000139
34 23 711.9700132847999612
35 23 5948954.5092810001224279
36 23 295874.3955170999979600
43 23 -169.5258925484999963
45 23 102662.0550956999941263
46 23 -296318.8012028000084683
47 23 5953365.4302719999104738
48 23 -489.3113546773000166
49 23 8741.0175405690006301
51 23 8719.9838098060008633
52 23 -0.0000000004656613
1 24 -35592.9042273899976863
3 24 35568.9099423899970134
4 24 7768871.3061220003291965
5 24 1855991.8338339999318123
6 24 5503037.2787579996511340
7 24 -58319.7882032400011667
8 24 30787.6736404500006756
9 24 19710.9400609100011934
10 24 3173062.6183790001086891
11 24 -4585964.0750839998945594
12 24 1658160.6605819999240339
13 24 -85819.5322396200062940
14 24 -16081.4439745899999252
15 24 19720.3772406700009014
16 24 3175936.4865740002132952
17 24 8777091.5183860007673502
18 24 6081232.1666310001164675
19 24 84936.0303444000019226
20 24 1740497.7802170000504702
21 24 -65016.5348284599967883
22 24 29695735.4064199998974800
23 24 3598207.2653129999525845
24 24 265767702.1547999978065491
31 24 5074.7146612099995764
32 24 3812.5549095020001005
33 24 176.5159519901000067
34 24 -213938.4703974000003655
35 24 295874.3955170999979600
36 24 -12992.7806633000000147
43 24 78599.2315959200059297
44 24 -1586616.8686669999733567
45 24 121.3927972801999999
46 24 -146898.6829938000009861
47 24 -489.3113546774000042
48 24 88945898.3246800005435944
49 24 11122.2480687099996430
50 24 -215923.4086238000018056
51 24 -10281.6011647800005449
52 24 -0.0000001192092896
53 24 0.0000000013969839
54 24 -0.0000001192092896
7 25 -717.8026557708999462
11 25 106952.4521493000065675
12 25 5297.3835995720000938
25 25 1843484.7032709999475628
27 25 247327.4024530999886338
28 25 193895.2598895000119228
29 25 -302448.8260532999993302
30 25 -285192.1581933000124991
31 25 -211880.3511245000117924
32 25 -322826.2402625000104308
33 25 -244842.0905223999870941
34 25 193735.0753102999879047
35 25 0.0000000008213960
36 25 -167653.5913179999915883
55 25 -2748.5663526120001734
59 25 -409537.4859657000051811
60 25 -13522.9464548100004322
61 25 -1628137.9831379998940974
62 25 -79836.2350568399997428
63 25 -2485.3119306459998370
64 25 160.1845794131000105
65 25 136.2077633284999933
66 25 -109313.0040199000068242
26 26 1.0000000000000000
8 27 89722.6991912999947090
9 27 -1828545.9590620000381023
10 27 -126004.9428723000019090
25 27 247327.4024530999886338
27 27 5070026.5709610003978014
28 27 285454.6922733000246808
29 27 -89197.3474029799981508
30 27 -193895.2598895000119228
31 27 -244842.0905223999870941
32 27 -373047.5767190000042319
33 27 -282931.6119840000174008
34 27 223873.9958412999985740
35 27 -0.0000000007108159
36 27 -193735.0753102999879047
56 27 96442.1329171599936672
57 27 -2957944.6414180002175272
58 27 183171.2542178999865428
61 27 -2485.3119306459998370
62 27 -121.9129864971999950
63 27 -604.3584967990000223
64 27 4414.3850861560003978
65 27 -89197.3474025100003928
66 27 -160.1845794131000105
8 28 2543998.8193839997984469
9 28 126004.9428723000019090
10 28 246578142.3695999979972839
25 28 193895.2598895000119228
27 28 285454.6922733000246808
28 28 1737295106.1960000991821289
29 28 9327896.1906640008091927
30 28 -70112084.8522599935531616
31 28 -193735.0753100999863818
32 28 295377.2658650000230409
33 28 -223873.9958417000016198
34 28 37904988.6431500017642975
35 28 -10199951.4118399992585182
36 28 -46259770.1465400010347366
56 28 -5547274.4201309997588396
57 28 -183171.2542177999857813
58 28 526877052.4753999710083008
61 28 -160.1845794136999928
62 28 3373.0945290829999976
63 28 -4414.3850861560003978
64 28 -31432.5736170300006052
65 28 -439145.7856767000048421
66 28 -326551.0136212999932468
7 29 -106952.4521493000065675
11 29 10609667.3566299993544817
12 29 529424.0378513999748975
25 29 -302448.8260532999993302
27 29 -89197.3474029799981508
28 29 9327896.1906640008091927
29 29 136035663.2520000040531158
30 29 15517926.3416300006210804
31 29 0.0000002392399751
32 29 0.0000004768371582
33 29 0.0000004761263423
34 29 -10199951.4118499998003244
35 29 -15623516.8380100000649691
36 29 -11786734.4170800000429153
55 29 409537.4859657000051811
59 29 40567957.1463299989700317
60 29 1346519.4314580000936985
61 29 -136.2077633259999914
63 29 89197.3474025100003928
64 29 -439145.7856767000048421
65 29 8820256.8517829999327660
66 29 -670.5924221172999751
7 30 -5297.3835995720000938
11 30 529424.0378513999748975
12 30 -53009.2828174099995522
25 30 -285192.1581933000124991
27 30 -193895.2598895000119228
28 30 -70112084.8522599935531616
29 30 15517926.3416300006210804
30 30 520009456.8481000065803528
31 30 167653.5913179999915883
32 30 -255612.2547076999908313
33 30 193735.0753100999863818
34 30 -46259770.1465400010347366
35 30 -11786734.4170800000429153
36 30 24480764.9364800006151199
55 30 13522.9464548100004322
59 30 1346519.4314580000936985
60 30 -166429.0734557000105269
61 30 109313.0040200999937952
62 30 -2208912.8929599998518825
63 30 160.1845794136999928
64 30 -326551.0136212999932468
65 30 -670.5924221172999751
66 30 213814060.3303999900817871
7 31 -144111.9008031999983359
8 31 -231282.1883211999956984
9 31 53031.6834935599981691
10 31 -32136.4183259800011001
11 31 22725.8333211499993922
12 31 11877.7424237300001550
19 31 -1183.3336015709999174
20 31 177.5547504076999985
21 31 -3627.7127361220000239
22 31 -176.5159519901000067
23 31 102507.7037344999989728
24 31 5074.7146612099995764
25 31 -211880.3511245000117924
27 31 -244842.0905223999870941
28 31 -193735.0753100999863818
29 31 0.0000002392399751
30 31 167653.5913179999915883
31 31 2599807.6493029999546707
32 31 488232.7892672999878414
33 31 765910.0815050000092015
34 31 -240288.3549403999932110
35 31 32827.8803395799986902
36 31 297684.4278806999791414
49 31 -683051.1682803999865428
51 31 -680596.7758387000067160
53 31 35634.7527298600034555
61 31 -50819.4611039000010351
62 31 139485.4003451000025962
63 31 110124.8140986999933375
64 31 -60617.1090305300022010
65 31 -128040.4094458000035957
66 31 134360.8292294999992009
67 31 -1508761.4343890000600368
68 31 -73787.3157790800032672
72 31 -78430.3485324399953242
7 32 -231282.1883211999956984
8 32 -371889.5258768000057898
9 32 85482.7763471399957780
10 32 -0.0000001448788680
11 32 -0.0000001192092896
12 32 -0.0000008960487321
19 32 177.5547504076999985
20 32 -21807.5782438300011563
21 32 73786.6812756199942669
22 32 -1584388.8902280000038445
24 32 3812.5549095020001005
25 32 -322826.2402625000104308
27 32 -373047.5767190000042319
28 32 295377.2658650000230409
29 32 0.0000004768371582
30 32 -255612.2547076999908313
31 32 488232.7892672999878414
32 32 1321734.5944119999185205
33 32 522954.4284841999760829
34 32 -2038136.2727179999928921
36 32 2134452.8709089998155832
50 32 -18374.7435869799992361
52 32 -801781.9364179000258446
54 32 803711.2844945000251755
61 32 139485.4003451000025962
62 32 -390757.6191821999964304
63 32 -309176.3093879999942146
64 32 0.0000008712522686
65 32 -0.0000001192092896
66 32 0.0000004223547876
67 32 -73787.3157790800032672
68 32 -21807.7595457600000373
72 32 1584401.9713920000940561
7 33 53031.6834935599981691
8 33 85482.7763471399957780
9 33 -20230.0968863800007966
10 33 -86948.2891499899997143
11 33 61487.0116130199967301
12 33 32136.4183260399986466
19 33 -3627.7127361220000239
20 33 73786.6812756199942669
21 33 -1508748.3683219999074936
22 33 -78429.2762396600010106
23 33 -246.6668704545000139
24 33 176.5159519901000067
25 33 -244842.0905223999870941
27 33 -282931.6119840000174008
28 33 -223873.9958417000016198
29 33 0.0000004761263423
30 33 193735.0753100999863818
31 33 765910.0815050000092015
32 33 522954.4284841999760829
33 33 2738097.9005040000192821
34 33 -484644.0217412000056356
35 33 -134754.3869979000010062
36 33 240288.3549403999932110
49 33 -680596.7758387000067160
51 33 -679779.6254059999482706
53 33 -35720.5015329700036091
61 33 110124.8140986999933375
62 33 -309176.3093879999942146
63 33 -245233.5836173999996390
64 33 -27347.5084079199987173
65 33 -57765.6412526499989326
66 33 60617.1090307600024971
69 33 -1174.6142884700000195
70 33 5074.3337261979995674
71 33 -102508.5889547999977367
7 34 16068.2091628700000001
8 34 11362.9166606399994635
9 34 92887.1603624900017167
10 34 7499906.9575300002470613
11 34 -9011044.5259089991450310
12 34 -2771994.1329180002212524
19 34 176.5159519905000138
20 34 1584388.8902280000038445
21 34 78429.2762397899932694
22 34 88893208.1820700019598007
23 34 711.9700132847999612
24 34 -213938.4703974000003655
25 34 193735.0753102999879047
27 34 223873.9958412999985740
28 34 37904988.6431500017642975
29 34 -10199951.4118499998003244
30 34 -46259770.1465400010347366
31 34 -240288.3549403999932110
32 34 -2038136.2727179999928921
33 34 -484644.0217412000056356
34 34 392833520.3033000230789185
35 34 8080674.7471009995788336
36 34 -114792313.3390000015497208
50 34 801781.9364179000258446
52 34 23312544.3117399998009205
54 34 -23391226.3770800009369850
61 34 30308.5545152000013331
62 34 -64020.2047229599993443
63 34 94527.9230238500022097
64 34 1811206.0398880001157522
65 34 7671508.2209120001643896
66 34 -4014628.0368300001136959
69 34 -5074.3337261979995674
70 34 -13507.5412362900005974
71 34 -295876.9463604000047781
7 35 -22725.8333212799989269
9 35 -61487.0116130099995644
10 35 -9011044.5259089991450310
11 35 413612.5423506000079215
12 35 3330516.3248999998904765
19 35 -102507.7037344999989728
21 35 246.6668704541999944
22 35 711.9700132852999559
23 35 5948954.5092810001224279
24 35 295874.3955170999979600
25 35 0.0000000008213960
27 35 -0.0000000007108159
28 35 -10199951.4118399992585182
29 35 -15623516.8380100000649691
30 35 -11786734.4170800000429153
31 35 32827.8803395799986902
33 35 -134754.3869979000010062
34 35 8080674.7471009995788336
35 35 86192028.2454400062561035
36 35 -3250630.2309119999408722
49 35 -35634.7527296800035401
51 35 35720.5015330899987021
53 35 2078224.7816109999548644
61 35 128040.4094459000043571
63 35 57765.6412526299973251
64 35 7671508.2209120001643896
65 35 5438700.5096100000664592
66 35 -17004278.5360499992966652
69 35 102508.5889547999977367
70 35 -295876.9463604000047781
71 35 5948971.3488940000534058
7 36 -55351.8869998899972416
8 36 30743.5058065000011993
9 36 -16068.2091628700000001
10 36 -2771994.1329180002212524
11 36 3330516.3248999998904765
12 36 1024539.5731499999528751
19 36 -5074.7146612099995764
20 36 -3812.5549095020001005
21 36 -176.5159519905000138
22 36 -213938.4703974000003655
23 36 295874.3955170999979600
24 36 -12992.7806633000000147
25 36 -167653.5913179999915883
27 36 -193735.0753102999879047
28 36 -46259770.1465400010347366
29 36 -11786734.4170800000429153
30 36 24480764.9364800006151199
31 36 297684.4278806999791414
32 36 2134452.8709089998155832
33 36 240288.3549403999932110
34 36 -114792313.3390000015497208
35 36 -3250630.2309119999408722
36 36 369435717.9297000169754028
50 36 -803711.2844945000251755
52 36 -23391226.3770800009369850
54 36 23424982.9871699996292591
61 36 -148034.5834341000008862
62 36 -28882.8206263100000797
63 36 -30308.5545152000013331
64 36 -4014628.0368300001136959
65 36 -17004278.5360499992966652
66 36 8898622.1993230003863573
67 36 78430.3485324999928707
68 36 -1584401.9713920000940561
72 36 88893923.1572999954223633
13 37 -1828501.6028630000073463
14 37 -89720.5351799700001720
15 37 -7360.2131717820002450
16 37 -486.0520997172999955
17 37 -430.6711621122000224
18 37 126000.0313732999929925
37 37 5068784.0040950002148747
39 37 243297.2349307000113185
40 37 192127.4699212000123225
41 37 -90565.2380098400026327
42 37 -283348.5785508999833837
43 37 -281812.4602506000082940
44 37 371582.2918222000007518
45 37 -245371.3875178000016604
46 37 193138.9522537000011653
47 37 -0.0000000014303630
48 37 -221822.7799721999908797
73 37 -2957872.8181619998067617
74 37 -96439.8079998600005638
75 37 11899.7975240499999927
76 37 -683.1190183323000156
77 37 -1649.0998909859999912
78 37 -183164.2974049999902491
79 37 -597.1228201277999688
80 37 120.4593441658000046
81 37 -2465.4317652059999091
82 37 157.6887861909999913
83 37 -88485.4669569999969099
84 37 -4361.5325487030004297
38 38 1.0000000000000000
13 39 -7360.2131717820002450
14 39 -361.2912306449999846
15 39 -747.4237522788999968
16 39 -5299.2125534130000233
17 39 106949.8617017000069609
18 39 486.0520997172999955
37 39 243297.2349307000113185
39 39 1838820.6652100000064820
40 39 284433.2989744999795221
41 39 -302443.1335946000181139
42 39 -192127.4699212000123225
43 39 -245371.3875178000016604
44 39 323533.1129091000184417
45 39 -213642.4974214000103530
46 39 168164.2204751000099350
47 39 0.0000000016427919
48 39 -193138.9522537000011653
73 39 11899.7975240499999927
74 39 388.3471775900000011
75 39 -2796.4183374240001285
76 39 13525.3699135299993941
77 39 -409527.5723290999885648
78 39 683.1190183323000156
79 39 -2465.4317652059999091
80 39 79202.9748153999971692
81 39 -1621634.3256989999208599
82 39 108042.9211395000020275
83 39 134.5770325285000126
84 39 -157.6887861909999913
13 40 486.0520997173999831
14 40 -10244.0641164999997272
15 40 5299.2125534130000233
16 40 -49010.1140549600022496
17 40 -529411.2260116999968886
18 40 -993124.0269285000395030
37 40 192127.4699212000123225
39 40 284433.2989744999795221
40 40 518722759.7901999950408936
41 40 -15471473.2918200008571148
42 40 -67580830.7895800024271011
43 40 -193138.9522529999958351
44 40 -256170.1699064999993425
45 40 -168164.2204748000076506
46 40 24705498.9755100011825562
47 40 11740355.8552199993282557
48 40 -46259086.0245599970221519
73 40 683.1190183305000119
74 40 -22337.4449039799983439
75 40 -13525.3699135299993941
76 40 -157882.4094997000065632
77 40 -1346486.8960110000334680
78 40 2122269.8930999999865890
79 40 -157.6887861911000073
80 40 -2192067.8481970001012087
81 40 -108042.9211395000020275
82 40 213079925.9499999880790710
83 40 662.5706472732000520
84 40 -324120.6530300999875180
13 41 430.6711621149000280
15 41 -106949.8617017000069609
16 41 -529411.2260116999968886
17 41 10609582.6525299996137619
18 41 -2131.8601475049999863
37 41 -90565.2380098400026327
39 41 -302443.1335946000181139
40 41 -15471473.2918200008571148
41 41 135903038.8425999879837036
42 41 -9350543.3383869994431734
43 41 -0.0000002398489421
45 41 -0.0000002367757872
46 41 11740355.8552199993282557
47 41 -15562041.2658500000834465
48 41 10222214.4598799999803305
73 41 1649.0998909679999542
75 41 409527.5723290999885648
76 41 -1346486.8960110000334680
77 41 40567634.7594700008630753
78 41 5422.0803273319997970
79 41 88485.4669569999969099
81 41 -134.5770325253999999
82 41 662.5706472732999828
83 41 8785303.1478189993649721
84 41 435645.4590786999906413
13 42 -126000.0313733999937540
14 42 2543939.1742489999160171
15 42 -486.0520997173999831
16 42 -993124.0269285000395030
17 42 -2131.8601475049999863
18 42 246572459.7032999992370605
37 42 -283348.5785508999833837
39 42 -192127.4699212000123225
40 42 -67580830.7895800024271011
41 42 -9350543.3383869994431734
42 42 1736727198.0739998817443848
43 42 221822.7799710000108462
44 42 294215.0124117999803275
45 42 193138.9522529999958351
46 42 -46259086.0245599970221519
47 42 10222214.4598799999803305
48 42 37557364.9029600024223328
73 42 183164.2974045999872033
74 42 -5547147.0427980003878474
75 42 -683.1190183315000013
76 42 2122269.8930999999865890
77 42 5422.0803273319997970
78 42 526865343.1945000290870667
79 42 4361.5325487030004297
80 42 3333.9032527009999285
81 42 157.6887861911000073
82 42 -324120.6530300999875180
83 42 435645.4590786999906413
84 42 -31482.8497901299997466
13 43 -20230.0968863800007966
14 43 -85482.7763471399957780
15 43 53031.6834935599981691
16 43 -32136.4183260399986466
17 43 61487.0116130199967301
18 43 86948.2891499899997143
19 43 -1509888.9232189999893308
20 43 -73897.0794541399955051
21 43 -2491.3361663599998792
22 43 -121.3927972801999999
23 43 -169.5258925484999963
24 43 78599.2315959200059297
37 43 -281812.4602506000082940
39 43 -245371.3875178000016604
40 43 -193138.9522529999958351
41 43 -0.0000002398489421
42 43 221822.7799710000108462
43 43 2737512.0499300002120435
44 43 -521499.9030402000062168
45 43 767176.1369096999987960
46 43 -239516.8327734000049531
47 43 -134278.5531745000043884
48 43 482787.4761564999935217
49 43 -679174.0541289000539109
51 43 -679990.4781464999541640
53 43 -35656.7731371999980183
67 43 -1172.9318279659999007
68 43 121.1576313225999968
69 43 -2479.4326712990000487
70 43 120.2759555946000063
71 43 -102173.6245051000005333
72 43 -5049.6187979110000015
79 43 -245233.5836173999996390
80 43 309176.3093879999942146
81 43 110124.8140986999933375
82 43 -60617.1090307600024971
83 43 -57765.6412526499989326
84 43 27347.5084079199987173
13 44 -85482.7763471399957780
14 44 -371889.5258768000057898
15 44 231282.1883211999956984
16 44 -0.0000008960487321
17 44 0.0000001192092896
18 44 -0.0000001448788680
19 44 -73897.0794541399955051
20 44 -21855.1012787200015737
21 44 -122.0262767924999991
22 44 2619.9810683969999445
24 44 -1586616.8686669999733567
37 44 371582.2918222000007518
39 44 323533.1129091000184417
40 44 -256170.1699064999993425
42 44 294215.0124117999803275
43 44 -521499.9030402000062168
44 44 1319677.3484360000584275
45 44 -488755.6050556999980472
46 44 2126432.1462849997915328
48 44 -2042699.8446740000508726
50 44 -18325.6217727100010961
52 44 802277.3955873999511823
54 44 -800353.2053013000404462
67 44 121.1576313225999968
68 44 -21704.6676761999988230
69 44 73547.7304473300027894
70 44 1579565.6247139999177307
72 44 -2602.0711780639999233
79 44 309176.3093879999942146
80 44 -390757.6191821999964304
81 44 -139485.4003451000025962
82 44 0.0000004223547876
83 44 0.0000001192092896
84 44 0.0000008712522686
13 45 53031.6834935599981691
14 45 231282.1883211999956984
15 45 -144111.9008031999983359
16 45 -11877.7424237300001550
17 45 22725.8333211499993922
18 45 32136.4183259800011001
19 45 -2491.3361663599998792
20 45 -122.0262767924999991
21 45 -1181.3770871019999049
22 45 -5085.9772324300001856
23 45 102662.0550956999941263
24 45 121.3927972801999999
37 45 -245371.3875178000016604
39 45 -213642.4974214000103530
40 45 -168164.2204748000076506
41 45 -0.0000002367757872
42 45 193138.9522529999958351
43 45 767176.1369096999987960
44 45 -488755.6050556999980472
45 45 2598482.7922459999099374
46 45 -298574.7309341999934986
47 45 33087.0465620800023316
48 45 239516.8327734000049531
49 45 -679990.4781464999541640
51 45 -682439.7672836000565439
53 45 35571.2535688299976755
67 45 -2479.4326712990000487
68 45 73547.7304473300027894
69 45 -1506287.7885459999088198
70 45 78061.9372073099948466
71 45 168.3140221111000017
72 45 -120.2759555946999939
79 45 110124.8140986999933375
80 45 -139485.4003451000025962
81 45 -50819.4611039000010351
82 45 -134360.8292294999992009
83 45 -128040.4094458000035957
84 45 60617.1090305300022010
13 46 16068.2091628700000001
14 46 30743.5058065000011993
15 46 55351.8869998899972416
16 46 1024539.5731499999528751
17 46 -3330516.3248999998904765
18 46 -2771994.1329180002212524
19 46 121.3927972798999946
20 46 -2619.9810683969999445
21 46 5085.9772324300001856
22 46 -13253.2109940999998798
23 46 -296318.8012028000084683
24 46 -146898.6829938000009861
37 46 193138.9522537000011653
39 46 168164.2204751000099350
40 46 24705498.9755100011825562
41 46 11740355.8552199993282557
42 46 -46259086.0245599970221519
43 46 -239516.8327734000049531
44 46 2126432.1462849997915328
45 46 -298574.7309341999934986
46 46 369459711.5464000105857849
47 46 3297088.0166230001486838
48 46 -114866610.6743000000715256
50 46 -802277.3955873999511823
52 46 23404039.9981000013649464
54 46 -23370363.7137000001966953
67 46 -120.2759555946999939
68 46 -1579565.6247139999177307
69 46 -78061.9372073099948466
70 46 88779621.4326999932527542
71 46 485.8192259753000144
72 46 -146271.9271769000042696
79 46 30308.5545152000013331
80 46 -28882.8206263100000797
81 46 148034.5834341000008862
82 46 8898622.1993230003863573
83 46 17004278.5360499992966652
84 46 -4014628.0368300001136959
13 47 -61487.0116130099995644
15 47 -22725.8333212799989269
16 47 -3330516.3248999998904765
17 47 413612.5423506000079215
18 47 9011044.5259089991450310
19 47 169.5258925498999929
21 47 -102662.0550956999941263
22 47 -296318.8012028000084683
23 47 5953365.4302719999104738
24 47 -489.3113546774000042
37 47 -0.0000000014303630
39 47 0.0000000016427919
40 47 11740355.8552199993282557
41 47 -15562041.2658500000834465
42 47 10222214.4598799999803305
43 47 -134278.5531745000043884
45 47 33087.0465620800023316
46 47 3297088.0166230001486838
47 47 86116368.6762699931859970
48 47 -8104423.6148669999092817
49 47 35656.7731372199996258
51 47 -35571.2535689500000444
53 47 2076371.1996959999669343
67 47 102173.6245051000005333
69 47 -168.3140221104999910
70 47 485.8192259753000144
71 47 5939381.3630240000784397
72 47 294912.5126342999865301
79 47 57765.6412526299973251
81 47 128040.4094459000043571
82 47 17004278.5360499992966652
83 47 5438700.5096100000664592
84 47 -7671508.2209120001643896
13 48 -92887.1603624900017167
14 48 11362.9166606399994635
15 48 -16068.2091628700000001
16 48 -2771994.1329180002212524
17 48 9011044.5259089991450310
18 48 7499906.9575300002470613
19 48 -78599.2315958200051682
20 48 1586616.8686669999733567
21 48 -121.3927972798999946
22 48 -146898.6829938000009861
23 48 -489.3113546773000166
24 48 88945898.3246800005435944
37 48 -221822.7799721999908797
39 48 -193138.9522537000011653
40 48 -46259086.0245599970221519
41 48 10222214.4598799999803305
42 48 37557364.9029600024223328
43 48 482787.4761564999935217
44 48 -2042699.8446740000508726
45 48 239516.8327734000049531
46 48 -114866610.6743000000715256
47 48 -8104423.6148669999092817
48 48 392391859.6722000241279602
50 48 800353.2053013000404462
52 48 -23370363.7137000001966953
54 48 23291801.8026200011372566
67 48 5049.6187979110000015
68 48 2602.0711780639999233
69 48 120.2759555946999939
70 48 -146271.9271769000042696
71 48 294912.5126342999865301
72 48 -13292.0685456200008048
79 48 -94527.9230238500022097
80 48 -64020.2047229599993443
81 48 -30308.5545152000013331
82 48 -4014628.0368300001136959
83 48 -7671508.2209120001643896
84 48 1811206.0398880001157522
19 49 -408557.5930337000172585
20 49 -40418.2788392899965402
21 49 409442.6846601999714039
22 49 10281.6011647800005449
23 49 8741.0175405690006301
24 49 11122.2480687099996430
31 49 -683051.1682803999865428
33 49 -680596.7758387000067160
35 49 -35634.7527296800035401
43 49 -679174.0541289000539109
45 49 -679990.4781464999541640
47 49 35656.7731372199996258
49 49 2179340.4084769999608397
50 49 80836.5576785900047980
51 49 541701.8846648000180721
52 49 -0.0000000163563527
53 49 22.0204073403100011
54 49 -0.0000000288127922
67 49 -408557.5930338000180200
68 49 -40418.2788393000009819
69 49 409442.6846601999714039
70 49 -10281.6011647800005449
71 49 -8741.0175405669997417
72 49 -11122.2480687099996430
19 50 -40418.2788392899965402
20 50 -6491.3546725930000321
21 50 40515.7729646899970248
22 50 -216444.2438617000007071
24 50 -215923.4086238000018056
32 50 -18374.7435869799992361
34 50 801781.9364179000258446
36 50 -803711.2844945000251755
44 50 -18325.6217727100010961
46 50 -802277.3955873999511823
48 50 800353.2053013000404462
49 50 80836.5576785900047980
50 50 49683.0747048699995503
51 50 -81031.5459293699968839
52 50 -495.4591695395999977
53 50 -0.0000000149011612
54 50 -3358.0791932209999686
67 50 -40418.2788392899965402
68 50 -6491.3546725919995879
69 50 40515.7729646799998591
70 50 216444.2438617000007071
72 50 215923.4086238000018056
19 51 409442.6846601999714039
20 51 40515.7729646899970248
21 51 -410530.4740881000179797
22 51 -11171.7894988200005173
23 51 8719.9838098060008633
24 51 -10281.6011647800005449
31 51 -680596.7758387000067160
33 51 -679779.6254059999482706
35 51 35720.5015330899987021
43 51 -679990.4781464999541640
45 51 -682439.7672836000565439
47 51 -35571.2535689500000444
49 51 541701.8846648000180721
50 51 -81031.5459293699968839
51 51 2183280.3408659999258816
52 51 0.0000000190921128
53 51 149.2479643832000136
