3948 3948 117816
1 1 7570118.7792159998789430
2 1 0.0000002160668373
5 1 1734790.4621270000934601
6 1 0.0000000002619345
13 1 712211.5196943000191823
14 1 -103021.9780217999941669
17 1 -2322.5982127600000240
18 1 61623.0383476200004225
37 1 -14.0347711210600004
41 1 819.2500780711000061
42 1 1023.8425137929999664
43 1 712211.5196943000191823
44 1 103021.9780218999949284
47 1 -2322.5982127600000240
48 1 -61623.0383476200004225
49 1 -2755.5073088019998977
53 1 134756.7655450000020210
54 1 0.0000000004110916
55 1 -14.0347711210600004
59 1 819.2500780714999564
60 1 -1023.8425137929999664
61 1 -2156593.4065919998101890
62 1 -1339285.7142860000021756
73 1 -4678571.4285709997639060
74 1 -0.0000002607703209
77 1 -1593750.0000000000000000
85 1 -2156593.4065939998254180
86 1 1339285.7142860000021756
1 2 0.0000002160668373
2 2 19991793.7612700015306473
3 2 -0.0000003054738045
4 2 -2043284.9406669999007136
5 2 -0.0000000033129479
6 2 4479523.5487249996513128
13 2 103021.9780218999949284
14 2 -7668230.9000469995662570
15 2 103021.9780216000071960
16 2 909004.4749999999767169
18 2 -2228441.9750000000931323
38 2 -2786074.0449979999102652
39 2 1339285.7142860000021756
43 2 -103021.9780217999941669
44 2 -7668230.9000469995662570
45 2 -103021.9780223999987356
46 2 909004.4749999999767169
48 2 -2228441.9750000000931323
50 2 3801460.8408519998192787
51 2 0.0000009052455425
52 2 -225213.6699686000065412
54 2 -21759.7770965800009435
56 2 -2786074.0449970001354814
57 2 -1339285.7142849999945611
61 2 -1339285.7142860000021756
62 2 -2156593.4065950000658631
73 2 -0.0000003203749657
74 2 1428542.1011830000206828
75 2 -0.0000000001104316
76 2 62.3206986977999975
77 2 -0.0000000033129479
78 2 879.8216286747999675
85 2 1339285.7142849999945611
86 2 -2156593.4065950000658631
2 3 -0.0000003054738045
3 3 6927957.3594779996201396
4 3 -0.0000000004511094
5 3 -6151225.6899929996579885
6 3 0.0000000033129479
14 3 -103021.9780223999987356
15 3 -301083.4574889999930747
16 3 -60519.1908430999974371
17 3 2658.8289077069998712
38 3 1339285.7142860000021756
39 3 -2056725.1625930001027882
44 3 103021.9780216000071960
45 3 -301083.4574889999930747
46 3 60519.1908430999974371
47 3 2658.8289077059998817
50 3 0.0000000372529030
51 3 -2208901.6595649998635054
53 3 6042754.2397959996014833
56 3 -1339285.7142860000021756
57 3 -2056725.1625930001027882
63 3 -3.5294566544740000
64 3 768.3722527470999921
65 3 -768.3722527469000170
74 3 -0.0000000001104316
75 3 -3431.4008327579999786
76 3 0.0000000001255103
77 3 -101617.0478765000007115
78 3 0.0000000033129479
87 3 -3.5294566544619999
88 3 -768.3722527472000365
89 3 -768.3722527467999726
2 4 -2043284.9406669999007136
3 4 -0.0000000004511094
4 4 20644902.9681000001728535
5 4 0.0000000069849193
6 4 -3370970.6356580001302063
14 4 909004.4749999999767169
15 4 60519.1908430999974371
16 4 732713.1451118000550196
17 4 -79335.6089894400065532
18 4 1151435.9684820000547916
44 4 909004.4749999999767169
45 4 -60519.1908430999974371
46 4 732713.1451118000550196
47 4 79335.6089894400065532
48 4 1151435.9684820000547916
50 4 225213.6699686000065412
52 4 7260980.0325440000742674
54 4 1066229.0777320000343025
63 4 -768.3722527472999673
64 4 20318.2234432199984440
65 4 -17041.5521977999997034
74 4 62.3206986977999975
75 4 0.0000000002019078
76 4 13501.4906764499992278
77 4 0.0000000105937943
78 4 -1869.6209609340000952
87 4 768.3722527474000117
88 4 20318.2234432299992477
89 4 17041.5521978100005072
1 5 1734790.4621270000934601
2 5 -0.0000000033129479
3 5 -6151225.6899929996579885
4 5 0.0000000069849193
5 5 45198677.4712700024247169
6 5 -0.0000001236330718
13 5 -2322.5982127600000240
15 5 2658.8289077059998817
16 5 79335.6089894400065532
17 5 -67728.2755791200033855
18 5 61823.9446653999984846
37 5 -819.2500780712000505
41 5 27151.0566350000008242
42 5 25992.6304331600003934
43 5 -2322.5982127600000240
45 5 2658.8289077069998712
46 5 -79335.6089894400065532
47 5 -67728.2755791200033855
48 5 -61823.9446653999984846
49 5 -134756.7655450000020210
51 5 6042754.2397959996014833
53 5 -24226528.6490399986505508
54 5 0.0000000088475645
55 5 -819.2500780712000505
59 5 27151.0566350100016280
60 5 -25992.6304331600003934
63 5 768.3722527472999673
64 5 -17041.5521977999997034
65 5 20318.2234432199984440
73 5 -1593750.0000000000000000
74 5 0.0000000033129479
75 5 101617.0478765000007115
76 5 -0.0000000050931703
77 5 -1375667.2496019999962300
78 5 -0.0000000658739706
87 5 768.3722527472999673
88 5 17041.5521977999997034
89 5 20318.2234432199984440
1 6 0.0000000002619345
2 6 4479523.5487249996513128
3 6 0.0000000033129479
4 6 -3370970.6356580001302063
5 6 -0.0000001236330718
6 6 10745618.0907799992710352
13 6 -61623.0383476200004225
14 6 -2228441.9750000000931323
16 6 1151435.9684820000547916
17 6 -61823.9446653999984846
18 6 -1598712.3442859998904169
37 6 -1023.8425137929999664
41 6 25992.6304331499995897
42 6 25845.2306526700012910
43 6 61623.0383476200004225
44 6 -2228441.9750000000931323
46 6 1151435.9684820000547916
47 6 61823.9446653999984846
48 6 -1598712.3442859998904169
49 6 0.0000000005347829
50 6 -21759.7770965800009435
52 6 -1066229.0777320000343025
53 6 -0.0000000133877620
54 6 -47063.5112790799976210
55 6 1023.8425137929999664
59 6 -25992.6304331600003934
60 6 25845.2306526700012910
74 6 -879.8216286747999675
75 6 -0.0000000033129479
76 6 1869.6209609340000952
77 6 -0.0000000658739706
78 6 17594.6488602499994158
7 7 7570118.7792159998789430
8 7 0.0000002160668373
11 7 1734790.4621270000934601
12 7 0.0000000002619345
13 7 712211.5196943000191823
14 7 103021.9780218999949284
17 7 -2322.5982127600000240
18 7 -61623.0383476200004225
19 7 712211.5196943000191823
20 7 -103021.9780217999941669
23 7 -2322.5982127600000240
24 7 61623.0383476200004225
25 7 -14.0347711210600004
29 7 819.2500780711000061
30 7 1023.8425137929999664
31 7 -2755.5073088019998977
35 7 134756.7655450000020210
36 7 0.0000000004110916
37 7 -14.0347711210600004
41 7 819.2500780714999564
42 7 -1023.8425137929999664
67 7 -2156593.4065939998254180
68 7 1339285.7142860000021756
79 7 -4678571.4285709997639060
80 7 -0.0000002607703209
83 7 -1593750.0000000000000000
85 7 -2156593.4065919998101890
86 7 -1339285.7142860000021756
7 8 0.0000002160668373
8 8 19991793.7612700015306473
9 8 -0.0000003054738045
10 8 -2043284.9406669999007136
11 8 -0.0000000033129479
12 8 4479523.5487249996513128
13 8 -103021.9780217999941669
14 8 -7668230.9000469995662570
15 8 -103021.9780223999987356
16 8 909004.4749999999767169
18 8 -2228441.9750000000931323
19 8 103021.9780218999949284
20 8 -7668230.9000469995662570
21 8 103021.9780216000071960
22 8 909004.4749999999767169
24 8 -2228441.9750000000931323
26 8 -2786074.0449979999102652
27 8 1339285.7142860000021756
32 8 3801460.8408519998192787
33 8 0.0000009052455425
34 8 -225213.6699686000065412
36 8 -21759.7770965800009435
38 8 -2786074.0449970001354814
39 8 -1339285.7142849999945611
67 8 1339285.7142849999945611
68 8 -2156593.4065950000658631
79 8 -0.0000003203749657
80 8 1428542.1011830000206828
81 8 -0.0000000001104316
82 8 62.3206986977999975
83 8 -0.0000000033129479
84 8 879.8216286747999675
85 8 -1339285.7142860000021756
86 8 -2156593.4065950000658631
8 9 -0.0000003054738045
9 9 6927957.3594779996201396
10 9 -0.0000000004511094
11 9 -6151225.6899929996579885
12 9 0.0000000033129479
14 9 103021.9780216000071960
15 9 -301083.4574889999930747
16 9 60519.1908430999974371
17 9 2658.8289077059998817
20 9 -103021.9780223999987356
21 9 -301083.4574889999930747
22 9 -60519.1908430999974371
23 9 2658.8289077069998712
26 9 1339285.7142860000021756
27 9 -2056725.1625930001027882
32 9 0.0000000372529030
33 9 -2208901.6595649998635054
35 9 6042754.2397959996014833
38 9 -1339285.7142860000021756
39 9 -2056725.1625930001027882
69 9 -3.5294566544619999
70 9 -768.3722527472000365
71 9 -768.3722527467999726
80 9 -0.0000000001104316
81 9 -3431.4008327579999786
82 9 0.0000000001255103
83 9 -101617.0478765000007115
84 9 0.0000000033129479
87 9 -3.5294566544740000
88 9 768.3722527470999921
89 9 -768.3722527469000170
8 10 -2043284.9406669999007136
9 10 -0.0000000004511094
10 10 20644902.9681000001728535
11 10 0.0000000069849193
12 10 -3370970.6356580001302063
14 10 909004.4749999999767169
15 10 -60519.1908430999974371
16 10 732713.1451118000550196
17 10 79335.6089894400065532
18 10 1151435.9684820000547916
20 10 909004.4749999999767169
21 10 60519.1908430999974371
22 10 732713.1451118000550196
23 10 -79335.6089894400065532
24 10 1151435.9684820000547916
32 10 225213.6699686000065412
34 10 7260980.0325440000742674
36 10 1066229.0777320000343025
69 10 768.3722527474000117
70 10 20318.2234432299992477
71 10 17041.5521978100005072
80 10 62.3206986977999975
81 10 0.0000000002019078
82 10 13501.4906764499992278
83 10 0.0000000105937943
84 10 -1869.6209609340000952
87 10 -768.3722527472999673
88 10 20318.2234432199984440
89 10 -17041.5521977999997034
7 11 1734790.4621270000934601
8 11 -0.0000000033129479
9 11 -6151225.6899929996579885
10 11 0.0000000069849193
11 11 45198677.4712700024247169
12 11 -0.0000001236330718
13 11 -2322.5982127600000240
15 11 2658.8289077069998712
16 11 -79335.6089894400065532
17 11 -67728.2755791200033855
18 11 -61823.9446653999984846
19 11 -2322.5982127600000240
21 11 2658.8289077059998817
22 11 79335.6089894400065532
23 11 -67728.2755791200033855
24 11 61823.9446653999984846
25 11 -819.2500780712000505
29 11 27151.0566350000008242
30 11 25992.6304331600003934
31 11 -134756.7655450000020210
33 11 6042754.2397959996014833
35 11 -24226528.6490399986505508
36 11 0.0000000088475645
37 11 -819.2500780712000505
41 11 27151.0566350100016280
42 11 -25992.6304331600003934
69 11 768.3722527472999673
70 11 17041.5521977999997034
71 11 20318.2234432199984440
79 11 -1593750.0000000000000000
80 11 0.0000000033129479
81 11 101617.0478765000007115
82 11 -0.0000000050931703
83 11 -1375667.2496019999962300
84 11 -0.0000000658739706
87 11 768.3722527472999673
88 11 -17041.5521977999997034
89 11 20318.2234432199984440
7 12 0.0000000002619345
8 12 4479523.5487249996513128
9 12 0.0000000033129479
10 12 -3370970.6356580001302063
11 12 -0.0000001236330718
12 12 10745618.0907799992710352
13 12 61623.0383476200004225
14 12 -2228441.9750000000931323
16 12 1151435.9684820000547916
17 12 61823.9446653999984846
18 12 -1598712.3442859998904169
19 12 -61623.0383476200004225
20 12 -2228441.9750000000931323
22 12 1151435.9684820000547916
23 12 -61823.9446653999984846
24 12 -1598712.3442859998904169
25 12 -1023.8425137929999664
29 12 25992.6304331499995897
30 12 25845.2306526700012910
31 12 0.0000000005347829
32 12 -21759.7770965800009435
34 12 -1066229.0777320000343025
35 12 -0.0000000133877620
36 12 -47063.5112790799976210
37 12 1023.8425137929999664
41 12 -25992.6304331600003934
42 12 25845.2306526700012910
80 12 -879.8216286747999675
81 12 -0.0000000033129479
82 12 1869.6209609340000952
83 12 -0.0000000658739706
84 12 17594.6488602499994158
1 13 712211.5196943000191823
2 13 103021.9780218999949284
5 13 -2322.5982127600000240
6 13 -61623.0383476200004225
7 13 712211.5196943000191823
8 13 -103021.9780217999941669
11 13 -2322.5982127600000240
12 13 61623.0383476200004225
13 13 7570118.7792159998789430
14 13 0.0000002160668373
17 13 1734790.4621270000934601
18 13 0.0000000004802132
31 13 -14.0347711210600004
35 13 819.2500780711000061
36 13 1023.8425137929999664
37 13 -2755.5073088019998977
41 13 134756.7655450000020210
42 13 0.0000000004110916
49 13 -14.0347711210600004
53 13 819.2500780714999564
54 13 -1023.8425137929999664
73 13 -2156593.4065919998101890
74 13 -1339285.7142860000021756
79 13 -2156593.4065939998254180
80 13 1339285.7142860000021756
85 13 -4678571.4285709997639060
86 13 -0.0000002607703209
89 13 -1593750.0000000000000000
1 14 -103021.9780217999941669
2 14 -7668230.9000469995662570
3 14 -103021.9780223999987356
4 14 909004.4749999999767169
6 14 -2228441.9750000000931323
7 14 103021.9780218999949284
8 14 -7668230.9000469995662570
9 14 103021.9780216000071960
10 14 909004.4749999999767169
12 14 -2228441.9750000000931323
13 14 0.0000002160668373
14 14 19991793.7612700015306473
15 14 -0.0000003128139535
16 14 -2043284.9406669999007136
17 14 -0.0000000033129479
18 14 4479523.5487249996513128
32 14 -2786074.0449979999102652
33 14 1339285.7142860000021756
38 14 3801460.8408519998192787
39 14 0.0000009052455425
40 14 -225213.6699686000065412
42 14 -21759.7770965800009435
50 14 -2786074.0449970001354814
51 14 -1339285.7142849999945611
73 14 -1339285.7142860000021756
74 14 -2156593.4065950000658631
79 14 1339285.7142849999945611
80 14 -2156593.4065950000658631
85 14 -0.0000003203749657
86 14 1428542.1011830000206828
87 14 -0.0000000001104316
88 14 62.3206986977999975
89 14 -0.0000000033129479
90 14 879.8216286747999675
2 15 103021.9780216000071960
3 15 -301083.4574889999930747
4 15 60519.1908430999974371
5 15 2658.8289077059998817
8 15 -103021.9780223999987356
9 15 -301083.4574889999930747
10 15 -60519.1908430999974371
11 15 2658.8289077069998712
14 15 -0.0000003128139535
15 15 6927957.3594779996201396
16 15 -0.0000000004529459
17 15 -6151225.6899929996579885
18 15 0.0000000033129479
32 15 1339285.7142860000021756
33 15 -2056725.1625930001027882
38 15 0.0000000372529030
39 15 -2208901.6595649998635054
41 15 6042754.2397959996014833
50 15 -1339285.7142860000021756
51 15 -2056725.1625930001027882
75 15 -3.5294566544740000
76 15 768.3722527470999921
77 15 -768.3722527469000170
81 15 -3.5294566544619999
82 15 -768.3722527472000365
83 15 -768.3722527467999726
86 15 -0.0000000001104316
87 15 -3431.4008327579999786
88 15 0.0000000001255278
89 15 -101617.0478765000007115
90 15 0.0000000033129479
2 16 909004.4749999999767169
3 16 -60519.1908430999974371
4 16 732713.1451118000550196
5 16 79335.6089894400065532
6 16 1151435.9684820000547916
8 16 909004.4749999999767169
9 16 60519.1908430999974371
10 16 732713.1451118000550196
11 16 -79335.6089894400065532
12 16 1151435.9684820000547916
14 16 -2043284.9406669999007136
15 16 -0.0000000004529459
16 16 20644902.9681000001728535
17 16 0.0000000070400143
18 16 -3370970.6356580001302063
38 16 225213.6699686000065412
40 16 7260980.0325440000742674
42 16 1066229.0777320000343025
75 16 -768.3722527472999673
76 16 20318.2234432199984440
77 16 -17041.5521977999997034
81 16 768.3722527474000117
82 16 20318.2234432299992477
83 16 17041.5521978100005072
86 16 62.3206986977999975
87 16 0.0000000002019253
88 16 13501.4906764499992278
89 16 0.0000000106197854
90 16 -1869.6209609340000952
1 17 -2322.5982127600000240
3 17 2658.8289077069998712
4 17 -79335.6089894400065532
5 17 -67728.2755791200033855
6 17 -61823.9446653999984846
7 17 -2322.5982127600000240
9 17 2658.8289077059998817
10 17 79335.6089894400065532
11 17 -67728.2755791200033855
12 17 61823.9446653999984846
13 17 1734790.4621270000934601
14 17 -0.0000000033129479
15 17 -6151225.6899929996579885
16 17 0.0000000070400143
17 17 45198677.4712800011038780
18 17 -0.0000001228911861
31 17 -819.2500780712000505
35 17 27151.0566350000008242
36 17 25992.6304331600003934
37 17 -134756.7655450000020210
39 17 6042754.2397959996014833
41 17 -24226528.6490399986505508
42 17 0.0000000088475645
49 17 -819.2500780712000505
53 17 27151.0566350100016280
54 17 -25992.6304331600003934
75 17 768.3722527472999673
76 17 -17041.5521977999997034
77 17 20318.2234432199984440
81 17 768.3722527472999673
82 17 17041.5521977999997034
83 17 20318.2234432199984440
85 17 -1593750.0000000000000000
86 17 0.0000000033129479
87 17 101617.0478765000007115
88 17 -0.0000000051191615
89 17 -1375667.2496019999962300
90 17 -0.0000000658739706
1 18 61623.0383476200004225
2 18 -2228441.9750000000931323
4 18 1151435.9684820000547916
5 18 61823.9446653999984846
6 18 -1598712.3442859998904169
7 18 -61623.0383476200004225
8 18 -2228441.9750000000931323
10 18 1151435.9684820000547916
11 18 -61823.9446653999984846
12 18 -1598712.3442859998904169
13 18 0.0000000004802132
14 18 4479523.5487249996513128
15 18 0.0000000033129479
16 18 -3370970.6356580001302063
17 18 -0.0000001228911861
18 18 10745618.0907799992710352
31 18 -1023.8425137929999664
35 18 25992.6304331499995897
36 18 25845.2306526700012910
37 18 0.0000000005347829
38 18 -21759.7770965800009435
40 18 -1066229.0777320000343025
41 18 -0.0000000133877620
42 18 -47063.5112790799976210
49 18 1023.8425137929999664
53 18 -25992.6304331600003934
54 18 25845.2306526700012910
86 18 -879.8216286747999675
87 18 -0.0000000033129479
88 18 1869.6209609340000952
89 18 -0.0000000658739706
90 18 17594.6488602499994158
7 19 712211.5196943000191823
8 19 103021.9780218999949284
11 19 -2322.5982127600000240
12 19 -61623.0383476200004225
19 19 7570118.7792159998789430
20 19 0.0000002160668373
23 19 1734790.4621270000934601
24 19 0.0000000004802132
25 19 -2755.5073088019998977
29 19 134756.7655450000020210
30 19 0.0000000004110916
31 19 -14.0347711210600004
35 19 819.2500780714999564
36 19 -1023.8425137929999664
67 19 -4678571.4285709997639060
68 19 -0.0000002607703209
71 19 -1593750.0000000000000000
79 19 -2156593.4065919998101890
80 19 -1339285.7142860000021756
91 19 712211.5196943000191823
92 19 -103021.9780217999941669
95 19 -2322.5982127600000240
96 19 61623.0383476200004225
97 19 -2156593.4065939998254180
98 19 1339285.7142860000021756
103 19 -14.0347711210600004
107 19 819.2500780711000061
108 19 1023.8425137929999664
7 20 -103021.9780217999941669
8 20 -7668230.9000469995662570
9 20 -103021.9780223999987356
10 20 909004.4749999999767169
12 20 -2228441.9750000000931323
19 20 0.0000002160668373
20 20 19991793.7612700015306473
21 20 -0.0000003129243851
22 20 -2043284.9406669999007136
23 20 -0.0000000033129479
24 20 4479523.5487249996513128
26 20 3801460.8408519998192787
27 20 0.0000009052455425
28 20 -225213.6699686000065412
30 20 -21759.7770965800009435
32 20 -2786074.0449970001354814
33 20 -1339285.7142849999945611
67 20 -0.0000003203749657
68 20 1428542.1011830000206828
69 20 -0.0000000001104316
70 20 62.3206986977999975
71 20 -0.0000000033129479
72 20 879.8216286747999675
79 20 -1339285.7142860000021756
80 20 -2156593.4065950000658631
91 20 103021.9780218999949284
92 20 -7668230.9000469995662570
93 20 103021.9780216000071960
94 20 909004.4749999999767169
96 20 -2228441.9750000000931323
97 20 1339285.7142849999945611
98 20 -2156593.4065950000658631
104 20 -2786074.0449979999102652
105 20 1339285.7142860000021756
8 21 103021.9780216000071960
9 21 -301083.4574889999930747
10 21 60519.1908430999974371
11 21 2658.8289077059998817
20 21 -0.0000003129243851
21 21 6927957.3594779996201396
22 21 -0.0000000006839400
23 21 -6151225.6899929996579885
24 21 0.0000000033129479
26 21 0.0000000372529030
27 21 -2208901.6595649998635054
29 21 6042754.2397959996014833
32 21 -1339285.7142860000021756
33 21 -2056725.1625930001027882
68 21 -0.0000000001104316
69 21 -3431.4008327579999786
70 21 0.0000000001264198
71 21 -101617.0478765000007115
72 21 0.0000000033129479
81 21 -3.5294566544740000
82 21 768.3722527470999921
83 21 -768.3722527469000170
92 21 -103021.9780223999987356
93 21 -301083.4574889999930747
94 21 -60519.1908430999974371
95 21 2658.8289077069998712
99 21 -3.5294566544619999
100 21 -768.3722527472000365
101 21 -768.3722527467999726
104 21 1339285.7142860000021756
105 21 -2056725.1625930001027882
8 22 909004.4749999999767169
9 22 -60519.1908430999974371
10 22 732713.1451118000550196
11 22 79335.6089894400065532
12 22 1151435.9684820000547916
20 22 -2043284.9406669999007136
21 22 -0.0000000006839400
22 22 20644902.9681000001728535
23 22 0.0000000074505806
24 22 -3370970.6356580001302063
26 22 225213.6699686000065412
28 22 7260980.0325440000742674
30 22 1066229.0777320000343025
68 22 62.3206986977999975
69 22 0.0000000002028173
70 22 13501.4906764499992278
71 22 0.0000000106228981
72 22 -1869.6209609340000952
81 22 -768.3722527472999673
82 22 20318.2234432199984440
83 22 -17041.5521977999997034
92 22 909004.4749999999767169
93 22 60519.1908430999974371
94 22 732713.1451118000550196
95 22 -79335.6089894400065532
96 22 1151435.9684820000547916
99 22 768.3722527474000117
100 22 20318.2234432299992477
101 22 17041.5521978100005072
7 23 -2322.5982127600000240
9 23 2658.8289077069998712
10 23 -79335.6089894400065532
11 23 -67728.2755791200033855
12 23 -61823.9446653999984846
19 23 1734790.4621270000934601
20 23 -0.0000000033129479
21 23 -6151225.6899929996579885
22 23 0.0000000074505806
23 23 45198677.4712800011038780
24 23 -0.0000001227017492
25 23 -134756.7655450000020210
27 23 6042754.2397959996014833
29 23 -24226528.6490399986505508
30 23 0.0000000088475645
31 23 -819.2500780712000505
35 23 27151.0566350100016280
36 23 -25992.6304331600003934
67 23 -1593750.0000000000000000
68 23 0.0000000033129479
69 23 101617.0478765000007115
70 23 -0.0000000051222742
71 23 -1375667.2496019999962300
72 23 -0.0000000658739706
81 23 768.3722527472999673
82 23 -17041.5521977999997034
83 23 20318.2234432199984440
91 23 -2322.5982127600000240
93 23 2658.8289077059998817
94 23 79335.6089894400065532
95 23 -67728.2755791200033855
96 23 61823.9446653999984846
99 23 768.3722527472999673
100 23 17041.5521977999997034
101 23 20318.2234432199984440
103 23 -819.2500780712000505
107 23 27151.0566350000008242
108 23 25992.6304331600003934
7 24 61623.0383476200004225
8 24 -2228441.9750000000931323
10 24 1151435.9684820000547916
11 24 61823.9446653999984846
12 24 -1598712.3442859998904169
19 24 0.0000000004802132
20 24 4479523.5487249996513128
21 24 0.0000000033129479
22 24 -3370970.6356580001302063
23 24 -0.0000001227017492
24 24 10745618.0907799992710352
25 24 0.0000000005347829
26 24 -21759.7770965800009435
28 24 -1066229.0777320000343025
29 24 -0.0000000133877620
30 24 -47063.5112790799976210
31 24 1023.8425137929999664
35 24 -25992.6304331600003934
36 24 25845.2306526700012910
68 24 -879.8216286747999675
69 24 -0.0000000033129479
70 24 1869.6209609340000952
71 24 -0.0000000658739706
72 24 17594.6488602499994158
91 24 -61623.0383476200004225
92 24 -2228441.9750000000931323
94 24 1151435.9684820000547916
95 24 -61823.9446653999984846
96 24 -1598712.3442859998904169
103 24 -1023.8425137929999664
107 24 25992.6304331499995897
108 24 25845.2306526700012910
7 25 -14.0347711210600004
11 25 -819.2500780712000505
12 25 -1023.8425137929999664
19 25 -2755.5073088019998977
23 25 -134756.7655450000020210
24 25 0.0000000005347829
25 25 12569.1764784799997869
29 25 0.0000000003055902
30 25 0.0000000011932570
31 25 -3501.0113881960000981
35 25 -0.0000000000436557
36 25 -103824.7428855000034673
91 25 -14.0347711210600004
95 25 -819.2500780712000505
96 25 1023.8425137929999664
103 25 -3501.0113881960000981
107 25 -0.0000000003055902
108 25 103824.7428855000034673
109 25 -14.0347711210600004
113 25 819.2500780711000061
114 25 1023.8425137929999664
127 25 -2755.5073088019998977
131 25 134756.7655450000020210
132 25 0.0000000004110916
145 25 -14.0347711210600004
149 25 819.2500780714999564
150 25 -1023.8425137929999664
8 26 -2786074.0449979999102652
9 26 1339285.7142860000021756
20 26 3801460.8408519998192787
21 26 0.0000000372529030
22 26 225213.6699686000065412
24 26 -21759.7770965800009435
26 26 20820155.2413699999451637
27 26 0.0000006407499313
28 26 0.0000000009313226
30 26 3231019.5541929998435080
32 26 -8639390.3715199995785952
33 26 0.0000000782310963
36 26 -1593750.0000000000000000
92 26 -2786074.0449970001354814
93 26 -1339285.7142860000021756
104 26 -8639390.3715199995785952
105 26 -0.0000008977949619
108 26 -1593750.0000000000000000
110 26 -2786074.0449979999102652
111 26 1339285.7142860000021756
128 26 3801460.8408519998192787
129 26 0.0000009052455425
130 26 -225213.6699686000065412
132 26 -21759.7770965800009435
146 26 -2786074.0449970001354814
147 26 -1339285.7142849999945611
8 27 1339285.7142860000021756
9 27 -2056725.1625930001027882
20 27 0.0000009052455425
21 27 -2208901.6595649998635054
23 27 6042754.2397959996014833
26 27 0.0000006407499313
27 27 13840938.8969899993389845
29 27 -12085633.1209900006651878
32 27 -0.0000008977949619
33 27 -598117.4637394000310451
34 27 879.8216286747999675
35 27 62.3206986977999975
92 27 -1339285.7142849999945611
93 27 -2056725.1625930001027882
104 27 0.0000000782310963
105 27 -598117.4637394000310451
106 27 -879.8216286747999675
107 27 62.3206986977999975
110 27 1339285.7142860000021756
111 27 -2056725.1625930001027882
128 27 0.0000000372529030
129 27 -2208901.6595649998635054
131 27 6042754.2397959996014833
146 27 -1339285.7142860000021756
147 27 -2056725.1625930001027882
20 28 -225213.6699686000065412
22 28 7260980.0325440000742674
24 28 -1066229.0777320000343025
26 28 0.0000000009313226
28 28 29690308.5464800000190735
29 28 0.0000000000072760
30 28 -0.0000000074505806
33 28 -879.8216286747999675
34 28 17594.6488602499994158
35 28 1869.6209609340000952
105 28 879.8216286747999675
106 28 17594.6488602499994158
107 28 -1869.6209609340000952
128 28 225213.6699686000065412
130 28 7260980.0325440000742674
132 28 1066229.0777320000343025
7 29 819.2500780711000061
11 29 27151.0566350000008242
12 29 25992.6304331499995897
19 29 134756.7655450000020210
21 29 6042754.2397959996014833
23 29 -24226528.6490399986505508
24 29 -0.0000000133877620
25 29 0.0000000003055902
27 29 -12085633.1209900006651878
28 29 0.0000000000072760
29 29 75178110.8451800048351288
30 29 -0.0000000076834112
31 29 -0.0000000003055902
33 29 62.3206986977999975
34 29 -1869.6209609340000952
35 29 -50092.8481070900015766
36 29 -0.0000000097788870
91 29 819.2500780714999564
95 29 27151.0566350100016280
96 29 -25992.6304331600003934
103 29 -0.0000000000436557
105 29 62.3206986977999975
106 29 1869.6209609340000952
107 29 -50092.8481070900015766
108 29 -0.0000000026775524
109 29 -819.2500780712000505
113 29 27151.0566350000008242
114 29 25992.6304331600003934
127 29 -134756.7655450000020210
129 29 6042754.2397959996014833
131 29 -24226528.6490399986505508
132 29 0.0000000088475645
145 29 -819.2500780712000505
149 29 27151.0566350100016280
150 29 -25992.6304331600003934
7 30 1023.8425137929999664
11 30 25992.6304331600003934
12 30 25845.2306526700012910
19 30 0.0000000004110916
20 30 -21759.7770965800009435
22 30 1066229.0777320000343025
23 30 0.0000000088475645
24 30 -47063.5112790799976210
25 30 0.0000000011932570
26 30 3231019.5541929998435080
28 30 -0.0000000074505806
29 30 -0.0000000076834112
30 30 15360134.5563200004398823
31 30 103824.7428855000034673
32 30 -1593750.0000000000000000
35 30 -0.0000000026775524
36 30 -1332348.5533990000840276
91 30 -1023.8425137929999664
95 30 -25992.6304331600003934
96 30 25845.2306526700012910
103 30 -103824.7428855000034673
104 30 -1593750.0000000000000000
107 30 -0.0000000097788870
108 30 -1332348.5533990000840276
109 30 -1023.8425137929999664
113 30 25992.6304331499995897
114 30 25845.2306526700012910
127 30 0.0000000005347829
128 30 -21759.7770965800009435
130 30 -1066229.0777320000343025
131 30 -0.0000000133877620
132 30 -47063.5112790799976210
145 30 1023.8425137929999664
149 30 -25992.6304331600003934
150 30 25845.2306526700012910
7 31 -2755.5073088019998977
11 31 -134756.7655450000020210
12 31 0.0000000005347829
13 31 -14.0347711210600004
17 31 -819.2500780712000505
18 31 -1023.8425137929999664
19 31 -14.0347711210600004
23 31 -819.2500780712000505
24 31 1023.8425137929999664
25 31 -3501.0113881960000981
29 31 -0.0000000003055902
30 31 103824.7428855000034673
31 31 12569.1764784799997869
35 31 0.0000000004802132
36 31 0.0000000004802132
37 31 -3501.0113881960000981
41 31 -0.0000000000436557
42 31 -103824.7428855000034673
127 31 -14.0347711210600004
131 31 819.2500780711000061
132 31 1023.8425137929999664
145 31 -2755.5073088019998977
149 31 134756.7655450000020210
150 31 0.0000000004110916
157 31 -14.0347711210600004
161 31 819.2500780714999564
162 31 -1023.8425137929999664
8 32 3801460.8408519998192787
9 32 0.0000000372529030
10 32 225213.6699686000065412
12 32 -21759.7770965800009435
14 32 -2786074.0449979999102652
15 32 1339285.7142860000021756
20 32 -2786074.0449970001354814
21 32 -1339285.7142860000021756
26 32 -8639390.3715199995785952
27 32 -0.0000008977949619
30 32 -1593750.0000000000000000
32 32 20820155.2413699999451637
33 32 0.0000006407499313
34 32 0.0000000009313226
36 32 3231019.5541929998435080
38 32 -8639390.3715199995785952
39 32 0.0000000782310963
42 32 -1593750.0000000000000000
128 32 -2786074.0449979999102652
129 32 1339285.7142860000021756
146 32 3801460.8408519998192787
147 32 0.0000009052455425
148 32 -225213.6699686000065412
150 32 -21759.7770965800009435
158 32 -2786074.0449970001354814
159 32 -1339285.7142849999945611
8 33 0.0000009052455425
9 33 -2208901.6595649998635054
11 33 6042754.2397959996014833
14 33 1339285.7142860000021756
15 33 -2056725.1625930001027882
20 33 -1339285.7142849999945611
21 33 -2056725.1625930001027882
26 33 0.0000000782310963
27 33 -598117.4637394000310451
28 33 -879.8216286747999675
29 33 62.3206986977999975
32 33 0.0000006407499313
33 33 13840938.8969899993389845
35 33 -12085633.1209900006651878
38 33 -0.0000008977949619
39 33 -598117.4637394000310451
40 33 879.8216286747999675
41 33 62.3206986977999975
128 33 1339285.7142860000021756
129 33 -2056725.1625930001027882
146 33 0.0000000372529030
147 33 -2208901.6595649998635054
149 33 6042754.2397959996014833
158 33 -1339285.7142860000021756
159 33 -2056725.1625930001027882
8 34 -225213.6699686000065412
10 34 7260980.0325440000742674
12 34 -1066229.0777320000343025
27 34 879.8216286747999675
28 34 17594.6488602499994158
29 34 -1869.6209609340000952
32 34 0.0000000009313226
34 34 29690308.5464800000190735
35 34 0.0000000000072760
36 34 -0.0000000074505806
39 34 -879.8216286747999675
40 34 17594.6488602499994158
41 34 1869.6209609340000952
146 34 225213.6699686000065412
148 34 7260980.0325440000742674
150 34 1066229.0777320000343025
7 35 134756.7655450000020210
9 35 6042754.2397959996014833
11 35 -24226528.6490399986505508
12 35 -0.0000000133877620
13 35 819.2500780711000061
17 35 27151.0566350000008242
18 35 25992.6304331499995897
19 35 819.2500780714999564
23 35 27151.0566350100016280
24 35 -25992.6304331600003934
25 35 -0.0000000000436557
27 35 62.3206986977999975
28 35 1869.6209609340000952
29 35 -50092.8481070900015766
30 35 -0.0000000026775524
31 35 0.0000000004802132
33 35 -12085633.1209900006651878
34 35 0.0000000000072760
35 35 75178110.8451800048351288
36 35 -0.0000000076834112
37 35 -0.0000000003055902
39 35 62.3206986977999975
40 35 -1869.6209609340000952
41 35 -50092.8481070900015766
42 35 -0.0000000097788870
127 35 -819.2500780712000505
131 35 27151.0566350000008242
132 35 25992.6304331600003934
145 35 -134756.7655450000020210
147 35 6042754.2397959996014833
149 35 -24226528.6490399986505508
150 35 0.0000000088475645
157 35 -819.2500780712000505
161 35 27151.0566350100016280
162 35 -25992.6304331600003934
7 36 0.0000000004110916
8 36 -21759.7770965800009435
10 36 1066229.0777320000343025
11 36 0.0000000088475645
12 36 -47063.5112790799976210
13 36 1023.8425137929999664
17 36 25992.6304331600003934
18 36 25845.2306526700012910
19 36 -1023.8425137929999664
23 36 -25992.6304331600003934
24 36 25845.2306526700012910
25 36 -103824.7428855000034673
26 36 -1593750.0000000000000000
29 36 -0.0000000097788870
30 36 -1332348.5533990000840276
31 36 0.0000000004802132
32 36 3231019.5541929998435080
34 36 -0.0000000074505806
35 36 -0.0000000076834112
36 36 15360134.5563200004398823
37 36 103824.7428855000034673
38 36 -1593750.0000000000000000
41 36 -0.0000000026775524
42 36 -1332348.5533990000840276
127 36 -1023.8425137929999664
131 36 25992.6304331499995897
132 36 25845.2306526700012910
145 36 0.0000000005347829
146 36 -21759.7770965800009435
148 36 -1066229.0777320000343025
149 36 -0.0000000133877620
150 36 -47063.5112790799976210
157 36 1023.8425137929999664
161 36 -25992.6304331600003934
162 36 25845.2306526700012910
1 37 -14.0347711210600004
5 37 -819.2500780712000505
6 37 -1023.8425137929999664
7 37 -14.0347711210600004
11 37 -819.2500780712000505
12 37 1023.8425137929999664
13 37 -2755.5073088019998977
17 37 -134756.7655450000020210
18 37 0.0000000005347829
31 37 -3501.0113881960000981
35 37 -0.0000000003055902
36 37 103824.7428855000034673
37 37 12569.1764784799997869
41 37 -0.0000000004511094
42 37 0.0000000004802132
49 37 -3501.0113881960000981
53 37 -0.0000000000436557
54 37 -103824.7428855000034673
145 37 -14.0347711210600004
149 37 819.2500780711000061
150 37 1023.8425137929999664
157 37 -2755.5073088019998977
161 37 134756.7655450000020210
162 37 0.0000000004110916
169 37 -14.0347711210600004
173 37 819.2500780714999564
174 37 -1023.8425137929999664
2 38 -2786074.0449979999102652
3 38 1339285.7142860000021756
8 38 -2786074.0449970001354814
9 38 -1339285.7142860000021756
14 38 3801460.8408519998192787
15 38 0.0000000372529030
16 38 225213.6699686000065412
18 38 -21759.7770965800009435
32 38 -8639390.3715199995785952
33 38 -0.0000008977949619
36 38 -1593750.0000000000000000
38 38 20820155.2413699999451637
39 38 0.0000006407499313
40 38 0.0000000009313226
42 38 3231019.5541929998435080
50 38 -8639390.3715199995785952
51 38 0.0000000782310963
54 38 -1593750.0000000000000000
146 38 -2786074.0449979999102652
147 38 1339285.7142860000021756
158 38 3801460.8408519998192787
159 38 0.0000009052455425
160 38 -225213.6699686000065412
162 38 -21759.7770965800009435
170 38 -2786074.0449970001354814
171 38 -1339285.7142849999945611
2 39 1339285.7142860000021756
3 39 -2056725.1625930001027882
8 39 -1339285.7142849999945611
9 39 -2056725.1625930001027882
14 39 0.0000009052455425
15 39 -2208901.6595649998635054
17 39 6042754.2397959996014833
32 39 0.0000000782310963
33 39 -598117.4637394000310451
34 39 -879.8216286747999675
35 39 62.3206986977999975
38 39 0.0000006407499313
39 39 13840938.8969899993389845
41 39 -12085633.1209900006651878
50 39 -0.0000008977949619
51 39 -598117.4637394000310451
52 39 879.8216286747999675
53 39 62.3206986977999975
146 39 1339285.7142860000021756
147 39 -2056725.1625930001027882
158 39 0.0000000372529030
159 39 -2208901.6595649998635054
161 39 6042754.2397959996014833
170 39 -1339285.7142860000021756
171 39 -2056725.1625930001027882
14 40 -225213.6699686000065412
16 40 7260980.0325440000742674
18 40 -1066229.0777320000343025
33 40 879.8216286747999675
34 40 17594.6488602499994158
35 40 -1869.6209609340000952
38 40 0.0000000009313226
40 40 29690308.5464800000190735
41 40 0.0000000000072760
42 40 -0.0000000074505806
51 40 -879.8216286747999675
52 40 17594.6488602499994158
53 40 1869.6209609340000952
158 40 225213.6699686000065412
160 40 7260980.0325440000742674
162 40 1066229.0777320000343025
1 41 819.2500780711000061
5 41 27151.0566350000008242
6 41 25992.6304331499995897
7 41 819.2500780714999564
11 41 27151.0566350100016280
12 41 -25992.6304331600003934
13 41 134756.7655450000020210
15 41 6042754.2397959996014833
17 41 -24226528.6490399986505508
18 41 -0.0000000133877620
31 41 -0.0000000000436557
33 41 62.3206986977999975
34 41 1869.6209609340000952
35 41 -50092.8481070900015766
36 41 -0.0000000026775524
37 41 -0.0000000004511094
39 41 -12085633.1209900006651878
40 41 0.0000000000072760
41 41 75178110.8451800048351288
42 41 -0.0000000076834112
49 41 -0.0000000003055902
51 41 62.3206986977999975
52 41 -1869.6209609340000952
53 41 -50092.8481070900015766
54 41 -0.0000000097788870
145 41 -819.2500780712000505
149 41 27151.0566350000008242
150 41 25992.6304331600003934
157 41 -134756.7655450000020210
159 41 6042754.2397959996014833
161 41 -24226528.6490399986505508
162 41 0.0000000088475645
169 41 -819.2500780712000505
173 41 27151.0566350100016280
174 41 -25992.6304331600003934
1 42 1023.8425137929999664
5 42 25992.6304331600003934
6 42 25845.2306526700012910
7 42 -1023.8425137929999664
11 42 -25992.6304331600003934
12 42 25845.2306526700012910
13 42 0.0000000004110916
14 42 -21759.7770965800009435
16 42 1066229.0777320000343025
17 42 0.0000000088475645
18 42 -47063.5112790799976210
31 42 -103824.7428855000034673
32 42 -1593750.0000000000000000
35 42 -0.0000000097788870
36 42 -1332348.5533990000840276
37 42 0.0000000004802132
38 42 3231019.5541929998435080
40 42 -0.0000000074505806
41 42 -0.0000000076834112
42 42 15360134.5563200004398823
49 42 103824.7428855000034673
50 42 -1593750.0000000000000000
53 42 -0.0000000026775524
54 42 -1332348.5533990000840276
145 42 -1023.8425137929999664
149 42 25992.6304331499995897
150 42 25845.2306526700012910
157 42 0.0000000005347829
158 42 -21759.7770965800009435
160 42 -1066229.0777320000343025
161 42 -0.0000000133877620
162 42 -47063.5112790799976210
169 42 1023.8425137929999664
173 42 -25992.6304331600003934
174 42 25845.2306526700012910
1 43 712211.5196943000191823
2 43 -103021.9780217999941669
5 43 -2322.5982127600000240
6 43 61623.0383476200004225
43 43 7570118.7792159998789430
44 43 0.0000002160668373
47 43 1734790.4621270000934601
48 43 0.0000000002473826
49 43 -14.0347711210600004
53 43 819.2500780711000061
54 43 1023.8425137929999664
55 43 -2755.5073088019998977
59 43 134756.7655450000020210
60 43 0.0000000004110916
61 43 -4678571.4285709997639060
62 43 -0.0000002607703209
65 43 -1593750.0000000000000000
73 43 -2156593.4065939998254180
74 43 1339285.7142860000021756
151 43 -2156593.4065919998101890
152 43 -1339285.7142860000021756
163 43 712211.5196943000191823
164 43 103021.9780218999949284
167 43 -2322.5982127600000240
168 43 -61623.0383476200004225
175 43 -14.0347711210600004
179 43 819.2500780714999564
180 43 -1023.8425137929999664
1 44 103021.9780218999949284
2 44 -7668230.9000469995662570
3 44 103021.9780216000071960
4 44 909004.4749999999767169
6 44 -2228441.9750000000931323
43 44 0.0000002160668373
44 44 19991793.7612700015306473
45 44 -0.0000003054738045
46 44 -2043284.9406669999007136
47 44 -0.0000000033129479
48 44 4479523.5487249996513128
50 44 -2786074.0449979999102652
51 44 1339285.7142860000021756
56 44 3801460.8408519998192787
57 44 0.0000009052455425
58 44 -225213.6699686000065412
60 44 -21759.7770965800009435
61 44 -0.0000003203749657
62 44 1428542.1011830000206828
63 44 -0.0000000001104316
64 44 62.3206986977999975
65 44 -0.0000000033129479
66 44 879.8216286747999675
73 44 1339285.7142849999945611
74 44 -2156593.4065950000658631
151 44 -1339285.7142860000021756
152 44 -2156593.4065950000658631
163 44 -103021.9780217999941669
164 44 -7668230.9000469995662570
165 44 -103021.9780223999987356
166 44 909004.4749999999767169
168 44 -2228441.9750000000931323
176 44 -2786074.0449970001354814
177 44 -1339285.7142849999945611
2 45 -103021.9780223999987356
3 45 -301083.4574889999930747
4 45 -60519.1908430999974371
5 45 2658.8289077069998712
44 45 -0.0000003054738045
45 45 6927957.3594779996201396
46 45 -0.0000000002328306
47 45 -6151225.6899929996579885
48 45 0.0000000033129479
50 45 1339285.7142860000021756
51 45 -2056725.1625930001027882
56 45 0.0000000372529030
57 45 -2208901.6595649998635054
59 45 6042754.2397959996014833
62 45 -0.0000000001104316
63 45 -3431.4008327579999786
64 45 0.0000000001255103
65 45 -101617.0478765000007115
66 45 0.0000000033129479
75 45 -3.5294566544619999
76 45 -768.3722527472000365
77 45 -768.3722527467999726
153 45 -3.5294566544740000
154 45 768.3722527470999921
155 45 -768.3722527469000170
164 45 103021.9780216000071960
165 45 -301083.4574889999930747
166 45 60519.1908430999974371
167 45 2658.8289077059998817
176 45 -1339285.7142860000021756
177 45 -2056725.1625930001027882
2 46 909004.4749999999767169
3 46 60519.1908430999974371
4 46 732713.1451118000550196
5 46 -79335.6089894400065532
6 46 1151435.9684820000547916
44 46 -2043284.9406669999007136
45 46 -0.0000000002328306
46 46 20644902.9681000001728535
47 46 0.0000000069849193
48 46 -3370970.6356580001302063
56 46 225213.6699686000065412
58 46 7260980.0325440000742674
60 46 1066229.0777320000343025
62 46 62.3206986977999975
63 46 0.0000000002019078
64 46 13501.4906764499992278
65 46 0.0000000105937943
66 46 -1869.6209609340000952
75 46 768.3722527474000117
76 46 20318.2234432299992477
77 46 17041.5521978100005072
153 46 -768.3722527472999673
154 46 20318.2234432199984440
155 46 -17041.5521977999997034
164 46 909004.4749999999767169
165 46 -60519.1908430999974371
166 46 732713.1451118000550196
167 46 79335.6089894400065532
