685 685 3249
1 1 26185.5000000000000000
4 1 -120.4818999999999960
5 1 -92.5925900000000013
10 1 -48.7804900000000004
2 2 539.2912999999999784
3 2 -303.0303000000000111
7 2 -151.5151999999999930
161 2 -84.7457600000000042
2 3 -303.0303000000000111
3 3 515.9850000000000136
6 3 -144.9275000000000091
9 3 -68.0272099999999966
1 4 -120.4818999999999960
4 4 512.6387999999999465
12 4 -294.1175999999999817
185 4 -98.0392200000000003
1 5 -92.5925900000000013
5 5 92.5925900000000013
3 6 -144.9275000000000091
6 6 144.9275000000000091
2 7 -151.5151999999999930
7 7 514.3781000000000176
10 7 -270.2703000000000202
217 7 -92.5925900000000013
8 8 229.5913999999999930
9 8 -52.0833299999999966
217 8 -42.3728800000000021
229 8 -135.1350999999999942
3 9 -68.0272099999999966
8 9 -52.0833299999999966
9 9 120.1105000000000018
1 10 -48.7804900000000004
7 10 -270.2703000000000202
10 10 389.9726999999999748
11 10 -70.9219800000000049
10 11 -70.9219800000000049
11 11 220.1757000000000062
186 11 -149.2537000000000091
4 12 -294.1175999999999817
12 12 549.8528999999999769
13 12 -28.8184499999999986
17 12 -40.3225800000000021
53 12 -144.9275000000000091
176 12 -41.6666700000000034
12 13 -28.8184499999999986
13 13 128.8281000000000063
15 13 -40.4858300000000000
176 13 -59.5238099999999974
14 14 197.1545000000000130
17 14 -100.0000000000000000
19 14 -30.4878000000000000
160 14 -66.6666699999999963
13 15 -40.4858300000000000
15 15 75.0879099999999937
22 15 -34.6020800000000008
16 16 70.6680099999999953
162 16 -27.9329600000000013
178 16 -42.7350399999999979
12 17 -40.3225800000000021
14 17 -100.0000000000000000
17 17 189.2190999999999974
18 17 -6.1614290000000000
19 17 -42.7350399999999979
17 18 -6.1614290000000000
18 18 58.7930100000000024
19 18 -52.6315799999999996
14 19 -30.4878000000000000
17 19 -42.7350399999999979
18 19 -52.6315799999999996
19 19 2284.5839999999998327
53 19 -2000.0000000000000000
55 19 -158.7301999999999964
20 20 226.2244000000000028
22 20 -97.0873799999999960
124 20 -81.9672199999999975
178 20 -47.1698099999999982
21 21 254.8509999999999991
22 21 -97.0873799999999960
23 21 -41.6666700000000034
137 21 -34.1296899999999965
178 21 -81.9672199999999975
15 22 -34.6020800000000008
20 22 -97.0873799999999960
21 22 -97.0873799999999960
22 22 228.7768000000000086
21 23 -41.6666700000000034
23 23 171.5367999999999995
125 23 -129.8701000000000079
24 24 251.9890000000000043
48 24 -70.4225299999999947
50 24 -25.3164499999999997
51 24 -156.2500000000000000
25 25 383.3956999999999766
27 25 -63.6942700000000031
28 25 -63.2911399999999986
163 25 -256.4103000000000065
26 26 234.9479000000000042
43 26 -44.2477900000000020
189 26 -75.7575800000000044
208 26 -114.9424999999999955
25 27 -63.6942700000000031
27 27 203.8850999999999942
43 27 -43.1034500000000023
182 27 -97.0873799999999960
25 28 -63.2911399999999986
28 28 196.5147000000000048
43 28 -22.6244399999999999
182 28 -95.2381000000000029
189 28 -15.3609799999999996
29 29 176.0921999999999912
30 29 -6.6006600000000004
46 29 -169.4915000000000020
29 30 -6.6006600000000004
30 30 207.8077000000000112
31 30 -112.3596000000000004
32 30 -4.1017229999999998
189 30 -84.7457600000000042
30 31 -112.3596000000000004
31 31 145.6929000000000087
35 31 -33.3333399999999997
30 32 -4.1017229999999998
32 32 116.4612999999999943
52 32 -112.3596000000000004
33 33 228.9727000000000032
35 33 -113.6363999999999947
47 33 -79.3650800000000061
183 33 -35.9712299999999985
34 34 232.7827000000000055
46 34 -63.2911399999999986
47 34 -169.4915000000000020
31 35 -33.3333399999999997
33 35 -113.6363999999999947
35 35 146.9696999999999889
36 36 377.5072999999999865
38 36 -32.6797400000000025
175 36 -344.8276000000000181
37 37 180.9992000000000019
38 37 -90.0901000000000067
211 37 -90.9090900000000062
36 38 -32.6797400000000025
37 38 -90.0901000000000067
38 38 334.5221999999999980
40 38 -15.6739800000000002
58 38 -196.0783999999999878
39 39 25.0000000000000000
40 39 -25.0000000000000000
38 40 -15.6739800000000002
39 40 -25.0000000000000000
40 40 157.3406999999999982
41 40 -16.6666699999999999
541 40 -100.0000000000000000
40 41 -16.6666699999999999
41 41 16.6666699999999999
42 42 2000.0000000000000000
173 42 -2000.0000000000000000
26 43 -44.2477900000000020
27 43 -43.1034500000000023
28 43 -22.6244399999999999
43 43 241.8562000000000012
46 43 -84.0336199999999991
189 43 -47.8468900000000019
44 44 326.2472999999999956
45 44 -20.2839799999999997
47 44 -39.0625000000000000
49 44 -149.2537000000000091
51 44 -117.6470000000000056
44 45 -20.2839799999999997
45 45 167.7597000000000094
46 45 -32.4675299999999964
47 45 -23.6406600000000005
52 45 -54.0540499999999966
182 45 -37.3134299999999968
29 46 -169.4915000000000020
34 46 -63.2911399999999986
43 46 -84.0336199999999991
45 46 -32.4675299999999964
46 46 503.1299999999999955
157 46 -153.8461000000000070
33 47 -79.3650800000000061
34 47 -169.4915000000000020
44 47 -39.0625000000000000
45 47 -23.6406600000000005
47 47 311.5597999999999956
24 48 -70.4225299999999947
48 48 158.8660000000000139
49 48 -51.8134700000000024
50 48 -36.6300400000000010
44 49 -149.2537000000000091
48 49 -51.8134700000000024
49 49 256.9026999999999816
50 49 -29.2397700000000000
182 49 -26.5957499999999989
24 50 -25.3164499999999997
48 50 -36.6300400000000010
49 50 -29.2397700000000000
50 50 91.1862600000000043
24 51 -156.2500000000000000
44 51 -117.6470000000000056
51 51 273.8971000000000231
32 52 -112.3596000000000004
45 52 -54.0540499999999966
52 52 166.4136000000000024
12 53 -144.9275000000000091
19 53 -2000.0000000000000000
53 53 2223.6680000000001201
54 53 -78.7401600000000030
53 54 -78.7401600000000030
54 54 246.5032999999999959
55 54 -105.2631999999999977
185 54 -62.5000000000000000
19 55 -158.7301999999999964
54 55 -105.2631999999999977
55 55 263.9932999999999765
56 56 222.4177999999999997
60 56 -93.4579399999999936
61 56 -105.2631999999999977
189 56 -23.6966800000000006
57 57 56.3754399999999976
61 57 -20.6611599999999989
190 57 -35.7142800000000022
38 58 -196.0783999999999878
58 58 446.0783999999999878
59 58 -250.0000000000000000
58 59 -250.0000000000000000
59 59 527.7777999999999565
61 59 -277.7778000000000134
56 60 -93.4579399999999936
60 60 166.4506000000000085
211 60 -72.9926999999999992
56 61 -105.2631999999999977
57 61 -20.6611599999999989
59 61 -277.7778000000000134
61 61 403.7020999999999731
62 62 206.5637000000000114
64 62 -71.4285699999999935
67 62 -135.1350999999999942
63 63 438.0452000000000226
64 63 -274.0240000000000009
65 63 -71.4285699999999935
66 63 -92.5925900000000013
62 64 -71.4285699999999935
63 64 -274.0240000000000009
64 64 468.5072999999999865
65 64 -57.8034699999999972
67 64 -20.4081599999999987
184 64 -44.8430499999999981
63 65 -71.4285699999999935
64 65 -57.8034699999999972
65 65 129.2319999999999993
63 66 -92.5925900000000013
66 66 268.0312000000000126
616 66 -175.4386000000000081
62 67 -135.1350999999999942
64 67 -20.4081599999999987
67 67 155.5432999999999879
68 68 9.2023560000000000
88 68 -1.8412820000000001
90 68 -4.5955880000000002
94 68 -2.7654869999999998
69 69 162.9088000000000136
70 69 -106.3829999999999956
71 69 -7.4019240000000002
74 69 -4.8685489999999998
91 69 -36.7647100000000009
103 69 -7.4906370000000004
69 70 -106.3829999999999956
70 70 406.0717999999999961
93 70 -81.9672199999999975
98 70 -35.2112699999999990
126 70 -27.5482100000000010
129 70 -28.1690100000000001
143 70 -85.4700899999999990
171 70 -24.8756200000000014
207 70 -16.4473699999999994
69 71 -7.4019240000000002
71 71 222.5799000000000092
91 71 -4.5248869999999997
96 71 -16.5562900000000006
97 71 -44.8430499999999981
106 71 -149.2537000000000091
72 72 30.1580300000000001
75 72 -10.7066400000000002
107 72 -15.4321000000000002
152 72 -4.0192930000000002
73 73 25.1699200000000012
81 73 -11.5874900000000007
83 73 -5.2002079999999999
89 73 -8.3822299999999998
69 74 -4.8685489999999998
74 74 32.7799499999999995
78 74 -21.5982699999999994
80 74 -6.3131310000000003
72 75 -10.7066400000000002
75 75 60.3702800000000011
103 75 -5.3648069999999999
107 75 -3.8211689999999998
123 75 -2.0161289999999998
127 75 -38.4615399999999994
76 76 41.6691999999999965
101 76 -3.8109760000000001
131 76 -4.5248869999999997
153 76 -33.3333399999999997
77 77 202.6738000000000000
95 77 -20.2020200000000010
117 77 -60.6060599999999994
132 77 -116.2790999999999997
158 77 -5.5865919999999996
74 78 -21.5982699999999994
78 78 58.1032399999999996
85 78 -8.9126560000000001
96 78 -5.8616650000000003
97 78 -12.2249400000000001
106 78 -9.5057030000000005
79 79 51.2815299999999965
81 79 -7.4349449999999999
84 79 -8.6805550000000000
88 79 -10.1729400000000005
117 79 -7.4183969999999997
151 79 -17.5746900000000004
74 80 -6.3131310000000003
80 80 29.3284899999999986
82 80 -6.4474530000000003
85 80 -6.9492700000000003
97 80 -6.8493149999999998
101 80 -2.7693159999999999
73 81 -11.5874900000000007
79 81 -7.4349449999999999
81 81 43.1901399999999995
83 81 -7.1787510000000001
148 81 -11.8764800000000008
151 81 -5.1124739999999997
80 82 -6.4474530000000003
82 82 15.5745100000000001
96 82 -5.5834729999999997
101 82 -3.5435859999999999
73 83 -5.2002079999999999
81 83 -7.1787510000000001
83 83 32.3242699999999985
103 83 -4.8756700000000004
127 83 -10.7066400000000002
149 83 -4.3630019999999998
79 84 -8.6805550000000000
84 84 158.4986000000000104
86 84 -39.2156900000000022
99 84 -90.0901000000000067
104 84 -5.9136610000000003
148 84 -14.5985399999999998
78 85 -8.9126560000000001
80 85 -6.9492700000000003
85 85 156.2605000000000075
97 85 -86.2068900000000014
106 85 -33.4448200000000000
146 85 -20.7468900000000005
84 86 -39.2156900000000022
86 86 66.7846100000000007
87 86 -20.2429099999999984
88 86 -7.3260069999999997
86 87 -20.2429099999999984
87 87 96.4745900000000063
99 87 -33.2225899999999967
102 87 -0.6786563000000000
105 87 -4.4247790000000000
110 87 -1.6204829999999999
111 87 -2.8677950000000001
148 87 -8.7260039999999996
149 87 -24.6913599999999995
68 88 -1.8412820000000001
79 88 -10.1729400000000005
86 88 -7.3260069999999997
88 88 54.8407699999999991
95 88 -18.0180199999999999
102 88 -17.4825200000000009
73 89 -8.3822299999999998
89 89 38.1398200000000003
92 89 -19.6463600000000014
96 89 -10.1112199999999994
68 90 -4.5955880000000002
90 90 18.2751100000000015
131 90 -5.7603679999999997
158 90 -4.2016809999999998
159 90 -3.7174719999999999
69 91 -36.7647100000000009
71 91 -4.5248869999999997
91 91 71.5926199999999966
144 91 -30.3030299999999997
89 92 -19.6463600000000014
92 92 39.2891600000000025
117 92 -2.8360750000000001
146 92 -16.8067199999999985
70 93 -81.9672199999999975
93 93 413.0360000000000014
98 93 -51.8134700000000024
177 93 -208.3333000000000084
193 93 -70.9219800000000049
68 94 -2.7654869999999998
94 94 49.0227900000000005
131 94 -5.9347180000000002
154 94 -40.3225800000000021
77 95 -20.2020200000000010
88 95 -18.0180199999999999
95 95 103.7443999999999988
104 95 -13.9860100000000003
105 95 -15.6985899999999994
117 95 -9.4966760000000008
151 95 -21.6919700000000013
159 95 -4.6511630000000004
71 96 -16.5562900000000006
78 96 -5.8616650000000003
82 96 -5.5834729999999997
89 96 -10.1112199999999994
96 96 94.6098300000000023
146 96 -56.4971800000000002
71 97 -44.8430499999999981
78 97 -12.2249400000000001
80 97 -6.8493149999999998
85 97 -86.2068900000000014
97 97 299.6361999999999739
98 97 -108.6955999999999989
106 97 -40.8163300000000007
70 98 -35.2112699999999990
93 98 -51.8134700000000024
97 98 -108.6955999999999989
98 98 390.8756000000000199
128 98 -54.3101800000000026
129 98 -140.8451000000000022
84 99 -90.0901000000000067
87 99 -33.2225899999999967
99 99 247.9766999999999939
100 99 -106.3829999999999956
102 99 -11.6143999999999998
105 99 -6.6666670000000003
99 100 -106.3829999999999956
100 100 333.7674000000000092
118 100 -53.9181499999999971
134 100 -36.1010800000000032
142 100 -74.0740700000000061
147 100 -63.2911399999999986
76 101 -3.8109760000000001
80 101 -2.7693159999999999
82 101 -3.5435859999999999
101 101 10.1238799999999998
87 102 -0.6786563000000000
88 102 -17.4825200000000009
99 102 -11.6143999999999998
102 102 32.1926899999999989
110 102 -0.8934954000000001
111 102 -1.0021040000000001
136 102 -0.5215124000000000
69 103 -7.4906370000000004
75 103 -5.3648069999999999
83 103 -4.8756700000000004
103 103 77.0207699999999988
144 103 -54.0540499999999966
152 103 -5.2356020000000001
84 104 -5.9136610000000003
95 104 -13.9860100000000003
104 104 31.4337000000000018
151 104 -11.5340299999999996
87 105 -4.4247790000000000
95 105 -15.6985899999999994
99 105 -6.6666670000000003
105 105 32.9819800000000001
132 105 -6.1919500000000003
71 106 -149.2537000000000091
78 106 -9.5057030000000005
85 106 -33.4448200000000000
97 106 -40.8163300000000007
106 106 233.0206000000000017
72 107 -15.4321000000000002
75 107 -3.8211689999999998
107 107 24.5906999999999982
108 107 -3.2320620000000000
115 107 -1.4654160000000001
123 107 -0.6399589999999999
107 108 -3.2320620000000000
108 108 481.7728000000000179
114 108 -47.3933699999999973
115 108 -202.4394000000000062
121 108 -112.3596000000000004
123 108 -3.9888309999999998
124 108 -112.3596000000000004
109 109 294.0638999999999896
111 109 -222.2221999999999866
115 109 -0.5909118000000000
116 109 -3.5945360000000002
123 109 -67.6561899999999952
87 110 -1.6204829999999999
102 110 -0.8934954000000001
110 110 20.4746699999999997
111 110 -5.1840330000000003
113 110 -5.6465269999999999
136 110 -3.9745629999999998
140 110 -3.1555689999999998
87 111 -2.8677950000000001
102 111 -1.0021040000000001
109 111 -222.2221999999999866
110 111 -5.1840330000000003
111 111 566.1874000000000251
112 111 -47.8468900000000019
113 111 -60.9255399999999980
116 111 -92.6577800000000025
120 111 -100.0000000000000000
138 111 -2.2487070000000000
140 111 -2.8232640000000000
141 111 -28.4090899999999991
111 112 -47.8468900000000019
112 112 312.8557999999999879
113 112 -45.2488699999999966
134 112 -141.0199000000000069
136 112 -78.7401600000000030
110 113 -5.6465269999999999
111 113 -60.9255399999999980
112 113 -45.2488699999999966
113 113 1123.8989999999998872
116 113 -2.6267399999999999
122 113 -555.5555000000000518
133 113 -250.0000000000000000
134 113 -119.0476000000000028
135 113 -68.4931500000000000
138 113 -10.7181099999999994
140 113 -5.6369790000000002
108 114 -47.3933699999999973
114 114 75.1050999999999931
115 114 -5.0403219999999997
122 114 -6.5616800000000000
135 114 -7.5700229999999999
139 114 -8.5397099999999995
107 115 -1.4654160000000001
108 115 -202.4394000000000062
109 115 -0.5909118000000000
114 115 -5.0403219999999997
115 115 514.6331999999999880
116 115 -107.6693000000000069
119 115 -66.2251700000000056
121 115 -57.4712600000000009
123 115 -16.2601599999999991
124 115 -57.4712600000000009
109 116 -3.5945360000000002
111 116 -92.6577800000000025
113 116 -2.6267399999999999
115 116 -107.6693000000000069
116 116 219.6227000000000089
123 116 -9.7943189999999998
138 116 -1.5271840000000001
140 116 -1.7528480000000000
77 117 -60.6060599999999994
79 117 -7.4183969999999997
92 117 -2.8360750000000001
95 117 -9.4966760000000008
117 117 427.1480999999999995
118 117 -108.6955999999999989
132 117 -238.0952000000000055
100 118 -53.9181499999999971
117 118 -108.6955999999999989
118 118 283.3249000000000137
145 118 -15.6739800000000002
150 118 -72.4637699999999967
155 118 -32.5732900000000001
115 119 -66.2251700000000056
119 119 500.0561999999999898
120 119 -33.5570499999999967
123 119 -103.0927999999999969
125 119 -41.4937699999999978
126 119 -46.2963000000000022
137 119 -61.3496900000000025
141 119 -125.0000000000000000
143 119 -23.0414700000000003
111 120 -100.0000000000000000
119 120 -33.5570499999999967
120 120 168.2793000000000063
150 120 -34.7222200000000001
108 121 -112.3596000000000004
115 121 -57.4712600000000009
121 121 328.5609999999999786
125 121 -158.7301999999999964
113 122 -555.5555000000000518
114 122 -6.5616800000000000
122 122 575.5208999999999833
135 122 -7.3260069999999997
139 122 -5.5772449999999996
140 122 -0.5004254000000000
75 123 -2.0161289999999998
107 123 -0.6399589999999999
108 123 -3.9888309999999998
109 123 -67.6561899999999952
115 123 -16.2601599999999991
116 123 -9.7943189999999998
119 123 -103.0927999999999969
123 123 203.4483999999999924
20 124 -81.9672199999999975
108 124 -112.3596000000000004
115 124 -57.4712600000000009
124 124 251.7980000000000018
23 125 -129.8701000000000079
119 125 -41.4937699999999978
121 125 -158.7301999999999964
125 125 330.0941000000000258
70 126 -27.5482100000000010
119 126 -46.2963000000000022
126 126 186.2041000000000111
127 126 -112.3596000000000004
75 127 -38.4615399999999994
83 127 -10.7066400000000002
126 127 -112.3596000000000004
127 127 176.3644999999999925
152 127 -14.8367900000000006
98 128 -54.3101800000000026
128 128 128.8266000000000133
129 128 -55.2486200000000025
153 128 -19.2678200000000004
70 129 -28.1690100000000001
98 129 -140.8451000000000022
128 129 -55.2486200000000025
129 129 290.2074999999999818
145 129 -51.2820499999999981
147 129 -14.6627600000000005
130 130 89.7574800000000010
131 130 -33.3333399999999997
153 130 -32.8947399999999988
155 130 -23.5294099999999986
76 131 -4.5248869999999997
90 131 -5.7603679999999997
94 131 -5.9347180000000002
130 131 -33.3333399999999997
131 131 59.8945700000000016
154 131 -10.3412600000000001
77 132 -116.2790999999999997
105 132 -6.1919500000000003
117 132 -238.0952000000000055
132 132 360.5663000000000125
113 133 -250.0000000000000000
133 133 528.0342000000000553
134 133 -227.2726999999999862
138 133 -50.7614200000000011
100 134 -36.1010800000000032
112 134 -141.0199000000000069
113 134 -119.0476000000000028
133 134 -227.2726999999999862
134 134 563.4412999999999556
140 134 -40.0000000000000000
113 135 -68.4931500000000000
114 135 -7.5700229999999999
122 135 -7.3260069999999997
135 135 301.2726999999999862
138 135 -144.9275000000000091
139 135 -72.9559799999999967
102 136 -0.5215124000000000
110 136 -3.9745629999999998
112 136 -78.7401600000000030
136 136 83.2362399999999951
21 137 -34.1296899999999965
119 137 -61.3496900000000025
137 137 95.4793899999999951
111 138 -2.2487070000000000
113 138 -10.7181099999999994
116 138 -1.5271840000000001
133 138 -50.7614200000000011
135 138 -144.9275000000000091
138 138 213.3757999999999981
140 138 -3.1928480000000001
114 139 -8.5397099999999995
122 139 -5.5772449999999996
135 139 -72.9559799999999967
139 139 87.5168900000000036
140 139 -0.4439512000000000
110 140 -3.1555689999999998
111 140 -2.8232640000000000
113 140 -5.6369790000000002
116 140 -1.7528480000000000
122 140 -0.5004254000000000
134 140 -40.0000000000000000
138 140 -3.1928480000000001
139 140 -0.4439512000000000
140 140 57.5058900000000008
111 141 -28.4090899999999991
119 141 -125.0000000000000000
141 141 153.4090999999999951
100 142 -74.0740700000000061
142 142 306.6322000000000116
150 142 -232.5580999999999960
70 143 -85.4700899999999990
119 143 -23.0414700000000003
143 143 162.5655999999999892
144 143 -54.0540499999999966
91 144 -30.3030299999999997
103 144 -54.0540499999999966
143 144 -54.0540499999999966
144 144 138.4111000000000047
118 145 -15.6739800000000002
129 145 -51.2820499999999981
145 145 121.0100999999999942
146 145 -54.0540499999999966
85 146 -20.7468900000000005
92 146 -16.8067199999999985
96 146 -56.4971800000000002
145 146 -54.0540499999999966
146 146 148.1048000000000116
100 147 -63.2911399999999986
129 147 -14.6627600000000005
147 147 133.5095000000000027
148 147 -55.5555599999999998
81 148 -11.8764800000000008
84 148 -14.5985399999999998
87 148 -8.7260039999999996
147 148 -55.5555599999999998
148 148 99.7332499999999982
149 148 -8.9766610000000000
83 149 -4.3630019999999998
87 149 -24.6913599999999995
148 149 -8.9766610000000000
149 149 38.0310199999999980
118 150 -72.4637699999999967
120 150 -34.7222200000000001
142 150 -232.5580999999999960
150 150 393.7982000000000085
151 150 -54.0540499999999966
79 151 -17.5746900000000004
81 151 -5.1124739999999997
95 151 -21.6919700000000013
104 151 -11.5340299999999996
150 151 -54.0540499999999966
151 151 109.9672000000000054
72 152 -4.0192930000000002
103 152 -5.2356020000000001
127 152 -14.8367900000000006
152 152 24.0916899999999998
76 153 -33.3333399999999997
128 153 -19.2678200000000004
130 153 -32.8947399999999988
153 153 85.4959000000000060
94 154 -40.3225800000000021
131 154 -10.3412600000000001
154 154 50.6638400000000004
118 155 -32.5732900000000001
130 155 -23.5294099999999986
155 155 91.8169900000000041
156 155 -35.7142800000000022
155 156 -35.7142800000000022
156 156 52.8250499999999974
158 156 -5.7471269999999999
159 156 -11.3636400000000002
46 157 -153.8461000000000070
157 157 153.8461000000000070
77 158 -5.5865919999999996
90 158 -4.2016809999999998
156 158 -5.7471269999999999
158 158 15.5353999999999992
90 159 -3.7174719999999999
95 159 -4.6511630000000004
156 159 -11.3636400000000002
159 159 19.7322699999999998
14 160 -66.6666699999999963
160 160 103.7036999999999978
185 160 -37.0370399999999975
2 161 -84.7457600000000042
161 161 312.0185000000000173
205 161 -227.2726999999999862
16 162 -27.9329600000000013
162 162 72.7760200000000026
188 162 -44.8430499999999981
25 163 -256.4103000000000065
163 163 372.1607000000000198
164 163 -25.5102000000000011
165 163 -23.9234399999999994
188 163 -62.5000000000000000
203 163 -3.8167939999999998
163 164 -25.5102000000000011
164 164 25.5102000000000011
163 165 -23.9234399999999994
165 165 107.9570999999999970
201 165 -84.0336199999999991
166 166 139.0723000000000127
167 166 -42.9184600000000032
219 166 -96.1538500000000056
166 167 -42.9184600000000032
167 167 217.0216000000000065
194 167 -93.4579399999999936
195 167 -80.6451600000000042
168 168 104.6854000000000013
178 168 -44.4444400000000002
183 168 -60.2409600000000012
169 169 190.7480999999999938
170 169 -61.6345999999999989
171 169 -22.4719100000000012
172 169 -19.6850400000000008
216 169 -86.9565199999999976
169 170 -61.6345999999999989
170 170 172.1156000000000006
189 170 -37.4883200000000016
211 170 -72.9926999999999992
70 171 -24.8756200000000014
169 171 -22.4719100000000012
171 171 408.8269000000000233
184 171 -194.1748000000000047
193 171 -54.9450500000000019
210 171 -112.3596000000000004
169 172 -19.6850400000000008
172 172 447.4173999999999864
173 172 -17.2117000000000004
174 172 -22.7790399999999984
184 172 -259.7402999999999906
193 172 -78.7401600000000030
628 172 -24.6305399999999999
631 172 -24.6305399999999999
42 173 -2000.0000000000000000
172 173 -17.2117000000000004
173 173 2141.6300000000001091
174 173 -70.4225299999999947
175 173 -37.7358499999999992
190 173 -16.2601599999999991
172 174 -22.7790399999999984
173 174 -70.4225299999999947
174 174 93.2015800000000070
36 175 -344.8276000000000181
173 175 -37.7358499999999992
175 175 577.8015000000000327
190 175 -28.5714299999999994
667 175 -166.6666999999999916
12 176 -41.6666700000000034
13 176 -59.5238099999999974
176 176 101.1905000000000001
93 177 -208.3333000000000084
177 177 310.3740999999999985
193 177 -102.0408000000000044
16 178 -42.7350399999999979
20 178 -47.1698099999999982
21 178 -81.9672199999999975
168 178 -44.4444400000000002
178 178 216.3164999999999907
179 179 219.5401999999999987
180 179 -133.3333000000000084
208 179 -86.2068900000000014
179 180 -133.3333000000000084
180 180 758.1422999999999774
184 180 -144.9275000000000091
192 180 -303.0303000000000111
212 180 -57.8034699999999972
626 180 -119.0476000000000028
181 181 66.3570799999999963
188 181 -32.5732900000000001
215 181 -33.7837800000000001
27 182 -97.0873799999999960
28 182 -95.2381000000000029
45 182 -37.3134299999999968
49 182 -26.5957499999999989
182 182 375.2823000000000206
204 182 -119.0476000000000028
33 183 -35.9712299999999985
168 183 -60.2409600000000012
183 183 122.4588999999999999
215 183 -26.2467199999999998
64 184 -44.8430499999999981
171 184 -194.1748000000000047
172 184 -259.7402999999999906
180 184 -144.9275000000000091
184 184 643.6856999999999971
4 185 -98.0392200000000003
54 185 -62.5000000000000000
160 185 -37.0370399999999975
185 185 323.0068999999999733
188 185 -19.0476199999999984
206 185 -106.3829999999999956
11 186 -149.2537000000000091
186 186 507.9839000000000055
205 186 -200.0000000000000000
213 186 -158.7301999999999964
187 187 28.0111999999999988
194 187 -28.0111999999999988
162 188 -44.8430499999999981
163 188 -62.5000000000000000
181 188 -32.5732900000000001
185 188 -19.0476199999999984
188 188 191.4314999999999998
191 188 -32.4675299999999964
26 189 -75.7575800000000044
28 189 -15.3609799999999996
30 189 -84.7457600000000042
43 189 -47.8468900000000019
56 189 -23.6966800000000006
170 189 -37.4883200000000016
189 189 284.8962000000000216
57 190 -35.7142800000000022
173 190 -16.2601599999999991
175 190 -28.5714299999999994
190 190 120.7065000000000055
518 190 -40.1606400000000008
188 191 -32.4675299999999964
191 191 216.8345999999999947
205 191 -93.4579399999999936
206 191 -90.9090900000000062
180 192 -303.0303000000000111
192 192 443.8754000000000133
193 192 -140.8451000000000022
93 193 -70.9219800000000049
171 193 -54.9450500000000019
172 193 -78.7401600000000030
177 193 -102.0408000000000044
192 193 -140.8451000000000022
193 193 550.0879999999999654
210 193 -55.8659200000000027
214 193 -46.7289699999999968
167 194 -93.4579399999999936
187 194 -28.0111999999999988
194 194 266.3967000000000098
196 194 -144.9275000000000091
167 195 -80.6451600000000042
195 195 93.3840100000000035
203 195 -12.7388499999999993
194 196 -144.9275000000000091
196 196 748.9007000000000289
197 196 -212.7659999999999911
198 196 -227.2726999999999862
685 196 -163.9344000000000108
196 197 -212.7659999999999911
197 197 251.9815999999999860
290 197 -39.2156900000000022
196 198 -227.2726999999999862
198 198 526.2455999999999676
199 198 -212.7659999999999911
200 198 -86.2068900000000014
198 199 -212.7659999999999911
199 199 299.7225000000000250
421 199 -86.9565199999999976
198 200 -86.2068900000000014
200 200 340.9551999999999907
201 200 -93.4579399999999936
204 200 -161.2903000000000020
165 201 -84.0336199999999991
200 201 -93.4579399999999936
201 201 177.4916000000000054
202 202 742.0828999999999951
203 202 -140.8451000000000022
209 202 -344.8276000000000181
213 202 -256.4103000000000065
163 203 -3.8167939999999998
195 203 -12.7388499999999993
202 203 -140.8451000000000022
203 203 157.4007000000000005
182 204 -119.0476000000000028
200 204 -161.2903000000000020
204 204 280.3380000000000223
161 205 -227.2726999999999862
186 205 -200.0000000000000000
191 205 -93.4579399999999936
205 205 592.1592000000000553
212 205 -71.4285699999999935
185 206 -106.3829999999999956
191 206 -90.9090900000000062
206 206 197.2921000000000049
70 207 -16.4473699999999994
207 207 120.8396999999999935
214 207 -31.2500000000000000
215 207 -14.6627600000000005
216 207 -58.4795299999999969
26 208 -114.9424999999999955
179 208 -86.2068900000000014
208 208 201.1494000000000142
202 209 -344.8276000000000181
209 209 344.8276000000000181
171 210 -112.3596000000000004
193 210 -55.8659200000000027
210 210 168.2255000000000109
37 211 -90.9090900000000062
60 211 -72.9926999999999992
170 211 -72.9926999999999992
211 211 236.8944999999999936
180 212 -57.8034699999999972
205 212 -71.4285699999999935
212 212 444.5871999999999957
213 212 -85.4700899999999990
215 212 -229.8850999999999942
186 213 -158.7301999999999964
202 213 -256.4103000000000065
212 213 -85.4700899999999990
213 213 500.6105000000000018
193 214 -46.7289699999999968
207 214 -31.2500000000000000
214 214 77.9789700000000039
181 215 -33.7837800000000001
183 215 -26.2467199999999998
207 215 -14.6627600000000005
212 215 -229.8850999999999942
215 215 304.5783000000000129
169 216 -86.9565199999999976
207 216 -58.4795299999999969
216 216 145.4361000000000104
7 217 -92.5925900000000013
8 217 -42.3728800000000021
217 217 223.6057000000000130
218 217 -50.7614200000000011
268 217 -37.8787900000000022
217 218 -50.7614200000000011
218 218 281.1906999999999925
219 218 -108.2599000000000018
220 218 -3.1585600000000000
237 218 -51.0204099999999983
671 218 -63.2911399999999986
672 218 -4.6992479999999999
166 219 -96.1538500000000056
218 219 -108.2599000000000018
219 219 205.9655999999999949
672 219 -1.5518310000000000
218 220 -3.1585600000000000
220 220 100.8221000000000060
267 220 -7.2516319999999999
670 220 -50.2512600000000020
671 220 -40.1606400000000008
221 221 395.8043999999999869
233 221 -112.3596000000000004
235 221 -250.0000000000000000
236 221 -33.4448200000000000
222 222 294.1175999999999817
256 222 -294.1175999999999817
223 223 325.3145999999999844
224 223 -133.3333000000000084
226 223 -184.7209000000000003
265 223 -0.5623664000000000
673 223 -6.6979240000000004
223 224 -133.3333000000000084
224 224 185.9649000000000001
225 224 -52.6315799999999996
224 225 -52.6315799999999996
225 225 162.4305999999999983
229 225 -43.8596500000000020
265 225 -24.5700199999999995
266 225 -8.4745760000000008
673 225 -32.8947399999999988
223 226 -184.7209000000000003
226 226 522.5289000000000215
227 226 -96.1538500000000056
228 226 -161.2903000000000020
230 226 -75.7575800000000044
673 226 -4.6061730000000001
226 227 -96.1538500000000056
227 227 821.5742999999999938
231 227 -312.5000000000000000
232 227 -303.0303000000000111
233 227 -109.8901000000000039
226 228 -161.2903000000000020
228 228 551.9901999999999589
236 228 -33.5570499999999967
266 228 -357.1428999999999974
8 229 -135.1350999999999942
225 229 -43.8596500000000020
229 229 579.7705999999999449
256 229 -227.2726999999999862
265 229 -33.6700299999999970
266 229 -11.6279100000000000
268 229 -128.2050999999999874
226 230 -75.7575800000000044
230 230 538.2549000000000206
231 230 -42.1940900000000028
232 230 -30.1204800000000006
234 230 -50.0000000000000000
235 230 -51.5463900000000024
236 230 -50.0000000000000000
256 230 -208.3333000000000084
265 230 -30.3030299999999997
227 231 -312.5000000000000000
230 231 -42.1940900000000028
231 231 354.6940999999999917
227 232 -303.0303000000000111
230 232 -30.1204800000000006
232 232 333.1508000000000038
221 233 -112.3596000000000004
227 233 -109.8901000000000039
233 233 287.6091000000000122
234 233 -65.3594700000000017
230 234 -50.0000000000000000
233 234 -65.3594700000000017
234 234 115.3594999999999970
221 235 -250.0000000000000000
230 235 -51.5463900000000024
235 235 301.5464000000000055
221 236 -33.4448200000000000
228 236 -33.5570499999999967
230 236 -50.0000000000000000
236 236 145.5382999999999925
253 236 -28.5363900000000008
218 237 -51.0204099999999983
237 237 450.8097999999999956
238 237 -73.5294099999999986
252 237 -172.4138000000000090
269 237 -153.8461000000000070
237 238 -73.5294099999999986
238 238 391.2250999999999976
239 238 -116.2790999999999997
240 238 -114.9424999999999955
253 238 -15.5520999999999994
261 238 -70.9219800000000049
238 239 -116.2790999999999997
239 239 195.6859000000000037
240 239 -4.9236829999999996
241 239 -2.4366469999999998
242 239 -67.5675700000000035
253 239 -1.3182179999999999
261 239 -2.5614759999999999
675 239 -0.5991971000000000
238 240 -114.9424999999999955
239 240 -4.9236829999999996
240 240 157.1426999999999907
241 240 -33.0033000000000030
261 240 -3.2552080000000001
262 240 -0.6923769000000000
675 240 -0.3256586000000000
239 241 -2.4366469999999998
240 241 -33.0033000000000030
241 241 339.5446999999999775
243 241 -120.4818999999999960
253 241 -0.4145078000000000
259 241 -52.3560200000000009
262 241 -71.4712899999999962
675 241 -43.8289199999999965
677 241 -15.5520999999999994
239 242 -67.5675700000000035
242 242 243.5206000000000017
264 242 -46.0829499999999967
674 242 -129.8701000000000079
241 243 -120.4818999999999960
243 243 161.1993999999999971
246 243 -25.1132099999999987
255 243 -5.5279160000000003
679 243 -4.0485829999999998
680 243 -6.0277269999999996
244 244 213.8204000000000065
245 244 -86.7446699999999993
676 244 -5.4141849999999998
678 244 -121.6615000000000038
244 245 -86.7446699999999993
245 245 180.2082000000000050
261 245 -13.8696300000000008
676 245 -57.5659199999999984
677 245 -19.6078399999999995
678 245 -2.4201350000000001
243 246 -25.1132099999999987
246 246 185.9855000000000018
247 246 -15.2671799999999998
254 246 -95.2381000000000029
255 246 -10.1419899999999998
676 246 -21.7391299999999994
679 246 -7.4239050000000004
680 246 -11.0619499999999995
246 247 -15.2671799999999998
247 247 296.2979000000000269
248 247 -68.4931500000000000
255 247 -66.6629899999999935
259 247 -0.7133176000000000
680 247 -80.6451600000000042
681 247 -64.5161300000000040
247 248 -68.4931500000000000
248 248 151.8265000000000100
254 248 -83.3333400000000069
249 249 56.7886600000000001
259 249 -5.5066079999999999
684 249 -51.2820499999999981
250 250 14.6526300000000003
251 250 -10.5374099999999995
255 250 -4.1152259999999998
250 251 -10.5374099999999995
251 251 15.7080400000000004
255 251 -5.1706310000000002
237 252 -172.4138000000000090
252 252 543.0117000000000189
256 252 -67.5675700000000035
260 252 -303.0303000000000111
236 253 -28.5363900000000008
238 253 -15.5520999999999994
239 253 -1.3182179999999999
241 253 -0.4145078000000000
253 253 46.5490500000000011
268 253 -0.3901373000000000
677 253 -0.3377009000000000
246 254 -95.2381000000000029
248 254 -83.3333400000000069
254 254 358.5552999999999884
258 254 -84.7457600000000042
269 254 -95.2381000000000029
243 255 -5.5279160000000003
246 255 -10.1419899999999998
247 255 -66.6629899999999935
250 255 -4.1152259999999998
251 255 -5.1706310000000002
255 255 139.9601000000000113
679 255 -11.6822400000000002
680 255 -17.3913000000000011
683 255 -19.2678200000000004
222 256 -294.1175999999999817
229 256 -227.2726999999999862
230 256 -208.3333000000000084
252 256 -67.5675700000000035
256 256 797.2912999999999784
257 257 86.2068900000000014
258 257 -86.2068900000000014
254 258 -84.7457600000000042
257 258 -86.2068900000000014
258 258 239.4457999999999913
259 258 -68.4931500000000000
241 259 -52.3560200000000009
247 259 -0.7133176000000000
249 259 -5.5066079999999999
258 259 -68.4931500000000000
259 259 136.2181999999999960
684 259 -9.1491310000000006
252 260 -303.0303000000000111
260 260 590.0445999999999458
263 260 -98.0392200000000003
268 260 -120.4818999999999960
669 260 -68.4931500000000000
238 261 -70.9219800000000049
239 261 -2.5614759999999999
240 261 -3.2552080000000001
245 261 -13.8696300000000008
261 261 193.7010999999999967
262 261 -103.0927999999999969
240 262 -0.6923769000000000
241 262 -71.4712899999999962
261 262 -103.0927999999999969
262 262 218.2516999999999996
264 262 -36.2318799999999968
675 262 -6.1690310000000004
677 262 -0.5943183000000000
260 263 -98.0392200000000003
263 263 166.5323999999999955
264 263 -68.4931500000000000
242 264 -46.0829499999999967
262 264 -36.2318799999999968
263 264 -68.4931500000000000
264 264 150.8079999999999927
223 265 -0.5623664000000000
225 265 -24.5700199999999995
229 265 -33.6700299999999970
230 265 -30.3030299999999997
265 265 95.6158700000000010
266 265 -6.5104170000000003
225 266 -8.4745760000000008
228 266 -357.1428999999999974
229 266 -11.6279100000000000
265 266 -6.5104170000000003
266 266 383.7558000000000220
220 267 -7.2516319999999999
267 267 7.2516319999999999
217 268 -37.8787900000000022
229 268 -128.2050999999999874
253 268 -0.3901373000000000
260 268 -120.4818999999999960
268 268 286.9560000000000173
237 269 -153.8461000000000070
254 269 -95.2381000000000029
269 269 249.0842000000000098
270 270 187.8910999999999945
271 270 -45.8715600000000023
273 270 -3.7965070000000001
276 270 -2.9129040000000002
277 270 -8.7873470000000005
278 270 -54.1701600000000028
280 270 -14.2045499999999993
283 270 -25.5102000000000011
287 270 -2.0500200000000000
297 270 -30.5877899999999983
270 271 -45.8715600000000023
271 271 231.6579999999999870
275 271 -56.8181799999999981
277 271 -59.5238099999999974
280 271 -69.4444400000000002
272 272 83.6339200000000034
274 272 -83.6339200000000034
270 273 -3.7965070000000001
273 273 25.3955799999999989
274 273 -3.6258159999999999
277 273 -10.2986599999999999
278 273 -3.5829450000000000
280 273 -4.0916530000000000
272 274 -83.6339200000000034
273 274 -3.6258159999999999
274 274 122.5317000000000007
277 274 -2.2988510000000000
278 274 -32.9731499999999969
271 275 -56.8181799999999981
275 275 356.1379000000000019
277 275 -204.0816000000000088
278 275 -95.2381000000000029
270 276 -2.9129040000000002
276 276 61.3467600000000033
280 276 -26.0971299999999999
281 276 -1.4602800000000000
283 276 -27.7008299999999998
284 276 -3.1756110000000000
270 277 -8.7873470000000005
271 277 -59.5238099999999974
273 277 -10.2986599999999999
274 277 -2.2988510000000000
275 277 -204.0816000000000088
277 277 292.2706000000000017
278 277 -4.9140050000000004
280 277 -2.3663040000000000
270 278 -54.1701600000000028
273 278 -3.5829450000000000
274 278 -32.9731499999999969
275 278 -95.2381000000000029
277 278 -4.9140050000000004
278 278 243.9134999999999991
279 278 -50.0000000000000000
287 278 -1.6249590000000000
297 278 -1.4102380000000001
278 279 -50.0000000000000000
279 279 98.7804900000000004
290 279 -48.7804900000000004
270 280 -14.2045499999999993
271 280 -69.4444400000000002
273 280 -4.0916530000000000
276 280 -26.0971299999999999
277 280 -2.3663040000000000
280 280 116.2040999999999968
276 281 -1.4602800000000000
281 281 239.1856999999999971
282 281 -45.9429999999999978
283 281 -53.8605900000000020
284 281 -87.6737399999999951
289 281 -5.4347830000000004
290 281 -8.1833069999999992
295 281 -36.6300400000000010
281 282 -45.9429999999999978
282 282 50.4488800000000026
296 282 -1.1107410000000000
301 282 -1.6603019999999999
310 282 -0.6181998000000000
311 282 -0.5330774000000000
312 282 -0.5835667000000000
270 283 -25.5102000000000011
276 283 -27.7008299999999998
281 283 -53.8605900000000020
283 283 253.9331999999999994
289 283 -9.7465890000000002
290 283 -15.4559499999999996
295 283 -64.5161300000000040
297 283 -57.1428599999999989
276 284 -3.1756110000000000
281 284 -87.6737399999999951
284 284 90.8493600000000043
285 285 110.4133999999999958
286 285 -38.4615399999999994
288 285 -4.8520139999999996
289 285 -6.9396250000000004
291 285 -14.0055999999999994
293 285 -1.4556039999999999
295 285 -10.1832999999999991
296 285 -6.9832409999999996
297 285 -2.9019149999999998
298 285 -24.6305399999999999
285 286 -38.4615399999999994
286 286 493.8455999999999904
295 286 -109.8901000000000039
297 286 -41.8410000000000011
298 286 -166.6666999999999916
315 286 -136.9863000000000000
270 287 -2.0500200000000000
278 287 -1.6249590000000000
287 287 16.0813799999999993
293 287 -9.5510990000000007
295 287 -0.3824970000000000
297 287 -2.4727990000000002
285 288 -4.8520139999999996
288 288 11.2532099999999993
291 288 -2.3674240000000002
293 288 -1.6775709999999999
298 288 -1.1846939999999999
307 288 -1.1715089999999999
281 289 -5.4347830000000004
283 289 -9.7465890000000002
285 289 -6.9396250000000004
289 289 153.7221999999999866
290 289 -10.5374099999999995
293 289 -58.1395300000000006
295 289 -46.9483600000000010
297 289 -5.4495909999999999
298 289 -10.5263200000000001
197 290 -39.2156900000000022
279 290 -48.7804900000000004
281 290 -8.1833069999999992
283 290 -15.4559499999999996
289 290 -10.5374099999999995
290 290 345.9012999999999920
292 290 -121.9512000000000000
295 290 -69.9300700000000006
309 290 -31.8471399999999996
285 291 -14.0055999999999994
288 291 -2.3674240000000002
291 291 363.7608999999999924
292 291 -50.0000000000000000
294 291 -23.9808100000000017
298 291 -3.1367630000000002
315 291 -270.2703000000000202
290 292 -121.9512000000000000
291 292 -50.0000000000000000
292 292 209.6870999999999867
309 292 -37.7358499999999992
285 293 -1.4556039999999999
287 293 -9.5510990000000007
288 293 -1.6775709999999999
289 293 -58.1395300000000006
293 293 98.7567700000000031
294 293 -27.9329600000000013
291 294 -23.9808100000000017
293 294 -27.9329600000000013
294 294 51.9137800000000027
281 295 -36.6300400000000010
283 295 -64.5161300000000040
285 295 -10.1832999999999991
286 295 -109.8901000000000039
287 295 -0.3824970000000000
289 295 -46.9483600000000010
290 295 -69.9300700000000006
295 295 398.5466000000000122
296 295 -34.1296899999999965
297 295 -7.8988940000000003
