485 485 3135
1 1 346518423.6995000243186951
3 1 30695529658.4300003051757812
4 1 -346518423.6995000243186951
6 1 30695529658.4300003051757812
2 2 541504674.9774999618530273
5 2 -541504674.9774999618530273
1 3 30695529658.4300003051757812
3 3 3625456258870.0000000000000000
4 3 -30695529658.4300003051757812
6 3 1812728129435.0000000000000000
1 4 -346518423.6995000243186951
3 4 -30695529658.4300003051757812
4 4 5820061048.8579998016357422
6 4 163248894067.7000122070312500
7 4 -5473542625.1579999923706055
9 4 193944423726.1000061035156250
2 5 -541504674.9774999618530273
5 5 1718525253.2269999980926514
8 5 -1177020578.2500000000000000
1 6 30695529658.4300003051757812
3 6 1812728129435.0000000000000000
4 6 163248894067.7000122070312500
6 6 12788184938840.0000000000000000
7 6 -193944423726.1000061035156250
9 6 4581364339987.0000000000000000
4 7 -5473542625.1579999923706055
6 7 -193944423726.1000061035156250
7 7 11034132683.9200000762939453
9 7 3084357883.6849999427795410
10 7 -5560590058.7650003433227539
12 7 197028781609.7999877929687500
5 8 -1177020578.2500000000000000
8 8 2368142840.7439999580383301
11 8 -1191122262.4939999580383301
4 9 193944423726.1000061035156250
6 9 4581364339987.0000000000000000
7 9 3084357883.6849999427795410
9 9 18471175055240.0000000000000000
10 9 -197028781609.7999877929687500
12 9 4654223187633.0000000000000000
7 10 -5560590058.7650003433227539
9 10 -197028781609.7999877929687500
10 10 11211709448.4799995422363281
12 10 3207732199.0329999923706055
13 10 -5651119389.7150001525878906
15 10 200236513808.7999877929687500
8 11 -1191122262.4939999580383301
11 11 2395406096.9489998817443848
14 11 -1204283834.4549999237060547
7 12 197028781609.7999877929687500
9 12 4654223187633.0000000000000000
10 12 3207732199.0329999923706055
12 12 18768439153640.0000000000000000
13 12 -200236513808.7999877929687500
15 12 4729996389185.0000000000000000
10 13 -5651119389.7150001525878906
12 13 -200236513808.7999877929687500
13 13 11392768110.3799991607666016
15 13 3207732199.0300002098083496
16 13 -5741648720.6660003662109375
18 13 203444246007.7999877929687500
11 14 -1204283834.4549999237060547
14 14 2422669353.1550002098083496
17 14 -1218385518.7000000476837158
10 15 200236513808.7999877929687500
12 15 4729996389185.0000000000000000
13 15 3207732199.0300002098083496
15 15 19071531959840.0000000000000000
16 15 -203444246007.7999877929687500
18 15 4805769590737.0000000000000000
13 16 -5741648720.6660003662109375
15 16 -203444246007.7999877929687500
16 16 11570344874.9400005340576172
18 16 3084357883.6840000152587891
19 16 -5828696154.2720003128051758
21 16 206528603891.5000000000000000
14 17 -1218385518.7000000476837158
17 17 2449932609.3600001335144043
20 17 -1231547090.6610000133514404
13 18 203444246007.7999877929687500
15 18 4805769590737.0000000000000000
16 18 3084357883.6840000152587891
18 18 19368796058240.0000000000000000
19 18 -206528603891.5000000000000000
21 18 4878628438383.0000000000000000
16 19 -5828696154.2720003128051758
18 19 -206528603891.5000000000000000
19 19 11747921639.4899997711181641
21 19 3207732199.0320000648498535
22 19 -5919225485.2220001220703125
24 19 209736336090.6000061035156250
17 20 -1231547090.6610000133514404
20 20 2477195865.5659999847412109
23 20 -1245648774.9049999713897705
16 21 206528603891.5000000000000000
18 21 4878628438383.0000000000000000
19 21 3207732199.0320000648498535
21 21 19666060156640.0000000000000000
22 21 -209736336090.6000061035156250
24 21 4954401639935.0000000000000000
19 22 -5919225485.2220001220703125
21 22 -209736336090.6000061035156250
22 22 11928980301.3899993896484375
24 22 3207732199.0300002098083496
25 22 -6009754816.1730003356933594
27 22 212944068289.6000061035156250
20 23 -1245648774.9049999713897705
23 23 2504459121.7709999084472656
26 23 -1258810346.8659999370574951
19 24 209736336090.6000061035156250
21 24 4954401639935.0000000000000000
22 24 3207732199.0300002098083496
24 24 19969152962840.0000000000000000
25 24 -212944068289.6000061035156250
27 24 5030174841487.0000000000000000
22 25 -6009754816.1730003356933594
24 25 -212944068289.6000061035156250
25 25 12106557065.9500007629394531
27 25 3084357883.6859998703002930
28 25 -6096802249.7790002822875977
30 25 216028426173.2999877929687500
23 26 -1258810346.8659999370574951
26 26 2531722377.9770002365112305
29 26 -1272912031.1099998950958252
22 27 212944068289.6000061035156250
24 27 5030174841487.0000000000000000
25 27 3084357883.6859998703002930
27 27 20266417061240.0000000000000000
28 27 -216028426173.2999877929687500
30 27 5103033689133.0000000000000000
25 28 -6096802249.7790002822875977
27 28 -216028426173.2999877929687500
28 28 12284133830.5000000000000000
30 28 3207732198.8540000915527344
31 28 -6187331580.7220001220703125
33 28 219236158372.1000061035156250
26 29 -1272912031.1099998950958252
29 29 2558985634.1820001602172852
32 29 -1286073603.0710000991821289
25 30 216028426173.2999877929687500
27 30 5103033689133.0000000000000000
28 30 3207732198.8540000915527344
30 30 20563681159630.0000000000000000
31 30 -219236158372.1000061035156250
33 30 5178806890683.0000000000000000
28 31 -6187331580.7220001220703125
30 31 -219236158372.1000061035156250
31 31 12465192492.3999996185302734
33 31 3207732199.2109999656677246
34 31 -6277860911.6800003051757812
36 31 222443890571.2999877929687500
29 32 -1286073603.0710000991821289
32 32 2586248890.3870000839233398
35 32 -1300175287.3159999847412109
28 33 219236158372.1000061035156250
30 33 5178806890683.0000000000000000
31 33 3207732199.2109999656677246
33 33 20866773965840.0000000000000000
34 33 -222443890571.2999877929687500
36 33 5254580092237.0000000000000000
31 34 -6277860911.6800003051757812
33 34 -222443890571.2999877929687500
34 34 12646251154.3099994659423828
36 34 3207732199.0310001373291016
37 34 -6368390242.6300001144409180
39 34 225651622770.3999938964843750
32 35 -1300175287.3159999847412109
35 35 2613512146.5929999351501465
38 35 -1313336859.2769999504089355
31 36 222443890571.2999877929687500
33 36 5254580092237.0000000000000000
34 36 3207732199.0310001373291016
36 36 21169866772050.0000000000000000
37 36 -225651622770.3999938964843750
39 36 5330353293789.0000000000000000
34 37 -6368390242.6300001144409180
36 37 -225651622770.3999938964843750
37 37 12823827918.8700008392333984
39 37 3084357883.6859998703002930
40 37 -6455437676.2360000610351562
42 37 228735980654.1000061035156250
35 38 -1313336859.2769999504089355
38 38 2640775402.7989997863769531
41 38 -1327438543.5209999084472656
34 39 225651622770.3999938964843750
36 39 5330353293789.0000000000000000
37 39 3084357883.6859998703002930
39 39 21467130870450.0000000000000000
40 39 -228735980654.1000061035156250
42 39 5403212141435.0000000000000000
37 40 -6455437676.2360000610351562
39 40 -228735980654.1000061035156250
40 40 13001404683.4200000762939453
42 40 3207732199.0289998054504395
43 40 -6545967007.1870002746582031
45 40 231943712853.1000061035156250
38 41 -1327438543.5209999084472656
41 41 2668038659.0040001869201660
44 41 -1340600115.4830000400543213
37 42 228735980654.1000061035156250
39 42 5403212141435.0000000000000000
40 42 3207732199.0289998054504395
42 42 21764394968840.0000000000000000
43 42 -231943712853.1000061035156250
45 42 5478985342987.0000000000000000
40 43 -6545967007.1870002746582031
42 43 -231943712853.1000061035156250
43 43 13182463345.3199996948242188
45 43 3207732199.0320000648498535
46 43 -6636496338.1370000839233398
48 43 235151445052.1000061035156250
41 44 -1340600115.4830000400543213
44 44 2695301915.2100000381469727
47 44 -1354701799.7269999980926514
40 45 231943712853.1000061035156250
42 45 5478985342987.0000000000000000
43 45 3207732199.0320000648498535
45 45 22067487775050.0000000000000000
46 45 -235151445052.1000061035156250
48 45 5554758544539.0000000000000000
43 46 -6636496338.1370000839233398
45 46 -235151445052.1000061035156250
46 46 13360040109.8799991607666016
48 46 3084357883.6830000877380371
49 46 -6723543771.7440004348754883
51 46 238235802935.7999877929687500
44 47 -1354701799.7269999980926514
47 47 2722565171.4149999618530273
50 47 -1367863371.6879999637603760
43 48 235151445052.1000061035156250
45 48 5554758544539.0000000000000000
46 48 3084357883.6830000877380371
48 48 22364751873450.0000000000000000
49 48 -238235802935.7999877929687500
51 48 5627617392185.0000000000000000
46 49 -6723543771.7440004348754883
48 49 -238235802935.7999877929687500
49 49 13537616874.4400005340576172
51 49 3207732199.0339999198913574
52 49 -6814073102.6940002441406250
54 49 241443535134.7999877929687500
47 50 -1367863371.6879999637603760
50 50 2749828427.6199998855590820
53 50 -1381965055.9319999217987061
46 51 238235802935.7999877929687500
48 51 5627617392185.0000000000000000
49 51 3207732199.0339999198913574
51 51 22662015971840.0000000000000000
52 51 -241443535134.7999877929687500
54 51 5703390593737.0000000000000000
49 52 -6814073102.6940002441406250
51 52 -241443535134.7999877929687500
52 52 13718675536.3400001525878906
54 52 3207732199.0300002098083496
55 52 -6904602433.6450004577636719
57 52 244651267333.8999938964843750
50 53 -1381965055.9319999217987061
53 53 2777091683.8260002136230469
56 53 -1395126627.8940000534057617
49 54 241443535134.7999877929687500
51 54 5703390593737.0000000000000000
52 54 3207732199.0300002098083496
54 54 22965108778050.0000000000000000
55 54 -244651267333.8999938964843750
57 54 5779163795289.0000000000000000
52 55 -6904602433.6450004577636719
54 55 -244651267333.8999938964843750
55 55 13896252300.8899993896484375
57 55 3084357883.4809999465942383
58 55 -6991649867.2419996261596680
60 55 247735625217.3999938964843750
53 56 -1395126627.8940000534057617
56 56 2803414827.7480001449584961
59 56 -1408288199.8540000915527344
52 57 244651267333.8999938964843750
54 57 5779163795289.0000000000000000
55 57 3084357883.4809999465942383
57 57 23262372876440.0000000000000000
58 57 -247735625217.3999938964843750
60 57 5852022642932.0000000000000000
55 58 -6991649867.2419996261596680
57 58 -247735625217.3999938964843750
58 58 14073829065.4400005340576172
60 58 3207732199.2350001335144043
61 58 -7082179198.2010002136230469
63 58 250943357416.6000061035156250
56 59 -1408288199.8540000915527344
59 59 2830678083.9530000686645508
62 59 -1422389884.0989999771118164
55 60 247735625217.3999938964843750
57 60 5852022642932.0000000000000000
58 60 3207732199.2350001335144043
60 60 23559636974840.0000000000000000
61 60 -250943357416.6000061035156250
63 60 5927795844487.0000000000000000
58 61 -7082179198.2010002136230469
60 61 -250943357416.6000061035156250
61 61 14254887727.3500003814697266
63 61 3207732199.0310001373291016
64 61 -7172708529.1520004272460938
66 61 254151089615.6000061035156250
59 62 -1422389884.0989999771118164
62 62 2857941340.1589999198913574
65 62 -1435551456.0599999427795410
58 63 250943357416.6000061035156250
60 63 5927795844487.0000000000000000
61 63 3207732199.0310001373291016
63 63 23862729781050.0000000000000000
64 63 -254151089615.6000061035156250
66 63 6003569046039.0000000000000000
61 64 -7172708529.1520004272460938
63 64 -254151089615.6000061035156250
64 64 14432464491.9099998474121094
66 64 3084357883.6859998703002930
67 64 -7259755962.7580003738403320
69 64 257235447499.2999877929687500
62 65 -1435551456.0599999427795410
65 65 2885204596.3649997711181641
68 65 -1449653140.3050000667572021
61 66 254151089615.6000061035156250
63 66 6003569046039.0000000000000000
64 66 3084357883.6859998703002930
66 66 24159993879450.0000000000000000
67 66 -257235447499.2999877929687500
69 66 6076427893685.0000000000000000
64 67 -7259755962.7580003738403320
66 67 -257235447499.2999877929687500
67 67 14610041256.4699993133544922
69 67 3207732199.0300002098083496
70 67 -7350285293.7080001831054688
72 67 260443179698.2999877929687500
65 68 -1449653140.3050000667572021
68 68 2912467852.5700001716613770
71 68 -1462814712.2660000324249268
64 69 257235447499.2999877929687500
66 69 6076427893685.0000000000000000
67 69 3207732199.0300002098083496
69 69 24457257977840.0000000000000000
70 69 -260443179698.2999877929687500
72 69 6152201095237.0000000000000000
67 70 -7350285293.7080001831054688
69 70 -260443179698.2999877929687500
70 70 14791099918.3700008392333984
72 70 3207732199.0310001373291016
73 70 -7440814624.6590003967285156
75 70 263650911897.3999938964843750
68 71 -1462814712.2660000324249268
71 71 2939731108.7760000228881836
74 71 -1476916396.5099999904632568
67 72 260443179698.2999877929687500
69 72 6152201095237.0000000000000000
70 72 3207732199.0310001373291016
72 72 24760350784050.0000000000000000
73 72 -263650911897.3999938964843750
75 72 6227974296789.0000000000000000
70 73 -7440814624.6590003967285156
72 73 -263650911897.3999938964843750
73 73 14972158580.2700004577636719
75 73 3207732199.0329999923706055
76 73 -7531343955.6090002059936523
78 73 266858644096.3999938964843750
71 74 -1476916396.5099999904632568
74 74 2966994364.9809999465942383
77 74 -1490077968.4709999561309814
70 75 263650911897.3999938964843750
72 75 6227974296789.0000000000000000
73 75 3207732199.0329999923706055
75 75 25063443590260.0000000000000000
76 75 -266858644096.3999938964843750
78 75 6303747498341.0000000000000000
73 76 -7531343955.6090002059936523
75 76 -266858644096.3999938964843750
76 76 15149735344.8199996948242188
78 76 3084357883.6849999427795410
79 76 -7618391389.2150001525878906
81 76 269943001980.1000061035156250
74 77 -1490077968.4709999561309814
77 77 2994257621.1869997978210449
80 77 -1504179652.7149999141693115
73 78 266858644096.3999938964843750
75 78 6303747498341.0000000000000000
76 78 3084357883.6849999427795410
78 78 25360707688650.0000000000000000
79 78 -269943001980.1000061035156250
81 78 6376606345987.0000000000000000
76 79 -7618391389.2150001525878906
78 79 -269943001980.1000061035156250
79 79 15327312109.3799991607666016
81 79 3207732199.0289998054504395
82 79 -7708920720.1660003662109375
84 79 273150734179.1000061035156250
77 80 -1504179652.7149999141693115
80 80 3021520877.3920001983642578
83 80 -1517341224.6770000457763672
76 81 269943001980.1000061035156250
78 81 6376606345987.0000000000000000
79 81 3207732199.0289998054504395
81 81 25657971787050.0000000000000000
82 81 -273150734179.1000061035156250
84 81 6452379547539.0000000000000000
79 82 -7708920720.1660003662109375
81 82 -273150734179.1000061035156250
82 82 15508370771.2800006866455078
84 82 3207732199.0310001373291016
85 82 -7799450051.1160001754760742
87 82 276358466378.2000122070312500
80 83 -1517341224.6770000457763672
83 83 3048784133.5980000495910645
86 83 -1531442908.9210000038146973
79 84 273150734179.1000061035156250
81 84 6452379547539.0000000000000000
82 84 3207732199.0310001373291016
84 84 25961064593260.0000000000000000
85 84 -276358466378.2000122070312500
87 84 6528152749090.0000000000000000
82 85 -7799450051.1160001754760742
84 85 -276358466378.2000122070312500
85 85 15685947535.8299999237060547
87 85 3084357883.4569997787475586
88 85 -7886497484.7130002975463867
90 85 279442824261.5999755859375000
83 86 -1531442908.9210000038146973
86 86 3076047389.8029999732971191
89 86 -1544604480.8819999694824219
82 87 276358466378.2000122070312500
84 87 6528152749090.0000000000000000
85 87 3084357883.4569997787475586
87 87 26258328691650.0000000000000000
88 87 -279442824261.5999755859375000
90 87 6601011596734.0000000000000000
85 88 -7886497484.7130002975463867
87 88 -279442824261.5999755859375000
88 88 15863524300.3899993896484375
90 88 3207732199.2620000839233398
91 88 -7977026815.6730003356933594
93 88 282650556460.9000244140625000
86 89 -1544604480.8819999694824219
89 89 3103310646.0079998970031738
92 89 -1558706165.1259999275207520
85 90 279442824261.5999755859375000
87 90 6601011596734.0000000000000000
88 90 3207732199.2620000839233398
90 90 26555592790050.0000000000000000
91 90 -282650556460.9000244140625000
93 90 6676784798289.0000000000000000
88 91 -7977026815.6730003356933594
90 91 -282650556460.9000244140625000
91 91 16044582962.3099994659423828
93 91 3207732199.2659997940063477
94 91 -8067556146.6330003738403320
96 91 285858288660.0999755859375000
89 92 -1558706165.1259999275207520
92 92 3130573902.2150001525878906
95 92 -1571867737.0880000591278076
88 93 282650556460.9000244140625000
90 93 6676784798289.0000000000000000
91 93 3207732199.2659997940063477
93 93 26858685596260.0000000000000000
94 93 -285858288660.0999755859375000
96 93 6752557999843.0000000000000000
91 94 -8067556146.6330003738403320
93 94 -285858288660.0999755859375000
94 94 16222159726.8600006103515625
96 94 3084357883.4470000267028809
97 94 -8154603580.2299995422363281
99 94 288942646543.5999755859375000
92 95 -1571867737.0880000591278076
95 95 3157837158.4200000762939453
98 95 -1585969421.3320000171661377
91 96 285858288660.0999755859375000
93 96 6752557999843.0000000000000000
94 96 3084357883.4470000267028809
96 96 27155949694660.0000000000000000
97 96 -288942646543.5999755859375000
99 96 6825416847487.0000000000000000
94 97 -8154603580.2299995422363281
96 97 -288942646543.5999755859375000
97 97 16399736491.3999996185302734
99 97 3207732198.9140000343322754
100 97 -8245132911.1750001907348633
102 97 292150378742.5000000000000000
95 98 -1585969421.3320000171661377
98 98 3185100414.6250000000000000
101 98 -1599130993.2929999828338623
94 99 288942646543.5999755859375000
96 99 6825416847487.0000000000000000
97 99 3207732198.9140000343322754
99 99 27453213793050.0000000000000000
100 99 -292150378742.5000000000000000
102 99 6901190049037.0000000000000000
97 100 -8245132911.1750001907348633
99 100 -292150378742.5000000000000000
100 100 16580795153.3099994659423828
102 100 3207732199.1519999504089355
103 100 -8335662242.1309995651245117
105 100 295358110941.7000122070312500
98 101 -1599130993.2929999828338623
101 101 3212363670.8299999237060547
104 101 -1613232677.5369999408721924
97 102 292150378742.5000000000000000
99 102 6901190049037.0000000000000000
100 102 3207732199.1519999504089355
102 102 27756306599260.0000000000000000
103 102 -295358110941.7000122070312500
105 102 6976963250591.0000000000000000
100 103 -8335662242.1309995651245117
102 103 -295358110941.7000122070312500
103 103 22890104561.9900016784667969
105 103 134399044170.5000000000000000
106 103 -14554442319.8600006103515625
108 103 429757155112.2000122070312500
101 104 -1613232677.5369999408721924
104 104 3564905776.9439997673034668
107 104 -1951673099.4070000648498535
100 105 295358110941.7000122070312500
102 105 6976963250591.0000000000000000
103 105 134399044170.5000000000000000
105 105 30873499537020.0000000000000000
106 105 -429757155112.2000122070312500
108 105 8459786517920.0000000000000000
103 106 -14554442319.8600006103515625
105 106 -429757155112.2000122070312500
106 106 15710546907.2800006866455078
108 106 -350104279994.4000244140625000
109 106 -1156104587.4230000972747803
111 106 79652875117.7400054931640625
104 107 -1951673099.4070000648498535
107 107 2793906263.5240001678466797
110 107 -842233164.1169999837875366
103 108 429757155112.2000122070312500
105 108 8459786517920.0000000000000000
106 108 -350104279994.4000244140625000
108 108 24236766288130.0000000000000000
109 108 -79652875117.7400054931640625
111 108 3658596626143.0000000000000000
106 109 -1156104587.4230000972747803
108 109 -79652875117.7400054931640625
109 109 3594176683.5650000572204590
110 109 -16666550.4899899996817112
111 109 2930134444.9759998321533203
112 109 -1197123882.6519999504089355
113 109 16666550.4899899996817112
114 109 82583009562.7100067138671875
115 109 -1240948213.4900000095367432
107 110 -842233164.1169999837875366
109 110 -16666550.4899899996817112
110 110 24106175048.1199989318847656
111 110 780882213918.0999755859375000
112 110 16666550.4899899996817112
113 110 -1014617854.2510000467300415
114 110 -7479661151.8229999542236328
116 110 -22249324029.7500000000000000
117 110 788361875069.9000244140625000
106 111 79652875117.7400054931640625
108 111 3658596626143.0000000000000000
109 111 2930134444.9759998321533203
110 111 780882213918.0999755859375000
111 111 52211234228150.0000000000000000
112 111 -82583009562.7100067138671875
113 111 7479661151.8229999542236328
114 111 3824299029588.0000000000000000
116 111 -788361875069.9000244140625000
117 111 18622721458340.0000000000000000
109 112 -1197123882.6519999504089355
110 112 16666550.4899899996817112
111 112 -82583009562.7100067138671875
112 112 3188755989.1799998283386230
113 112 -70871771.0946500003337860
114 112 35325426461.5000000000000000
118 112 -1991632106.5280001163482666
119 112 54205220.6046599969267845
120 112 117908436024.1999969482421875
109 113 16666550.4899899996817112
110 113 -1014617854.2510000467300415
111 113 7479661151.8229999542236328
112 113 -70871771.0946500003337860
113 113 2417712887.4219999313354492
114 113 -3289309338.3839998245239258
118 113 54205220.6046599969267845
119 113 -1403095033.1710000038146973
120 113 -10768970490.2099990844726562
109 114 82583009562.7100067138671875
110 114 -7479661151.8229999542236328
111 114 3824299029588.0000000000000000
112 114 35325426461.5000000000000000
113 114 -3289309338.3839998245239258
114 114 17010173019460.0000000000000000
118 114 -117908436024.1999969482421875
119 114 10768970490.2099990844726562
120 114 4680787480144.0000000000000000
109 115 -1240948213.4900000095367432
115 115 1613232677.5369999408721924
121 115 -372284464.0471000075340271
110 116 -22249324029.7500000000000000
111 116 -788361875069.9000244140625000
116 116 22850055778.5499992370605469
117 116 -717409306313.5999755859375000
122 116 -600731748.8033000230789185
123 116 70952568756.2899932861328125
110 117 788361875069.9000244140625000
111 117 18622721458340.0000000000000000
116 117 -717409306313.5999755859375000
117 117 48419075791700.0000000000000000
122 117 -70952568756.2899932861328125
123 117 5586816437503.0000000000000000
112 118 -1991632106.5280001163482666
113 118 54205220.6046599969267845
114 118 -117908436024.1999969482421875
118 118 4018085718.9250001907348633
119 118 -109384707.1099999994039536
120 118 2061643040.6040000915527344
124 118 -2026453612.3970000743865967
125 118 55179486.5053299963474274
126 118 119970079064.8000030517578125
112 119 54205220.6046599969267845
113 119 -1403095033.1710000038146973
114 119 10768970490.2099990844726562
118 119 -109384707.1099999994039536
119 119 2830433410.2639999389648438
120 119 -188296731.0451999902725220
124 119 55179486.5053299963474274
125 119 -1427338377.0940001010894775
126 119 -10957267221.2500000000000000
112 120 117908436024.1999969482421875
113 120 -10768970490.2099990844726562
114 120 4680787480144.0000000000000000
118 120 2061643040.6040000915527344
119 120 -188296731.0451999902725220
120 120 18886838173230.0000000000000000
124 120 -119970079064.8000030517578125
125 120 10957267221.2500000000000000
126 120 4762631606471.0000000000000000
115 121 -372284464.0471000075340271
121 121 744568928.0942000150680542
127 121 -372284464.0471000075340271
116 122 -600731748.8033000230789185
117 122 -70952568756.2899932861328125
122 122 1201463497.6070001125335693
123 122 -0.0004882812500000
128 122 -600731748.8033000230789185
129 122 70952568756.2899932861328125
116 123 70952568756.2899932861328125
117 123 5586816437503.0000000000000000
122 123 -0.0004882812500000
123 123 22347265750010.0000000000000000
128 123 -70952568756.2899932861328125
129 123 5586816437503.0000000000000000
118 124 -2026453612.3970000743865967
119 124 55179486.5053299963474274
120 124 -119970079064.8000030517578125
124 124 4087733377.7189998626708984
125 124 -111282358.7308000028133392
126 124 2061643040.6010000705718994
130 124 -2061279765.3220000267028809
131 124 56102872.2254699990153313
132 124 122031722105.3999938964843750
118 125 55179486.5053299963474274
119 125 -1427338377.0940001010894775
120 125 10957267221.2500000000000000
124 125 -111282358.7308000028133392
125 125 2879477180.3790001869201660
126 125 -188296731.0415999889373779
130 125 56102872.2254699990153313
131 125 -1452138803.2850000858306885
132 125 -11145563952.2900009155273438
118 126 119970079064.8000030517578125
119 126 -10957267221.2500000000000000
120 126 4762631606471.0000000000000000
124 126 2061643040.6010000705718994
125 126 -188296731.0415999889373779
126 126 19214214678540.0000000000000000
130 126 -122031722105.3999938964843750
131 126 11145563952.2900009155273438
132 126 4844475732798.0000000000000000
121 127 -372284464.0471000075340271
127 127 744568928.0942000150680542
133 127 -372284464.0471000075340271
122 128 -600731748.8033000230789185
123 128 -70952568756.2899932861328125
128 128 1201463497.6070001125335693
129 128 -0.0004882812500000
134 128 -600731748.8033000230789185
135 128 70952568756.2899932861328125
122 129 70952568756.2899932861328125
123 129 5586816437503.0000000000000000
128 129 -0.0004882812500000
129 129 22347265750010.0000000000000000
134 129 -70952568756.2899932861328125
135 129 5586816437503.0000000000000000
124 130 -2061279765.3220000267028809
125 130 56102872.2254699990153313
126 130 -122031722105.3999938964843750
130 130 4157381036.5120000839233398
131 130 -113180010.3515000045299530
132 130 2061643040.5710000991821289
136 130 -2096101271.1900000572204590
137 130 57077138.1260500028729439
138 130 124093365146.0000000000000000
124 131 56102872.2254699990153313
125 131 -1452138803.2850000858306885
126 131 11145563952.2900009155273438
130 131 -113180010.3515000045299530
131 131 2928520950.4939999580383301
132 131 -188296731.0336000025272369
136 131 57077138.1260500028729439
137 131 -1476382147.2079999446868896
138 131 -11333860683.3299999237060547
124 132 122031722105.3999938964843750
125 132 -11145563952.2900009155273438
126 132 4844475732798.0000000000000000
130 132 2061643040.5710000991821289
131 132 -188296731.0336000025272369
132 132 19541591183840.0000000000000000
136 132 -124093365146.0000000000000000
137 132 11333860683.3299999237060547
138 132 4926319859124.0000000000000000
127 133 -372284464.0471000075340271
133 133 744568928.0942000150680542
139 133 -372284464.0471000075340271
128 134 -600731748.8033000230789185
129 134 -70952568756.2899932861328125
134 134 1201463497.6070001125335693
135 134 -0.0004882812500000
140 134 -600731748.8033000230789185
141 134 70952568756.2899932861328125
128 135 70952568756.2899932861328125
129 135 5586816437503.0000000000000000
134 135 -0.0004882812500000
135 135 22347265750010.0000000000000000
140 135 -70952568756.2899932861328125
141 135 5586816437503.0000000000000000
130 136 -2096101271.1900000572204590
131 136 57077138.1260500028729439
132 136 -124093365146.0000000000000000
136 136 4227028695.3049998283386230
137 136 -115077661.9722999930381775
138 136 2061643040.6300001144409180
142 136 -2130927424.1159999370574951
143 136 58000523.8462599962949753
144 136 126155008186.6000061035156250
130 137 57077138.1260500028729439
131 137 -1476382147.2079999446868896
132 137 11333860683.3299999237060547
136 137 -115077661.9722999930381775
137 137 2977564720.6079998016357422
138 137 -188296731.0494000017642975
142 137 58000523.8462599962949753
143 137 -1501182573.4000000953674316
144 137 -11522157414.3799991607666016
130 138 124093365146.0000000000000000
131 138 -11333860683.3299999237060547
132 138 4926319859124.0000000000000000
136 138 2061643040.6300001144409180
137 138 -188296731.0494000017642975
138 138 19868967689150.0000000000000000
142 138 -126155008186.6000061035156250
143 138 11522157414.3799991607666016
144 138 5008163985452.0000000000000000
133 139 -372284464.0471000075340271
139 139 1613232677.5369999408721924
145 139 -1240948213.4900000095367432
134 140 -600731748.8033000230789185
135 140 -70952568756.2899932861328125
140 140 22850055778.5499992370605469
141 140 717409306313.5999755859375000
146 140 -22249324029.7500000000000000
147 140 788361875069.9000244140625000
134 141 70952568756.2899932861328125
135 141 5586816437503.0000000000000000
140 141 717409306313.5999755859375000
141 141 48419075791700.0000000000000000
146 141 -788361875069.9000244140625000
147 141 18622721458340.0000000000000000
136 142 -2130927424.1159999370574951
137 142 58000523.8462599962949753
138 142 -126155008186.6000061035156250
142 142 4296676354.1000003814697266
143 142 -116975313.5931999981403351
144 142 2061643040.5999999046325684
148 142 -2165748929.9840002059936523
149 142 58974789.7469199970364571
150 142 128216651227.1999969482421875
136 143 58000523.8462599962949753
137 143 -1501182573.4000000953674316
138 143 11522157414.3799991607666016
142 143 -116975313.5931999981403351
143 143 3026608490.7230000495910645
144 143 -188296731.0417000055313110
148 143 58974789.7469199970364571
149 143 -1525425917.3229999542236328
150 143 -11710454145.4200000762939453
136 144 126155008186.6000061035156250
137 144 -11522157414.3799991607666016
138 144 5008163985452.0000000000000000
142 144 2061643040.5999999046325684
143 144 -188296731.0417000055313110
144 144 20196344194460.0000000000000000
148 144 -128216651227.1999969482421875
149 144 11710454145.4200000762939453
150 144 5090008111778.0000000000000000
139 145 -1240948213.4900000095367432
145 145 3594176683.5650000572204590
146 145 16666550.4899899996817112
147 145 2930134444.9759998321533203
151 145 -1156104587.4230000972747803
153 145 -79652875117.7400054931640625
154 145 -1197123882.6519999504089355
155 145 -16666550.4899899996817112
156 145 82583009562.7100067138671875
140 146 -22249324029.7500000000000000
141 146 -788361875069.9000244140625000
145 146 16666550.4899899996817112
146 146 24106175048.1199989318847656
147 146 -780882213918.0999755859375000
152 146 -842233164.1169999837875366
154 146 -16666550.4899899996817112
155 146 -1014617854.2510000467300415
156 146 7479661151.8229999542236328
140 147 788361875069.9000244140625000
141 147 18622721458340.0000000000000000
145 147 2930134444.9759998321533203
146 147 -780882213918.0999755859375000
147 147 52211234228150.0000000000000000
151 147 79652875117.7400054931640625
153 147 3658596626143.0000000000000000
154 147 -82583009562.7100067138671875
155 147 -7479661151.8229999542236328
156 147 3824299029588.0000000000000000
142 148 -2165748929.9840002059936523
143 148 58974789.7469199970364571
144 148 -128216651227.1999969482421875
148 148 4366324012.8940000534057617
149 148 -118872965.2140000015497208
150 148 2061643040.5999999046325684
157 148 -2200575082.9089999198913574
158 148 59898175.4670400023460388
159 148 130278294267.8000030517578125
142 149 58974789.7469199970364571
143 149 -1525425917.3229999542236328
144 149 11710454145.4200000762939453
148 149 -118872965.2140000015497208
149 149 3075652260.8379998207092285
150 149 -188296731.0376000106334686
157 149 59898175.4670400023460388
158 149 -1550226343.5150001049041748
159 149 -11898750876.4599990844726562
142 150 128216651227.1999969482421875
143 150 -11710454145.4200000762939453
144 150 5090008111778.0000000000000000
148 150 2061643040.5999999046325684
149 150 -188296731.0376000106334686
150 150 20523720699770.0000000000000000
157 150 -130278294267.8000030517578125
158 150 11898750876.4599990844726562
159 150 5171852238105.0000000000000000
145 151 -1156104587.4230000972747803
147 151 79652875117.7400054931640625
151 151 15710546907.2800006866455078
153 151 -350104279994.4000244140625000
160 151 -14554442319.8600006103515625
162 151 -429757155112.2000122070312500
146 152 -842233164.1169999837875366
152 152 2793906263.5240001678466797
161 152 -1951673099.4070000648498535
145 153 -79652875117.7400054931640625
147 153 3658596626143.0000000000000000
151 153 -350104279994.4000244140625000
153 153 24236766288130.0000000000000000
160 153 429757155112.2000122070312500
162 153 8459786517920.0000000000000000
145 154 -1197123882.6519999504089355
146 154 -16666550.4899899996817112
147 154 -82583009562.7100067138671875
154 154 3188755989.1799998283386230
155 154 70871771.0946500003337860
156 154 35325426461.5000000000000000
163 154 -1991632106.5280001163482666
164 154 -54205220.6046599969267845
165 154 117908436024.1999969482421875
145 155 -16666550.4899899996817112
146 155 -1014617854.2510000467300415
147 155 -7479661151.8229999542236328
154 155 70871771.0946500003337860
155 155 2417712887.4219999313354492
156 155 3289309338.3839998245239258
163 155 -54205220.6046599969267845
164 155 -1403095033.1710000038146973
165 155 10768970490.2099990844726562
145 156 82583009562.7100067138671875
146 156 7479661151.8229999542236328
147 156 3824299029588.0000000000000000
154 156 35325426461.5000000000000000
155 156 3289309338.3839998245239258
156 156 17010173019460.0000000000000000
163 156 -117908436024.1999969482421875
164 156 -10768970490.2099990844726562
165 156 4680787480144.0000000000000000
148 157 -2200575082.9089999198913574
149 157 59898175.4670400023460388
150 157 -130278294267.8000030517578125
157 157 4435971671.6870002746582031
158 157 -120770616.8348000049591064
159 157 2061643040.5999999046325684
166 157 -2235396588.7779998779296875
167 157 60872441.3677100017666817
168 157 132339937308.3999938964843750
148 158 59898175.4670400023460388
149 158 -1550226343.5150001049041748
150 158 11898750876.4599990844726562
157 158 -120770616.8348000049591064
158 158 3124696030.9530000686645508
159 158 -188296731.0455000102519989
166 158 60872441.3677100017666817
167 158 -1574469687.4379999637603760
168 158 -12087047607.5000000000000000
148 159 130278294267.8000030517578125
149 159 -11898750876.4599990844726562
150 159 5171852238105.0000000000000000
157 159 2061643040.5999999046325684
158 159 -188296731.0455000102519989
159 159 20851097205080.0000000000000000
166 159 -132339937308.3999938964843750
167 159 12087047607.5000000000000000
168 159 5253696364432.0000000000000000
151 160 -14554442319.8600006103515625
153 160 429757155112.2000122070312500
160 160 22890104561.9900016784667969
162 160 134399044170.5000000000000000
169 160 -8335662242.1309995651245117
171 160 -295358110941.7000122070312500
152 161 -1951673099.4070000648498535
161 161 3564905776.9439997673034668
170 161 -1613232677.5369999408721924
151 162 -429757155112.2000122070312500
153 162 8459786517920.0000000000000000
160 162 134399044170.5000000000000000
162 162 30873499537020.0000000000000000
169 162 295358110941.7000122070312500
171 162 6976963250591.0000000000000000
154 163 -1991632106.5280001163482666
155 163 -54205220.6046599969267845
156 163 -117908436024.1999969482421875
163 163 4018085718.9250001907348633
164 163 109384707.1099999994039536
165 163 2061643040.6040000915527344
172 163 -2026453612.3970000743865967
173 163 -55179486.5053299963474274
174 163 119970079064.8000030517578125
154 164 -54205220.6046599969267845
155 164 -1403095033.1710000038146973
156 164 -10768970490.2099990844726562
163 164 109384707.1099999994039536
164 164 2830433410.2639999389648438
165 164 188296731.0451999902725220
172 164 -55179486.5053299963474274
173 164 -1427338377.0940001010894775
174 164 10957267221.2500000000000000
154 165 117908436024.1999969482421875
155 165 10768970490.2099990844726562
156 165 4680787480144.0000000000000000
163 165 2061643040.6040000915527344
164 165 188296731.0451999902725220
165 165 18886838173230.0000000000000000
172 165 -119970079064.8000030517578125
173 165 -10957267221.2500000000000000
174 165 4762631606471.0000000000000000
157 166 -2235396588.7779998779296875
158 166 60872441.3677100017666817
159 166 -132339937308.3999938964843750
166 166 4504882698.9390001296997070
167 166 -122600989.4414000064134598
168 166 2017778295.0239999294281006
175 166 -2269486110.1609997749328613
176 166 61728548.0736699998378754
177 166 134357715603.5000000000000000
157 167 60872441.3677100017666817
158 167 -1574469687.4379999637603760
159 167 12087047607.5000000000000000
166 167 -122600989.4414000064134598
167 167 3173733656.2509999275207520
168 167 -184290417.6067000031471252
175 167 61728548.0736699998378754
176 167 -1599263968.8129999637603760
177 167 -12271338025.1100006103515625
157 168 132339937308.3999938964843750
158 168 -12087047607.5000000000000000
159 168 5253696364432.0000000000000000
166 168 2017778295.0239999294281006
167 168 -184290417.6067000031471252
168 168 21174990981600.0000000000000000
175 168 -134357715603.5000000000000000
176 168 12271338025.1100006103515625
177 168 5333799126369.0000000000000000
160 169 -8335662242.1309995651245117
162 169 295358110941.7000122070312500
169 169 16580795153.3099994659423828
171 169 3207732199.1519999504089355
178 169 -8245132911.1750001907348633
180 169 -292150378742.5000000000000000
161 170 -1613232677.5369999408721924
170 170 3212363670.8299999237060547
179 170 -1599130993.2929999828338623
160 171 -295358110941.7000122070312500
162 171 6976963250591.0000000000000000
169 171 3207732199.1519999504089355
171 171 27756306599260.0000000000000000
178 171 292150378742.5000000000000000
180 171 6901190049037.0000000000000000
163 172 -2026453612.3970000743865967
164 172 -55179486.5053299963474274
165 172 -119970079064.8000030517578125
172 172 4087733377.7189998626708984
173 172 111282358.7308000028133392
174 172 2061643040.6010000705718994
181 172 -2061279765.3220000267028809
182 172 -56102872.2254699990153313
183 172 122031722105.3999938964843750
163 173 -55179486.5053299963474274
164 173 -1427338377.0940001010894775
165 173 -10957267221.2500000000000000
172 173 111282358.7308000028133392
173 173 2879477180.3790001869201660
174 173 188296731.0415999889373779
181 173 -56102872.2254699990153313
182 173 -1452138803.2850000858306885
183 173 11145563952.2900009155273438
163 174 119970079064.8000030517578125
164 174 10957267221.2500000000000000
165 174 4762631606471.0000000000000000
172 174 2061643040.6010000705718994
173 174 188296731.0415999889373779
174 174 19214214678540.0000000000000000
181 174 -122031722105.3999938964843750
182 174 -11145563952.2900009155273438
183 174 4844475732798.0000000000000000
166 175 -2269486110.1609997749328613
167 175 61728548.0736699998378754
168 175 -134357715603.5000000000000000
175 175 3723946346.4000000953674316
176 175 -67859868.5350600033998489
177 175 -34110580654.1599998474121094
184 175 -1454460236.2390000820159912
185 175 6131320.4613960003480315
186 175 100247134949.3000030517578125
166 176 61728548.0736699998378754
167 176 -1599263968.8129999637603760
168 176 12271338025.1100006103515625
175 176 -67859868.5350600033998489
176 176 2986583560.2659997940063477
177 176 3191811802.5419998168945312
184 176 6131320.4613960003480315
185 176 -1387319591.4530000686645508
186 176 -9079526222.5669994354248047
166 177 134357715603.5000000000000000
167 177 -12271338025.1100006103515625
168 177 5333799126369.0000000000000000
175 177 -34110580654.1599998474121094
176 177 3191811802.5419998168945312
177 177 19952196209040.0000000000000000
184 177 -100247134949.3000030517578125
185 177 9079526222.5669994354248047
186 177 4642298978150.0000000000000000
169 178 -8245132911.1750001907348633
171 178 292150378742.5000000000000000
178 178 16399736491.3999996185302734
180 178 3207732198.9140000343322754
187 178 -8154603580.2299995422363281
189 178 -288942646543.5999755859375000
170 179 -1599130993.2929999828338623
179 179 3185100414.6250000000000000
188 179 -1585969421.3320000171661377
169 180 -292150378742.5000000000000000
171 180 6901190049037.0000000000000000
178 180 3207732198.9140000343322754
180 180 27453213793050.0000000000000000
187 180 288942646543.5999755859375000
189 180 6825416847487.0000000000000000
172 181 -2061279765.3220000267028809
173 181 -56102872.2254699990153313
174 181 -122031722105.3999938964843750
181 181 4157381036.5120000839233398
182 181 113180010.3515000045299530
183 181 2061643040.5710000991821289
190 181 -2096101271.1900000572204590
191 181 -57077138.1260500028729439
192 181 124093365146.0000000000000000
172 182 -56102872.2254699990153313
173 182 -1452138803.2850000858306885
174 182 -11145563952.2900009155273438
181 182 113180010.3515000045299530
182 182 2928520950.4939999580383301
183 182 188296731.0336000025272369
190 182 -57077138.1260500028729439
191 182 -1476382147.2079999446868896
192 182 11333860683.3299999237060547
172 183 122031722105.3999938964843750
173 183 11145563952.2900009155273438
174 183 4844475732798.0000000000000000
181 183 2061643040.5710000991821289
182 183 188296731.0336000025272369
