138 138 696
1 1 450819.0724675999954343
3 1 -407765.8510469999746419
5 1 -407765.8510469999746419
2 2 1599568.8225539999548346
4 2 -1599568.8225539999548346
1 3 -407765.8510469999746419
3 3 491765.6163626000052318
5 3 245882.8081813000026159
2 4 -1599568.8225539999548346
4 4 2611653.3226109999231994
5 4 42292.0000000000000000
6 4 -983889.8333900000434369
41 4 -28194.6666666700002679
1 5 -407765.8510469999746419
3 5 245882.8081813000026159
4 5 42292.0000000000000000
5 5 857687.1253732000477612
7 5 151241.7545052999921609
41 5 -42292.0000000000000000
4 6 -983889.8333900000434369
6 6 1444591.0217329999431968
8 6 -460675.8208955000154674
116 6 -25.3674472286500006
117 6 245.3184351692999883
5 7 151241.7545052999921609
7 7 444112.0065230000182055
9 7 70814.2487562199967215
6 8 -460675.8208955000154674
8 8 921351.6417910000309348
10 8 -460675.8208955000154674
7 9 70814.2487562199967215
9 9 283256.9950249000103213
11 9 70814.2487562199967215
8 10 -460675.8208955000154674
10 10 1352280.2978789999615401
11 10 0.0000000000018190
12 10 -891579.1095362999476492
67 10 0.0013115756550010
68 10 -25.3674470591000016
69 10 245.3184341854999957
9 11 70814.2487562199967215
10 11 0.0000000000018190
11 11 415732.3335932000190951
13 11 137051.9180403999926057
67 11 0.0000000000000001
68 11 -0.0000000000018190
69 11 0.0000000000145519
10 12 -891579.1095362999476492
12 12 2846285.0944449999369681
13 12 42292.0000000000000000
17 12 -28194.6666666700002679
11 13 137051.9180403999926057
12 13 42292.0000000000000000
13 13 929821.4632444999879226
14 13 591490.9725338000571355
15 13 296139.8135818999726325
17 13 -42292.0000000000000000
13 14 591490.9725338000571355
14 14 787604.4907241000328213
15 14 591490.9725338000571355
13 15 296139.8135818999726325
14 15 591490.9725338000571355
15 15 592279.6271637999452651
16 16 761501.8941080999793485
43 16 -654541.8941080999793485
12 17 -28194.6666666700002679
13 17 -42292.0000000000000000
17 17 120748.4267780999944080
18 17 378109.8761833999888040
44 17 -92553.7601114800054347
45 17 378109.8761833999888040
17 18 378109.8761833999888040
18 18 2389183.5018070000223815
44 18 -378109.8761833999888040
45 18 700201.0525375000433996
19 19 743286.8460202000569552
64 19 -640440.6921739999670535
20 20 113231.5033888000034494
21 20 -368117.3769827000214718
24 20 -25064.9560005899984390
25 20 39101.3313609300021199
65 20 -88166.5473882100050105
66 20 -368117.3769827000214718
20 21 -368117.3769827000214718
21 21 2363279.9047240000218153
25 21 0.0000000002328306
65 21 368117.3769827000214718
66 21 710684.2517697999719530
22 22 787604.4907241000328213
23 22 591490.9725338000571355
25 22 591490.9725338000571355
22 23 591490.9725338000571355
23 23 592279.6271637999452651
25 23 296139.8135818999726325
20 24 -25064.9560005899984390
24 24 2843155.3837790000252426
25 24 -39101.3313609300021199
26 24 -891579.1095362999476492
20 25 39101.3313609300021199
21 25 0.0000000002328306
22 25 591490.9725338000571355
23 25 296139.8135818999726325
24 25 -39101.3313609300021199
25 25 927381.5401676000328735
27 25 137051.9180403999926057
24 26 -891579.1095362999476492
26 26 1352278.4998860000632703
28 26 -460675.8208955000154674
88 26 3.4938719480720000
89 26 -23.5694544803699984
90 26 -233.5833316917000104
25 27 137051.9180403999926057
27 27 415732.3335932000190951
29 27 70814.2487562199967215
26 28 -460675.8208955000154674
28 28 921351.6417910000309348
30 28 -460675.8208955000154674
27 29 70814.2487562199967215
29 29 283256.9950249000103213
31 29 70814.2487562199967215
28 30 -460675.8208955000154674
30 30 1444589.2235640001017600
32 30 -983889.8333900000434369
137 30 -23.5692782991399987
138 30 -233.5833325837000132
29 31 70814.2487562199967215
31 31 444112.0065230000182055
33 31 151241.7545052999921609
30 32 -983889.8333900000434369
32 32 2611653.3226109999231994
33 32 -42292.0000000000000000
35 32 -1599568.8225539999548346
38 32 -28194.6666666700002679
31 33 151241.7545052999921609
32 33 -42292.0000000000000000
33 33 857687.1253732000477612
34 33 -407765.8510469999746419
36 33 245882.8081813000026159
38 33 42292.0000000000000000
33 34 -407765.8510469999746419
34 34 450819.0724675999954343
36 34 -407765.8510469999746419
32 35 -1599568.8225539999548346
35 35 1599568.8225539999548346
33 36 245882.8081813000026159
34 36 -407765.8510469999746419
36 36 491765.6163626000052318
37 37 637268.5904523000353947
112 37 -545508.5904523000353947
32 38 -28194.6666666700002679
33 38 42292.0000000000000000
38 38 103987.8678026999987196
39 38 -318729.3590773000032641
113 38 -75793.2011360199976480
114 38 -318729.3590773000032641
38 39 -318729.3590773000032641
39 39 2006171.0109590000938624
113 39 318729.3590773000032641
114 39 674502.2635605999967083
40 40 653285.4693658000323921
91 40 -561525.4693658000323921
4 41 -28194.6666666700002679
5 41 -42292.0000000000000000
41 41 109272.6094749000039883
42 41 331227.7197544000227936
92 41 -81077.9428082200029166
93 41 331227.7197544000227936
41 42 331227.7197544000227936
42 42 2038548.7858249999117106
92 42 -331227.7197544000227936
93 42 667780.4212004999862984
16 43 -654541.8941080999793485
43 43 1216749.5156590000260621
46 43 -562207.6215506000444293
17 44 -92553.7601114800054347
18 44 -378109.8761833999888040
44 44 173109.5439366000064183
45 44 -67347.9066378099960275
47 44 -65337.6020069599981070
48 44 310761.9695456000044942
68 44 -15218.1818181800008460
17 45 378109.8761833999888040
18 45 700201.0525375000433996
44 45 -67347.9066378099960275
45 45 4592606.4860810004174709
47 45 -310761.9695456000044942
48 45 752700.2510285000316799
69 45 -0.0000000000002274
43 46 -562207.6215506000444293
46 46 1124415.2431010000873357
49 46 -562207.6215506000444293
44 47 -65337.6020069599981070
45 47 -310761.9695456000044942
47 47 145893.3858321000006981
50 47 -65337.6020069599981070
51 47 310761.9695456000044942
71 47 -15218.1818181800008460
44 48 310761.9695456000044942
45 48 752700.2510285000316799
48 48 4406845.9685479998588562
50 48 -310761.9695456000044942
51 48 752700.2510285000316799
72 48 -0.0000000000002274
46 49 -562207.6215506000444293
49 49 1124415.2431010000873357
52 49 -562207.6215506000444293
47 50 -65337.6020069599981070
48 50 -310761.9695456000044942
50 50 145893.3858321000006981
51 50 0.0000000037252903
53 50 -65337.6020069700025488
54 50 310761.9695456000044942
74 50 -15218.1818181800008460
47 51 310761.9695456000044942
48 51 752700.2510285000316799
50 51 0.0000000037252903
51 51 4406845.9685479998588562
53 51 -310761.9695456000044942
54 51 752700.2510285000316799
75 51 -0.0000000000002274
49 52 -562207.6215506000444293
52 52 1124415.2431010000873357
55 52 -562207.6215506000444293
50 53 -65337.6020069700025488
51 53 -310761.9695456000044942
53 53 145893.3858321000006981
54 53 -0.0000000018626451
56 53 -65337.6020069700025488
57 53 310761.9695456000044942
77 53 -15218.1818181800008460
50 54 310761.9695456000044942
51 54 752700.2510285000316799
53 54 -0.0000000018626451
54 54 4406845.9685479998588562
56 54 -310761.9695456000044942
57 54 752700.2510285000316799
78 54 -0.0000000000002274
52 55 -562207.6215506000444293
55 55 1124415.2431010000873357
58 55 -562207.6215506000444293
53 56 -65337.6020069700025488
54 56 -310761.9695456000044942
56 56 145893.3858321000006981
57 56 -0.0000000018626451
59 56 -65337.6020069700025488
60 56 310761.9695456000044942
80 56 -15218.1818181800008460
53 57 310761.9695456000044942
54 57 752700.2510285000316799
56 57 -0.0000000018626451
57 57 4406845.9685479998588562
59 57 -310761.9695456000044942
60 57 752700.2510285000316799
81 57 -0.0000000000002274
55 58 -562207.6215506000444293
58 58 1124415.2431010000873357
61 58 -562207.6215506000444293
56 59 -65337.6020069700025488
57 59 -310761.9695456000044942
59 59 145893.3858321000006981
60 59 0.0000000204890966
62 59 -65337.6020069700025488
63 59 310761.9695456000044942
83 59 -15218.1818181800008460
56 60 310761.9695456000044942
57 60 752700.2510285000316799
59 60 0.0000000204890966
60 60 4406845.9685490000993013
62 60 -310761.9695456000044942
63 60 752700.2510285000316799
84 60 -0.0000000000002274
58 61 -562207.6215506000444293
61 61 1124415.2431010000873357
64 61 -562207.6215506000444293
59 62 -65337.6020069700025488
60 62 -310761.9695456000044942
62 62 145893.3858321000006981
63 62 -0.0000000223517418
65 62 -65337.6020069700025488
66 62 310761.9695456000044942
86 62 -15218.1818181800008460
59 63 310761.9695456000044942
60 63 752700.2510285000316799
62 63 -0.0000000223517418
63 63 4406845.9685490000993013
65 63 -310761.9695456000044942
66 63 752700.2510285000316799
87 63 -0.0000000000002274
19 64 -640440.6921739999670535
61 64 -562207.6215506000444293
64 64 1202648.3137250000145286
20 65 -88166.5473882100050105
21 65 368117.3769827000214718
62 65 -65337.6020069700025488
63 65 -310761.9695456000044942
65 65 168722.3312134000007063
66 65 57355.4074370500020450
89 65 -15218.1818181800008460
20 66 -368117.3769827000214718
21 66 710684.2517697999719530
62 66 310761.9695456000044942
63 66 752700.2510285000316799
65 66 57355.4074370500020450
66 66 4566702.8889990001916885
90 66 -0.0000000000002274
10 67 0.0013115756550010
11 67 0.0000000000000001
67 67 68593.9553220100060571
68 67 -0.0013115756550010
69 67 0.0126837235631600
70 67 -68593.9553219399967929
10 68 -25.3674470591000016
11 68 -0.0000000000018190
44 68 -15218.1818181800008460
67 68 -0.0013115756550010
68 68 15350.1489581999994698
69 68 261.6963554697999825
71 68 -106.5996929629999954
72 68 507.0147896554000226
10 69 245.3184341854999957
11 69 0.0000000000145519
45 69 -0.0000000000002274
67 69 0.0126837235631600
68 69 261.6963554697999825
69 69 5587.6952470409996749
71 69 -507.0147896554000226
72 69 1607.6593955319999623
67 70 -68593.9553219399967929
70 70 137187.9106438999879174
73 70 -68593.9553219399967929
47 71 -15218.1818181800008460
68 71 -106.5996929629999954
69 71 -507.0147896554000226
71 71 15431.3812041100009083
72 71 -0.0000000000018190
74 71 -106.5996929629999954
75 71 507.0147896554000226
48 72 -0.0000000000002274
68 72 507.0147896554000226
69 72 1607.6593955319999623
71 72 -0.0000000000018190
72 72 6430.6375821290002932
74 72 -507.0147896554000226
75 72 1607.6593955319999623
70 73 -68593.9553219399967929
73 73 137187.9106438999879174
76 73 -68593.9553219499939587
50 74 -15218.1818181800008460
71 74 -106.5996929629999954
72 74 -507.0147896554000226
74 74 15431.3812041100009083
75 74 0.0000000000127329
77 74 -106.5996929629999954
78 74 507.0147896554000226
51 75 -0.0000000000002274
71 75 507.0147896554000226
72 75 1607.6593955319999623
74 75 0.0000000000127329
75 75 6430.6375821290002932
77 75 -507.0147896554000226
78 75 1607.6593955319999623
73 76 -68593.9553219499939587
76 76 137187.9106438999879174
79 76 -68593.9553219499939587
53 77 -15218.1818181800008460
74 77 -106.5996929629999954
75 77 -507.0147896554000226
77 77 15431.3812041100009083
78 77 -0.0000000000018190
80 77 -106.5996929629999954
81 77 507.0147896554000226
54 78 -0.0000000000002274
74 78 507.0147896554000226
75 78 1607.6593955319999623
77 78 -0.0000000000018190
78 78 6430.6375821290002932
80 78 -507.0147896554000226
81 78 1607.6593955319999623
76 79 -68593.9553219499939587
79 79 137187.9106438999879174
82 79 -68593.9553219499939587
56 80 -15218.1818181800008460
77 80 -106.5996929629999954
78 80 -507.0147896554000226
80 80 15431.3812041100009083
81 80 -0.0000000000018190
83 80 -106.5996929629999954
84 80 507.0147896554000226
57 81 -0.0000000000002274
77 81 507.0147896554000226
78 81 1607.6593955319999623
80 81 -0.0000000000018190
81 81 6430.6375821290002932
83 81 -507.0147896554000226
84 81 1607.6593955319999623
79 82 -68593.9553219499939587
82 82 137187.9106438999879174
85 82 -68593.9553219499939587
59 83 -15218.1818181800008460
80 83 -106.5996929629999954
81 83 -507.0147896554000226
83 83 15431.3812041100009083
84 83 0.0000000000491127
86 83 -106.5996929629999954
87 83 507.0147896554000226
60 84 -0.0000000000002274
80 84 507.0147896554000226
81 84 1607.6593955319999623
83 84 0.0000000000491127
84 84 6430.6375821290002932
86 84 -507.0147896554000226
87 84 1607.6593955319999623
82 85 -68593.9553219499939587
85 85 137187.9106438999879174
88 85 -68593.9553219499939587
62 86 -15218.1818181800008460
83 86 -106.5996929629999954
84 86 -507.0147896554000226
86 86 15431.3812041100009083
87 86 -0.0000000000509317
89 86 -106.5996929629999954
90 86 507.0147896554000226
63 87 -0.0000000000002274
83 87 507.0147896554000226
84 87 1607.6593955319999623
86 87 -0.0000000000509317
87 87 6430.6375821290002932
89 87 -507.0147896554000226
90 87 1607.6593955319999623
26 88 3.4938719480720000
85 88 -68593.9553219499939587
88 88 137869.5604844999907073
89 88 -3.4938719480720000
90 88 0.0117846391040100
26 89 -23.5694544803699984
65 89 -15218.1818181800008460
86 89 -106.5996929629999954
87 89 -507.0147896554000226
88 89 -3.4938719480720000
89 89 15348.3509656299993367
90 89 -273.4314579636999838
26 90 -233.5833316917000104
66 90 -0.0000000000002274
86 90 507.0147896554000226
87 90 1607.6593955319999623
88 90 0.0117846391040100
89 90 -273.4314579636999838
90 90 5530.2464056879998680
40 91 -561525.4693658000323921
91 91 1043838.2157519999891520
94 91 -482312.7463863000157289
41 92 -81077.9428082200029166
42 92 -331227.7197544000227936
92 92 156810.5990636000060476
93 92 -62792.2276109599988558
95 92 -56438.4740380500006722
96 92 268435.4921435000142083
116 92 -19294.1822173399996245
41 93 331227.7197544000227936
42 93 667780.4212004999862984
92 93 -62792.2276109599988558
93 93 3903994.1754899998195469
95 93 -268435.4921435000142083
96 93 688047.2293496000347659
91 94 -482312.7463863000157289
94 94 964625.4927727000322193
97 94 -482312.7463863000157289
92 95 -56438.4740380500006722
93 95 -268435.4921435000142083
95 95 132171.1302933999977540
98 95 -56438.4740380500006722
99 95 268435.4921435000142083
119 95 -19294.1822173399996245
92 96 268435.4921435000142083
93 96 688047.2293496000347659
96 96 3730890.7793299998156726
98 96 -268435.4921435000142083
99 96 688047.2293496000347659
94 97 -482312.7463863000157289
97 97 964625.4927727000322193
100 97 -482312.7463863000157289
95 98 -56438.4740380500006722
96 98 -268435.4921435000142083
98 98 132171.1302933999977540
99 98 0.0000000037252903
101 98 -56438.4740380500006722
102 98 268435.4921435000142083
122 98 -19294.1822173399996245
95 99 268435.4921435000142083
96 99 688047.2293496000347659
98 99 0.0000000037252903
99 99 3730890.7793299998156726
101 99 -268435.4921435000142083
102 99 688047.2293496000347659
97 100 -482312.7463863000157289
100 100 964625.4927727000322193
103 100 -482312.7463863000157289
98 101 -56438.4740380500006722
99 101 -268435.4921435000142083
101 101 132171.1302933999977540
102 101 -0.0000000018626451
104 101 -56438.4740380500006722
105 101 268435.4921435000142083
125 101 -19294.1822173399996245
98 102 268435.4921435000142083
99 102 688047.2293496000347659
101 102 -0.0000000018626451
102 102 3730890.7793299998156726
104 102 -268435.4921435000142083
105 102 688047.2293496000347659
100 103 -482312.7463863000157289
103 103 964625.4927727000322193
106 103 -482312.7463863000157289
101 104 -56438.4740380500006722
102 104 -268435.4921435000142083
104 104 132171.1302933999977540
105 104 -0.0000000018626451
107 104 -56438.4740380500006722
108 104 268435.4921435000142083
128 104 -19294.1822173399996245
101 105 268435.4921435000142083
102 105 688047.2293496000347659
104 105 -0.0000000018626451
105 105 3730890.7793299998156726
107 105 -268435.4921435000142083
108 105 688047.2293496000347659
103 106 -482312.7463863000157289
106 106 964625.4927727000322193
109 106 -482312.7463864000164904
104 107 -56438.4740380500006722
105 107 -268435.4921435000142083
107 107 132171.1302933999977540
108 107 0.0000000167638063
110 107 -56438.4740380599978380
111 107 268435.4921435000142083
131 107 -19294.1822173399996245
104 108 268435.4921435000142083
105 108 688047.2293496000347659
107 108 0.0000000167638063
108 108 3730890.7793299998156726
110 108 -268435.4921435000142083
111 108 688047.2293496000347659
106 109 -482312.7463864000164904
109 109 964625.4927727000322193
112 109 -482312.7463863000157289
107 110 -56438.4740380599978380
108 110 -268435.4921435000142083
110 110 132171.1302933999977540
111 110 -0.0000000186264515
113 110 -56438.4740380500006722
114 110 268435.4921435000142083
134 110 -19294.1822173399996245
107 111 268435.4921435000142083
108 111 688047.2293496000347659
110 111 -0.0000000186264515
111 111 3730890.7793299998156726
113 111 -268435.4921435000142083
114 111 688047.2293496000347659
37 112 -545508.5904523000353947
109 112 -482312.7463863000157289
112 112 1027821.3368389999959618
38 113 -75793.2011360199976480
39 113 318729.3590773000032641
110 113 -56438.4740380500006722
111 113 -268435.4921435000142083
113 113 151525.8573914000007790
114 113 50293.8669338199979393
137 113 -19294.1822173399996245
38 114 -318729.3590773000032641
39 114 674502.2635605999967083
110 114 268435.4921435000142083
111 114 688047.2293496000347659
113 114 50293.8669338199979393
114 114 3871616.4006240000016987
115 115 68593.9553219399967929
118 115 -68593.9553219399967929
6 116 -25.3674472286500006
92 116 -19294.1822173399996245
116 116 19426.1493575400018017
117 116 261.6963544860000184
119 116 -106.5996929629999954
120 116 507.0147896554000226
6 117 245.3184351692999883
116 117 261.6963544860000184
117 117 5587.6952502129997811
119 117 -507.0147896554000226
120 117 1607.6593955319999623
115 118 -68593.9553219399967929
118 118 137187.9106438999879174
121 118 -68593.9553219399967929
95 119 -19294.1822173399996245
116 119 -106.5996929629999954
117 119 -507.0147896554000226
119 119 19507.3816032700015057
120 119 -0.0000000000018190
122 119 -106.5996929629999954
123 119 507.0147896554000226
116 120 507.0147896554000226
117 120 1607.6593955319999623
119 120 -0.0000000000018190
120 120 6430.6375821290002932
122 120 -507.0147896554000226
123 120 1607.6593955319999623
118 121 -68593.9553219399967929
121 121 137187.9106438999879174
124 121 -68593.9553219499939587
98 122 -19294.1822173399996245
119 122 -106.5996929629999954
120 122 -507.0147896554000226
122 122 19507.3816032700015057
123 122 0.0000000000127329
125 122 -106.5996929629999954
126 122 507.0147896554000226
119 123 507.0147896554000226
120 123 1607.6593955319999623
122 123 0.0000000000127329
123 123 6430.6375821290002932
125 123 -507.0147896554000226
126 123 1607.6593955319999623
121 124 -68593.9553219499939587
124 124 137187.9106438999879174
127 124 -68593.9553219499939587
101 125 -19294.1822173399996245
122 125 -106.5996929629999954
123 125 -507.0147896554000226
125 125 19507.3816032700015057
126 125 -0.0000000000018190
128 125 -106.5996929629999954
129 125 507.0147896554000226
122 126 507.0147896554000226
123 126 1607.6593955319999623
125 126 -0.0000000000018190
126 126 6430.6375821290002932
128 126 -507.0147896554000226
129 126 1607.6593955319999623
124 127 -68593.9553219499939587
127 127 137187.9106438999879174
130 127 -68593.9553219499939587
104 128 -19294.1822173399996245
125 128 -106.5996929629999954
126 128 -507.0147896554000226
128 128 19507.3816032700015057
129 128 -0.0000000000018190
131 128 -106.5996929629999954
132 128 507.0147896554000226
125 129 507.0147896554000226
126 129 1607.6593955319999623
128 129 -0.0000000000018190
129 129 6430.6375821290002932
131 129 -507.0147896554000226
132 129 1607.6593955319999623
127 130 -68593.9553219499939587
130 130 137187.9106438999879174
133 130 -68593.9553219499939587
107 131 -19294.1822173399996245
128 131 -106.5996929629999954
129 131 -507.0147896554000226
131 131 19507.3816032700015057
132 131 0.0000000000491127
134 131 -106.5996929629999954
135 131 507.0147896554000226
128 132 507.0147896554000226
129 132 1607.6593955319999623
131 132 0.0000000000491127
132 132 6430.6375821290002932
134 132 -507.0147896554000226
135 132 1607.6593955319999623
130 133 -68593.9553219499939587
133 133 137187.9106438999879174
136 133 -68593.9553219499939587
110 134 -19294.1822173399996245
131 134 -106.5996929629999954
132 134 -507.0147896554000226
134 134 19507.3816032700015057
135 134 -0.0000000000509317
137 134 -106.5996929629999954
138 134 507.0147896554000226
131 135 507.0147896554000226
132 135 1607.6593955319999623
134 135 -0.0000000000509317
135 135 6430.6375821290002932
137 135 -507.0147896554000226
138 135 1607.6593955319999623
133 136 -68593.9553219499939587
136 136 137869.5607536000024993
30 137 -23.5692782991399987
113 137 -19294.1822173399996245
134 137 -106.5996929629999954
135 137 -507.0147896554000226
137 137 19424.3511886099986441
138 137 -273.4314570716999810
30 138 -233.5833325837000132
134 138 507.0147896554000226
135 138 1607.6593955319999623
137 138 -273.4314570716999810
138 138 5530.2464086350000798
