3134 3134 45178
1 1 32144419930.1500015258789062
5 1 -3835539506578.0000000000000000
6 1 38646942.1487599983811378
7 1 -32123446453.7500000000000000
11 1 -3835539506578.0000000000000000
181 1 -20387916.6666699983179569
439 1 -585559.7295266999863088
444 1 38646942.1487599983811378
2 2 19344110.4324100017547607
4 2 186449837.1252999901771545
6 2 2997390.0000000000000000
8 2 -1561556.4248349999543279
10 2 186449837.1252999901771545
182 2 -24978.2500000000000000
186 2 2997390.0000000000000000
440 2 -17757575.7575800009071827
3 3 28803418055.5400009155273438
4 3 -38646942.1487599983811378
5 3 -3445680000000.0000000000000000
9 3 -88832495.8123999983072281
183 3 -28714000000.0000000000000000
185 3 -3445680000000.0000000000000000
441 3 -585559.7295266999863088
442 3 -38646942.1487599983811378
2 4 186449837.1252999901771545
3 4 -38646942.1487599983811378
4 4 33575444979.4399986267089844
8 4 -186449837.1252999901771545
10 4 14841407035.1800003051757812
184 4 -491700000.0000000000000000
441 4 38646942.1487599983811378
442 4 1700465454.5450000762939453
1 5 -3835539506578.0000000000000000
3 5 -3445680000000.0000000000000000
5 5 1161927420902000.0000000000000000
7 5 3835539506578.0000000000000000
11 5 305308944723600.0000000000000000
183 5 3445680000000.0000000000000000
185 5 275654400000000.0000000000000000
443 5 -731454545.4544999599456787
1 6 38646942.1487599983811378
2 6 2997390.0000000000000000
6 6 4424999741.2519998550415039
12 6 -544486432.1607999801635742
182 6 -2997390.0000000000000000
186 6 239791200.0000000000000000
439 6 -38646942.1487599983811378
444 6 1700465454.5450000762939453
1 7 -32123446453.7500000000000000
5 7 3835539506578.0000000000000000
7 7 32180434513.4799995422363281
11 7 3835539506578.0000000000000000
12 7 38646942.1487599983811378
13 7 -56402500.0000000000000000
445 7 -585559.7295266999863088
450 7 38646942.1487599983811378
2 8 -1561556.4248349999543279
4 8 -186449837.1252999901771545
8 8 19570379.6824100017547607
10 8 -186449837.1252999901771545
12 8 30149700.0000000000000000
14 8 -251247.5000000000000000
18 8 30149700.0000000000000000
446 8 -17757575.7575800009071827
3 9 -88832495.8123999983072281
9 9 34590168055.5400009155273438
10 9 -38646942.1487599983811378
11 9 -4140090000000.0000000000000000
15 9 -34500750000.0000000000000000
17 9 -4140090000000.0000000000000000
447 9 -585559.7295266999863088
448 9 -38646942.1487599983811378
2 10 186449837.1252999901771545
4 10 14841407035.1800003051757812
8 10 -186449837.1252999901771545
9 10 -38646942.1487599983811378
10 10 33675572979.4399986267089844
16 10 -591828000.0000000000000000
447 10 38646942.1487599983811378
448 10 1700465454.5450000762939453
1 11 -3835539506578.0000000000000000
5 11 305308944723600.0000000000000000
7 11 3835539506578.0000000000000000
9 11 -4140090000000.0000000000000000
11 11 1273033020902000.0000000000000000
15 11 4140090000000.0000000000000000
17 11 331207200000000.0000000000000000
449 11 -731454545.4544999599456787
6 12 -544486432.1607999801635742
7 12 38646942.1487599983811378
8 12 30149700.0000000000000000
12 12 8769369341.2520008087158203
14 12 -30149700.0000000000000000
18 12 2411976000.0000000000000000
445 12 -38646942.1487599983811378
450 12 1700465454.5450000762939453
7 13 -56402500.0000000000000000
13 13 85858037939.3800048828125000
17 13 3420212606475.0000000000000000
18 13 38646942.1487599983811378
19 13 -27387807689.3800010681152344
23 13 -3549459876543.0000000000000000
181 13 -58372466356.9400024414062500
185 13 6969672483018.0000000000000000
187 13 -40775833.3333299979567528
451 13 -585559.7295266999863088
456 13 38646942.1487599983811378
8 14 -251247.5000000000000000
12 14 -30149700.0000000000000000
14 14 18308941.5274400003254414
16 14 19793327.8057099990546703
18 14 -24154920.0000000000000000
20 14 -199448.3659756999986712
22 14 25848508.2304500006139278
182 14 -50713.4038922699983232
184 14 -6055180.4247369999065995
188 14 -49956.5000000000000000
192 14 5994780.0000000000000000
452 14 -17757575.7575800009071827
9 15 -34500750000.0000000000000000
11 15 4140090000000.0000000000000000
15 15 92095790833.7799987792968750
16 15 -38646942.1487599983811378
17 15 -2760060000000.0000000000000000
21 15 -52224537.0370400026440620
183 15 -40980737.0184300020337105
189 15 -57501250000.0000000000000000
191 15 -6900150000000.0000000000000000
453 15 -585559.7295266999863088
454 15 -38646942.1487599983811378
10 16 -591828000.0000000000000000
14 16 19793327.8057099990546703
15 16 -38646942.1487599983811378
16 16 10417493854.9300003051757812
20 16 -25848508.2304500006139278
22 16 2233311111.1110000610351562
182 16 6055180.4247369999065995
184 16 481992361.8090000152587891
190 16 -994128000.0000000000000000
453 16 38646942.1487599983811378
454 16 1700465454.5450000762939453
9 17 -4140090000000.0000000000000000
11 17 331207200000000.0000000000000000
13 17 3420212606475.0000000000000000
15 17 -2760060000000.0000000000000000
17 17 3489357657418000.0000000000000000
19 17 3549459876543.0000000000000000
23 17 306673333333300.0000000000000000
181 17 -6969672483018.0000000000000000
185 17 554785929648200.0000000000000000
189 17 6900150000000.0000000000000000
191 17 552012000000000.0000000000000000
455 17 -731454545.4544999599456787
8 18 30149700.0000000000000000
12 18 2411976000.0000000000000000
13 18 38646942.1487599983811378
14 18 -24154920.0000000000000000
18 18 10731160216.0699996948242188
24 18 -547988888.8889000415802002
186 18 -999123618.0904999971389771
188 18 -5994780.0000000000000000
192 18 479582400.0000000000000000
451 18 -38646942.1487599983811378
456 18 1700465454.5450000762939453
13 19 -27387807689.3800010681152344
17 19 3549459876543.0000000000000000
19 19 42834430092.0899963378906250
21 19 -7000777770.3909997940063477
23 19 2131877499198.0000000000000000
24 19 38646942.1487599983811378
25 19 -15406237676.3199996948242188
27 19 7000777770.3909997940063477
29 19 -1417582377345.0000000000000000
193 19 -39799166.6666700020432472
457 19 -585559.7295266999863088
462 19 38646942.1487599983811378
14 20 -199448.3659756999986712
16 20 -25848508.2304500006139278
20 20 19408216.4426600001752377
22 20 80306098.0360199958086014
24 20 -41509586.4051600024104118
26 20 -1393105.0691140000708401
28 20 106154606.2664999961853027
30 20 -48480056.4051600024104118
194 20 -58087.2500000000000000
198 20 6970470.0000000000000000
458 20 -17757575.7575800009071827
15 21 -52224537.0370400026440620
19 21 -7000777770.3909997940063477
21 21 49327964113.1500015258789062
22 21 -38646942.1487599983811378
23 21 -4872720174126.0000000000000000
25 21 7000777770.3909997940063477
27 21 -3274154016.3889999389648438
29 21 647399825874.0999755859375000
195 21 -46001000000.0000000000000000
197 21 -5520120000000.0000000000000000
459 21 -585559.7295266999863088
460 21 -38646942.1487599983811378
14 22 25848508.2304500006139278
16 22 2233311111.1110000610351562
20 22 80306098.0360199958086014
21 22 -38646942.1487599983811378
22 22 19578875199.7599983215332031
24 22 -4632313056.3690004348754883
26 22 -106154606.2664999961853027
28 22 5258723926.5659999847412109
30 22 -2756047539.7769999504089355
196 22 -792084000.0000000000000000
459 22 38646942.1487599983811378
460 22 1700465454.5450000762939453
13 23 -3549459876543.0000000000000000
17 23 306673333333300.0000000000000000
19 23 2131877499198.0000000000000000
21 23 -4872720174126.0000000000000000
23 23 1670632319580000.0000000000000000
25 23 1417582377345.0000000000000000
27 23 -647399825874.0999755859375000
29 23 87032860729410.0000000000000000
195 23 5520120000000.0000000000000000
197 23 441609600000000.0000000000000000
461 23 -731454545.4544999599456787
18 24 -547988888.8889000415802002
19 24 38646942.1487599983811378
20 24 -41509586.4051600024104118
22 24 -4632313056.3690004348754883
24 24 7955809367.7329998016357422
26 24 48480056.4051600024104118
28 24 -2756047539.7769999504089355
30 24 482597556.0454000234603882
194 24 -6970470.0000000000000000
198 24 557637600.0000000000000000
457 24 -38646942.1487599983811378
462 24 1700465454.5450000762939453
19 25 -15406237676.3199996948242188
21 25 7000777770.3909997940063477
23 25 1417582377345.0000000000000000
25 25 29398540678.4199981689453125
27 25 7168811411.1230001449584961
28 25 0.0000001192092896
29 25 -981867670053.5999755859375000
30 25 38646942.1487599983811378
31 25 -13991717442.3700008392333984
33 25 -14169589181.5100002288818359
35 25 -2399450047399.0000000000000000
463 25 -585559.7295266999863088
465 25 -0.0000000018626451
466 25 -0.0000003650784492
468 25 38646942.1487599983811378
20 26 -1393105.0691140000708401
22 26 -106154606.2664999961853027
24 26 48480056.4051600024104118
26 26 19175353.1281000003218651
28 26 -104067329.5671000033617020
30 26 50596939.8662500008940697
32 26 -24672.3014112899982138
34 26 2087276.6993950000032783
36 26 2116883.4610890001058578
464 26 -17757575.7575800009071827
19 27 7000777770.3909997940063477
21 27 -3274154016.3889999389648438
23 27 -647399825874.0999755859375000
25 27 7168811411.1230001449584961
27 27 17665620171.5499992370605469
28 27 -38646942.1487599983811378
29 27 -3080884625718.0000000000000000
30 27 0.0000001192092896
31 27 -14169589181.5100002288818359
33 27 -14390880595.4300003051757812
35 27 -2433484799844.0000000000000000
463 27 0.0000000018626451
465 27 -585559.7295266999863088
466 27 -38646942.1487599983811378
468 27 -0.0000003650784492
20 28 106154606.2664999961853027
22 28 5258723926.5659999847412109
24 28 -2756047539.7769999504089355
25 28 0.0000001192092896
26 28 -104067329.5671000033617020
27 28 -38646942.1487599983811378
28 28 14803904199.3600006103515625
30 28 -4638346418.9460000991821289
32 28 -2087276.6993950000032783
34 28 -130568004.2907000035047531
36 28 364210044.1933000087738037
463 28 0.0000001192092896
465 28 38646942.1487599983811378
466 28 1700465454.5450000762939453
468 28 -0.0000157356262207
19 29 -1417582377345.0000000000000000
21 29 647399825874.0999755859375000
23 29 87032860729410.0000000000000000
25 29 -981867670053.5999755859375000
27 29 -3080884625718.0000000000000000
29 29 723115079362100.0000000000000000
31 29 2399450047399.0000000000000000
33 29 2433484799844.0000000000000000
35 29 274524313224400.0000000000000000
467 29 -731454545.4544999599456787
20 30 -48480056.4051600024104118
22 30 -2756047539.7769999504089355
24 30 482597556.0454000234603882
25 30 38646942.1487599983811378
26 30 50596939.8662500008940697
27 30 0.0000001192092896
28 30 -4638346418.9460000991821289
30 30 6776110538.3680000305175781
32 30 -2116883.4610890001058578
34 30 364210044.1933000087738037
36 30 -120308057.6011999994516373
463 30 -38646942.1487599983811378
465 30 0.0000001192092896
466 30 0.0000157356262207
468 30 1700465454.5450000762939453
25 31 -13991717442.3700008392333984
27 31 -14169589181.5100002288818359
29 31 2399450047399.0000000000000000
31 31 57814269891.5999984741210938
33 31 -225669120.8512000143527985
34 31 0.0000001192092896
35 31 4836788877078.0000000000000000
36 31 38646942.1487599983811378
37 31 -14755417597.7199993133544922
39 31 -14630393303.9300003051757812
41 31 -2477261366298.0000000000000000
199 31 -29066549291.7700004577636719
201 31 29025651606.2999992370605469
203 31 4914600195977.0000000000000000
469 31 -585559.7295266999863088
471 31 -0.0000000018626451
472 31 -0.0000003650784492
474 31 38646942.1487599983811378
26 32 -24672.3014112899982138
28 32 -2087276.6993950000032783
30 32 -2116883.4610890001058578
32 32 17858200.0635499991476536
34 32 -4202887.0719440001994371
36 32 4293372.6883460003882647
38 32 -25472.3948807000015222
40 32 2154964.6069069998338819
42 32 2139681.1699789999984205
200 32 -50479.6096862400008831
202 32 -4270574.9794560000300407
204 32 4270574.9794560000300407
470 32 -17757575.7575800009071827
25 33 -14169589181.5100002288818359
27 33 -14390880595.4300003051757812
29 33 2433484799844.0000000000000000
31 33 -225669120.8512000143527985
33 33 58005168580.7099990844726562
34 33 -38646942.1487599983811378
35 33 -4940807532882.0000000000000000
36 33 0.0000001192092896
37 33 -14630393303.9300003051757812
39 33 -14547153133.7700004577636719
41 33 -2459692136750.0000000000000000
199 33 29025651606.2999992370605469
201 33 -29066549291.7700004577636719
203 33 -4914600195977.0000000000000000
469 33 0.0000000018626451
471 33 -585559.7295266999863088
472 33 -38646942.1487599983811378
474 33 -0.0000003650784492
26 34 2087276.6993950000032783
28 34 -130568004.2907000035047531
30 34 364210044.1933000087738037
31 34 0.0000001192092896
32 34 -4202887.0719440001994371
33 34 -38646942.1487599983811378
34 34 5354612444.2119998931884766
36 34 5593509.9172200001776218
38 34 -2154964.6069069998338819
40 34 -124159375.2618999928236008
42 34 368132392.6431999802589417
200 34 4270574.9794560000300407
202 34 -258585640.0184000134468079
204 34 -740306497.7009999752044678
469 34 0.0000001192092896
471 34 38646942.1487599983811378
472 34 1700465454.5450000762939453
474 34 -0.0000157356262207
25 35 -2399450047399.0000000000000000
27 35 -2433484799844.0000000000000000
29 35 274524313224400.0000000000000000
31 35 4836788877078.0000000000000000
33 35 -4940807532882.0000000000000000
35 35 2212703763550000.0000000000000000
37 35 2477261366298.0000000000000000
39 35 2459692136749.0000000000000000
41 35 277460300717200.0000000000000000
199 35 -4914600195977.0000000000000000
201 35 4914600195977.0000000000000000
203 35 554366902106200.0000000000000000
473 35 -731454545.4544999599456787
26 36 2116883.4610890001058578
28 36 364210044.1933000087738037
30 36 -120308057.6011999994516373
31 36 38646942.1487599983811378
32 36 4293372.6883460003882647
33 36 0.0000001192092896
34 36 5593509.9172200001776218
36 36 5354529292.0989999771118164
38 36 -2139681.1699789999984205
40 36 368132392.6431999802589417
42 36 -129399760.3851000070571899
200 36 -4270574.9794560000300407
202 36 -740306497.7009999752044678
204 36 -258585640.0184000134468079
469 36 -38646942.1487599983811378
471 36 0.0000001192092896
472 36 0.0000157356262207
474 36 1700465454.5450000762939453
31 37 -14755417597.7199993133544922
33 37 -14630393303.9300003051757812
35 37 2477261366298.0000000000000000
37 37 58318872768.8399963378906250
39 37 80613174.5129400044679642
40 37 0.0000001192092896
41 37 4940814136291.0000000000000000
42 37 38646942.1487599983811378
43 37 -14496320319.6200008392333984
45 37 -14475871476.8799991607666016
47 37 -2451047425983.0000000000000000
205 37 -29066549291.7700004577636719
207 37 29025651606.2999992370605469
209 37 4914600195977.0000000000000000
475 37 -585559.7295266999863088
477 37 -0.0000000018626451
478 37 -0.0000003650784492
480 37 38646942.1487599983811378
32 38 -25472.3948807000015222
34 38 -2154964.6069069998338819
36 38 -2139681.1699789999984205
38 38 17858730.6126599982380867
40 38 -4293378.4326370004564524
42 38 4263054.9632029999047518
44 38 -25202.8505168500014406
46 38 2132161.1537250000983477
48 38 2132161.1537250000983477
206 38 -50479.6096862400008831
208 38 -4270574.9794560000300407
210 38 4270574.9794560000300407
476 38 -17757575.7575800009071827
31 39 -14630393303.9300003051757812
33 39 -14547153133.7700004577636719
35 39 2459692136749.0000000000000000
37 39 80613174.5129400044679642
39 39 58110608304.8899993896484375
40 39 -38646942.1487599983811378
41 39 -4905955485211.0000000000000000
42 39 0.0000001192092896
43 39 -14475871476.8799991607666016
45 39 -14496320319.6200008392333984
47 39 -2451047425983.0000000000000000
205 39 29025651606.2999992370605469
207 39 -29066549291.7700004577636719
209 39 -4914600195977.0000000000000000
475 39 0.0000000018626451
477 39 -585559.7295266999863088
478 39 -38646942.1487599983811378
480 39 -0.0000003650784492
32 40 2154964.6069069998338819
34 40 -124159375.2618999928236008
36 40 368132392.6431999802589417
37 40 0.0000001192092896
38 40 -4293378.4326370004564524
39 40 -38646942.1487599983811378
40 40 5357969684.4309997558593750
42 40 5549966.7270940002053976
44 40 -2132161.1537250000983477
46 40 -126330794.8373000025749207
48 40 366838572.9775000214576721
206 40 4270574.9794560000300407
208 40 -258585640.0184000134468079
210 40 -740306497.7009999752044678
475 40 0.0000001192092896
477 40 38646942.1487599983811378
478 40 1700465454.5450000762939453
480 40 -0.0000157356262207
31 41 -2477261366298.0000000000000000
33 41 -2459692136750.0000000000000000
35 41 277460300717200.0000000000000000
37 41 4940814136291.0000000000000000
39 41 -4905955485211.0000000000000000
41 41 2216611436403000.0000000000000000
43 41 2451047425983.0000000000000000
45 41 2451047425983.0000000000000000
47 41 276478149650900.0000000000000000
205 41 -4914600195977.0000000000000000
207 41 4914600195977.0000000000000000
209 41 554366902106200.0000000000000000
479 41 -731454545.4544999599456787
32 42 2139681.1699789999984205
34 42 368132392.6431999802589417
36 42 -129399760.3851000070571899
37 42 38646942.1487599983811378
38 42 4263054.9632029999047518
39 42 0.0000001192092896
40 42 5549966.7270940002053976
42 42 5358056494.6219997406005859
44 42 -2132161.1537250000983477
46 42 366838572.9775000214576721
48 42 -126330794.8373000025749207
206 42 -4270574.9794560000300407
208 42 -740306497.7009999752044678
210 42 -258585640.0184000134468079
475 42 -38646942.1487599983811378
477 42 0.0000001192092896
478 42 0.0000157356262207
480 42 1700465454.5450000762939453
37 43 -14496320319.6200008392333984
39 43 -14475871476.8799991607666016
41 43 2451047425983.0000000000000000
43 43 56793450714.1500015258789062
45 43 386608195.3848000168800354
46 43 0.0000001192092896
47 43 4837078738225.0000000000000000
48 43 38646942.1487599983811378
49 43 -14241776162.8400001525878906
51 43 -14322260695.5200004577636719
53 43 -2425110874634.0000000000000000
211 43 -28054768671.9599990844726562
213 43 28411523977.0099983215332031
215 43 4811142186876.0000000000000000
481 43 -585559.7295266999863088
483 43 -0.0000000018626451
484 43 -0.0000003650784492
486 43 38646942.1487599983811378
38 44 -25202.8505168500014406
40 44 -2132161.1537250000983477
42 44 -2132161.1537250000983477
44 44 17857131.7221000008285046
46 44 -4203236.5979169998317957
48 44 4232374.3335180003196001
50 44 -24936.1583999799986486
52 44 2109599.0006389999762177
54 44 2124560.6956790001131594
212 44 -49416.9556126500028768
214 44 -4180674.4448299999348819
216 44 4239974.7915650000795722
482 44 -17757575.7575800009071827
37 45 -14475871476.8799991607666016
39 45 -14496320319.6200008392333984
41 45 2451047425983.0000000000000000
43 45 386608195.3848000168800354
45 45 57796252333.7600021362304688
46 45 -38646942.1487599983811378
47 45 -4870648155019.0000000000000000
48 45 0.0000001192092896
49 45 -14322260695.5200004577636719
51 45 -14444213470.6399993896484375
53 45 -2442310242540.0000000000000000
211 45 28411523977.0099983215332031
213 45 -28855132983.7700004577636719
215 45 -4879385338463.0000000000000000
481 45 0.0000000018626451
483 45 -585559.7295266999863088
484 45 -38646942.1487599983811378
486 45 -0.0000003650784492
38 46 2132161.1537250000983477
40 46 -126330794.8373000025749207
42 46 366838572.9775000214576721
43 46 0.0000001192092896
44 46 -4203236.5979169998317957
45 46 -38646942.1487599983811378
46 46 5347915439.1929998397827148
48 46 5466054.3874989999458194
50 46 -2109599.0006389999762177
52 46 -128466899.9661000072956085
54 46 365530913.2918999791145325
212 46 4180674.4448299999348819
214 46 -267110901.1155999898910522
216 46 -735001938.4706000089645386
481 46 0.0000001192092896
483 46 38646942.1487599983811378
484 46 1700465454.5450000762939453
486 46 -0.0000157356262207
37 47 -2451047425983.0000000000000000
39 47 -2451047425983.0000000000000000
41 47 276478149650900.0000000000000000
43 47 4837078738225.0000000000000000
45 47 -4870648155019.0000000000000000
47 47 2204854502367000.0000000000000000
49 47 2425110874634.0000000000000000
51 47 2442310242540.0000000000000000
53 47 275499475105600.0000000000000000
211 47 -4811142186876.0000000000000000
213 47 4879385338463.0000000000000000
215 47 550449260699900.0000000000000000
485 47 -731454545.4544999599456787
38 48 2132161.1537250000983477
40 48 366838572.9775000214576721
42 48 -126330794.8373000025749207
43 48 38646942.1487599983811378
44 48 4232374.3335180003196001
45 48 0.0000001192092896
46 48 5466054.3874989999458194
48 48 5347334103.0080003738403320
50 48 -2124560.6956790001131594
52 48 365530913.2918999791145325
54 48 -123300320.7802000045776367
212 48 -4239974.7915650000795722
214 48 -735001938.4706000089645386
216 48 -246405594.3134999871253967
481 48 -38646942.1487599983811378
483 48 0.0000001192092896
484 48 0.0000157356262207
486 48 1700465454.5450000762939453
43 49 -14241776162.8400001525878906
45 49 -14322260695.5200004577636719
47 49 2425110874634.0000000000000000
49 49 57805231333.9599990844726562
51 49 -227519433.8998999893665314
52 49 0.0000001192092896
53 49 4888663644628.0000000000000000
54 49 38646942.1487599983811378
55 49 -14496320319.6200008392333984
57 49 -14475871476.8799991607666016
59 49 -2451047425983.0000000000000000
217 49 -29066549291.7700004577636719
219 49 29025651606.2999992370605469
221 49 4914600195977.0000000000000000
487 49 -585559.7295266999863088
489 49 -0.0000000018626451
490 49 -0.0000003650784492
492 49 38646942.1487599983811378
44 50 -24936.1583999799986486
46 50 -2109599.0006389999762177
48 50 -2124560.6956790001131594
50 50 17858194.3761800006031990
52 50 -4248012.8263689996674657
54 50 4278175.4375029997900128
56 50 -25202.8505168500014406
58 50 2132161.1537250000983477
60 50 2132161.1537250000983477
218 50 -50479.6096862400008831
220 50 -4270574.9794560000300407
222 50 4270574.9794560000300407
488 50 -17757575.7575800009071827
43 51 -14322260695.5200004577636719
45 51 -14444213470.6399993896484375
47 51 2442310242540.0000000000000000
49 51 -227519433.8998999893665314
51 51 58007668641.7600021362304688
52 51 -38646942.1487599983811378
53 51 -4923337379421.0000000000000000
54 51 0.0000001192092896
55 51 -14475871476.8799991607666016
57 51 -14496320319.6200008392333984
59 51 -2451047425983.0000000000000000
217 51 29025651606.2999992370605469
219 51 -29066549291.7700004577636719
221 51 -4914600195977.0000000000000000
487 51 0.0000000018626451
489 51 -585559.7295266999863088
490 51 -38646942.1487599983811378
492 51 -0.0000003650784492
44 52 2109599.0006389999762177
46 52 -128466899.9661000072956085
48 52 365530913.2918999791145325
49 52 0.0000001192092896
50 52 -4248012.8263689996674657
51 52 -38646942.1487599983811378
52 52 5354601348.5550003051757812
54 52 5593061.8267869995906949
56 52 -2132161.1537250000983477
58 52 -126330794.8373000025749207
60 52 366838572.9775000214576721
218 52 4270574.9794560000300407
220 52 -258585640.0184000134468079
222 52 -740306497.7009999752044678
487 52 0.0000001192092896
489 52 38646942.1487599983811378
490 52 1700465454.5450000762939453
492 52 -0.0000157356262207
43 53 -2425110874634.0000000000000000
45 53 -2442310242540.0000000000000000
47 53 275499475105600.0000000000000000
49 53 4888663644628.0000000000000000
51 53 -4923337379421.0000000000000000
53 53 2212689785180000.0000000000000000
55 53 2451047425983.0000000000000000
57 53 2451047425983.0000000000000000
59 53 276478149650900.0000000000000000
217 53 -4914600195977.0000000000000000
219 53 4914600195977.0000000000000000
221 53 554366902106200.0000000000000000
491 53 -731454545.4544999599456787
44 54 2124560.6956790001131594
46 54 365530913.2918999791145325
48 54 -123300320.7802000045776367
49 54 38646942.1487599983811378
50 54 4278175.4375029997900128
51 54 0.0000001192092896
52 54 5593061.8267869995906949
54 54 5354515761.0050001144409180
56 54 -2132161.1537250000983477
58 54 366838572.9775000214576721
60 54 -126330794.8373000025749207
218 54 -4270574.9794560000300407
220 54 -740306497.7009999752044678
222 54 -258585640.0184000134468079
487 54 -38646942.1487599983811378
489 54 0.0000001192092896
490 54 0.0000157356262207
492 54 1700465454.5450000762939453
49 55 -14496320319.6200008392333984
51 55 -14475871476.8799991607666016
53 55 2451047425983.0000000000000000
55 55 14526561618.8600006103515625
57 55 14475871476.8799991607666016
58 55 0.0000001192092896
59 55 2451047425983.0000000000000000
60 55 38646942.1487599983811378
61 55 -29655739.5143500007688999
493 55 -585559.7295266999863088
495 55 -0.0000000018626451
496 55 -0.0000003650784492
498 55 38646942.1487599983811378
50 56 -25202.8505168500014406
52 56 -2132161.1537250000983477
54 56 -2132161.1537250000983477
56 56 17851200.1453099995851517
58 56 -2132161.1537250000983477
60 56 4066830.1185869998298585
62 56 -68421.5372219900018536
66 56 6198991.2723129997029901
494 56 -17757575.7575800009071827
49 57 -14475871476.8799991607666016
51 57 -14496320319.6200008392333984
53 57 2451047425983.0000000000000000
55 57 14475871476.8799991607666016
57 57 41048547189.3700027465820312
58 57 -38646942.1487599983811378
59 57 45468723295.0000000000000000
60 57 0.0000001192092896
63 57 -26551641310.0299987792968750
65 57 -2405578702688.0000000000000000
493 57 0.0000000018626451
495 57 -585559.7295266999863088
496 57 -38646942.1487599983811378
498 57 -0.0000003650784492
50 58 2132161.1537250000983477
52 58 -126330794.8373000025749207
54 58 366838572.9775000214576721
55 58 0.0000001192092896
56 58 -2132161.1537250000983477
57 58 -38646942.1487599983811378
58 58 4821098867.8269996643066406
60 58 -6076905.7671659998595715
64 58 -933075496.6886999607086182
493 58 0.0000001192092896
495 58 38646942.1487599983811378
496 58 1700465454.5450000762939453
498 58 -0.0000157356262207
49 59 -2451047425983.0000000000000000
51 59 -2451047425983.0000000000000000
53 59 276478149650900.0000000000000000
55 59 2451047425983.0000000000000000
57 59 45468723295.0000000000000000
59 59 843550938041200.0000000000000000
63 59 2405578702688.0000000000000000
65 59 145296953642400.0000000000000000
497 59 -731454545.4544999599456787
50 60 2132161.1537250000983477
52 60 366838572.9775000214576721
54 60 -126330794.8373000025749207
55 60 38646942.1487599983811378
56 60 4066830.1185869998298585
57 60 0.0000001192092896
58 60 -6076905.7671659998595715
60 60 4636861516.8339996337890625
62 60 -6198991.2723129997029901
66 60 374419072.8476999998092651
493 60 -38646942.1487599983811378
495 60 0.0000001192092896
496 60 0.0000157356262207
498 60 1700465454.5450000762939453
55 61 -29655739.5143500007688999
61 61 96642565622.0000000000000000
63 61 -34236969980.5200004577636719
65 61 18396921093340.0000000000000000
66 61 38646942.1487599983811378
67 61 -24245750.0000000000000000
223 61 -96588078572.7599945068359375
225 61 34236969980.5099983215332031
227 61 18396921093340.0000000000000000
499 61 -585559.7295266999863088
504 61 38646942.1487599983811378
56 62 -68421.5372219900018536
60 62 -6198991.2723129997029901
62 62 17883234.4829600006341934
64 62 -4441912.5376279996708035
66 62 -905674.9823737000115216
68 62 -30984.7500000000000000
72 62 3718170.0000000000000000
224 62 -26252.4381656500008830
226 62 -4441912.5376279996708035
228 62 1575146.2899390000384301
500 62 -17757575.7575800009071827
57 63 -26551641310.0299987792968750
59 63 2405578702688.0000000000000000
61 63 -34236969980.5200004577636719
63 63 79679569594.1000061035156250
64 63 -38646942.1487599983811378
65 63 -9031762181475.0000000000000000
69 63 -40946750000.0000000000000000
71 63 -4913610000000.0000000000000000
223 63 34236969980.5200004577636719
225 63 -12180592724.3400001525878906
227 63 -6523730884164.0000000000000000
501 63 -585559.7295266999863088
502 63 -38646942.1487599983811378
58 64 -933075496.6886999607086182
62 64 -4441912.5376279996708035
63 64 -38646942.1487599983811378
64 64 6102251872.1680002212524414
66 64 -181421048.9343999922275543
70 64 -704472000.0000000000000000
224 64 4441912.5376279996708035
226 64 439369736.3452000021934509
228 64 -351608455.5809000134468079
501 64 38646942.1487599983811378
502 64 1700465454.5450000762939453
57 65 -2405578702688.0000000000000000
59 65 145296953642400.0000000000000000
61 65 18396921093340.0000000000000000
63 65 -9031762181475.0000000000000000
65 65 5749016108130000.0000000000000000
69 65 4913610000000.0000000000000000
71 65 393088800000000.0000000000000000
223 65 -18396921093340.0000000000000000
225 65 6523730884163.0000000000000000
227 65 2336121934695000.0000000000000000
503 65 -731454545.4544999599456787
56 66 6198991.2723129997029901
60 66 374419072.8476999998092651
61 66 38646942.1487599983811378
62 66 -905674.9823737000115216
64 66 -181421048.9343999922275543
66 66 5361176068.4750003814697266
68 66 -3718170.0000000000000000
72 66 297453600.0000000000000000
224 66 -1575146.2899390000384301
226 66 -351608455.5809000134468079
228 66 -427482258.8960999846458435
499 66 -38646942.1487599983811378
504 66 1700465454.5450000762939453
61 67 -24245750.0000000000000000
67 67 96642565622.0000000000000000
69 67 34236969980.5200004577636719
71 67 18396921093340.0000000000000000
72 67 38646942.1487599983811378
73 67 -29655739.5143500007688999
223 67 -96588078572.7599945068359375
225 67 -34236969980.5200004577636719
227 67 18396921093340.0000000000000000
505 67 -585559.7295266999863088
510 67 38646942.1487599983811378
62 68 -30984.7500000000000000
66 68 -3718170.0000000000000000
68 68 17883234.4829600006341934
70 68 -4441912.5376279996708035
72 68 905674.9823737000115216
74 68 -68421.5372219900018536
78 68 6198991.2723129997029901
224 68 -26252.4381656500008830
226 68 -4441912.5376279996708035
228 68 -1575146.2899390000384301
506 68 -17757575.7575800009071827
63 69 -40946750000.0000000000000000
65 69 4913610000000.0000000000000000
67 69 34236969980.5200004577636719
69 69 79679569594.1000061035156250
70 69 -38646942.1487599983811378
71 69 9031762181475.0000000000000000
75 69 -26551641310.0299987792968750
77 69 -2405578702688.0000000000000000
223 69 -34236969980.5099983215332031
225 69 -12180592724.3400001525878906
227 69 6523730884163.0000000000000000
507 69 -585559.7295266999863088
508 69 -38646942.1487599983811378
64 70 -704472000.0000000000000000
68 70 -4441912.5376279996708035
69 70 -38646942.1487599983811378
70 70 6102251872.1680002212524414
72 70 181421048.9343999922275543
76 70 -933075496.6886999607086182
224 70 4441912.5376279996708035
226 70 439369736.3452000021934509
228 70 351608455.5809000134468079
507 70 38646942.1487599983811378
508 70 1700465454.5450000762939453
63 71 -4913610000000.0000000000000000
65 71 393088800000000.0000000000000000
67 71 18396921093340.0000000000000000
69 71 9031762181475.0000000000000000
71 71 5749016108130000.0000000000000000
75 71 2405578702688.0000000000000000
77 71 145296953642400.0000000000000000
223 71 -18396921093340.0000000000000000
225 71 -6523730884164.0000000000000000
227 71 2336121934695000.0000000000000000
509 71 -731454545.4544999599456787
62 72 3718170.0000000000000000
66 72 297453600.0000000000000000
67 72 38646942.1487599983811378
68 72 905674.9823737000115216
70 72 181421048.9343999922275543
72 72 5361176068.4750003814697266
74 72 -6198991.2723129997029901
78 72 374419072.8476999998092651
224 72 1575146.2899390000384301
226 72 351608455.5809000134468079
228 72 -427482258.8960999846458435
505 72 -38646942.1487599983811378
510 72 1700465454.5450000762939453
67 73 -29655739.5143500007688999
73 73 14526561618.8600006103515625
75 73 -14475871476.8799991607666016
76 73 0.0000001192092896
77 73 2451047425983.0000000000000000
78 73 38646942.1487599983811378
79 73 -14496320319.6200008392333984
81 73 14475871476.8799991607666016
83 73 2451047425983.0000000000000000
511 73 -585559.7295266999863088
513 73 -0.0000000018626451
514 73 -0.0000003650784492
516 73 38646942.1487599983811378
68 74 -68421.5372219900018536
72 74 -6198991.2723129997029901
74 74 17851200.1453099995851517
76 74 -2132161.1537250000983477
78 74 -4066830.1185869998298585
80 74 -25202.8505168500014406
82 74 -2132161.1537250000983477
84 74 2132161.1537250000983477
512 74 -17757575.7575800009071827
69 75 -26551641310.0299987792968750
71 75 2405578702688.0000000000000000
73 75 -14475871476.8799991607666016
75 75 41048547189.3700027465820312
76 75 -38646942.1487599983811378
77 75 -45468723294.9800033569335938
78 75 0.0000001192092896
79 75 14475871476.8799991607666016
81 75 -14496320319.6200008392333984
83 75 -2451047425983.0000000000000000
511 75 0.0000000018626451
513 75 -585559.7295266999863088
514 75 -38646942.1487599983811378
516 75 -0.0000003650784492
70 76 -933075496.6886999607086182
73 76 0.0000001192092896
74 76 -2132161.1537250000983477
75 76 -38646942.1487599983811378
76 76 4821098867.8269996643066406
78 76 6076905.7671569995582104
80 76 2132161.1537250000983477
82 76 -126330794.8373000025749207
84 76 -366838572.9775000214576721
511 76 0.0000001192092896
513 76 38646942.1487599983811378
514 76 1700465454.5450000762939453
516 76 -0.0000081062316895
69 77 -2405578702688.0000000000000000
71 77 145296953642400.0000000000000000
73 77 2451047425983.0000000000000000
75 77 -45468723294.9800033569335938
77 77 843550938041200.0000000000000000
79 77 -2451047425983.0000000000000000
81 77 2451047425983.0000000000000000
83 77 276478149650900.0000000000000000
515 77 -731454545.4544999599456787
68 78 6198991.2723129997029901
72 78 374419072.8476999998092651
73 78 38646942.1487599983811378
74 78 -4066830.1185869998298585
75 78 0.0000001192092896
76 78 6076905.7671569995582104
78 78 4636861516.8339996337890625
80 78 -2132161.1537250000983477
82 78 -366838572.9775000214576721
84 78 -126330794.8373000025749207
511 78 -38646942.1487599983811378
513 78 0.0000001192092896
514 78 0.0000081062316895
516 78 1700465454.5450000762939453
73 79 -14496320319.6200008392333984
75 79 14475871476.8799991607666016
77 79 -2451047425983.0000000000000000
79 79 57768277007.6800003051757812
81 79 190565107.6288999915122986
82 79 0.0000001192092896
83 79 4882410972623.0000000000000000
84 79 38646942.1487599983811378
85 79 -14241776162.8400001525878906
87 79 14322260695.5200004577636719
89 79 2425110874634.0000000000000000
229 79 -29029594965.5000000000000000
231 79 -28988697280.0299987792968750
233 79 4908347523972.0000000000000000
517 79 -585559.7295266999863088
519 79 -0.0000000018626451
520 79 -0.0000003650784492
522 79 38646942.1487599983811378
74 80 -25202.8505168500014406
76 80 2132161.1537250000983477
78 80 -2132161.1537250000983477
80 80 17858120.4675300009548664
82 80 -4241760.1543640000745654
84 80 -4271922.7654980001971126
86 80 -24936.1583999799986486
88 80 -2109599.0006389999762177
90 80 2124560.6956790001131594
230 80 -50405.7010337000028812
232 80 -4264322.3074510004371405
234 80 -4264322.3074510004371405
518 80 -17757575.7575800009071827
73 81 14475871476.8799991607666016
75 81 -14496320319.6200008392333984
77 81 2451047425983.0000000000000000
79 81 190565107.6288999915122986
81 81 57970714315.4899978637695312
82 81 -38646942.1487599983811378
83 81 4917084707416.0000000000000000
84 81 0.0000001192092896
85 81 14322260695.5200004577636719
87 81 -14444213470.6399993896484375
89 81 -2442310242540.0000000000000000
229 81 -28988697280.0299987792968750
231 81 -29029594965.5000000000000000
233 81 4908347523972.0000000000000000
517 81 0.0000000018626451
519 81 -585559.7295266999863088
520 81 -38646942.1487599983811378
522 81 -0.0000003650784492
74 82 -2132161.1537250000983477
76 82 -126330794.8373000025749207
78 82 -366838572.9775000214576721
79 82 0.0000001192092896
80 82 -4241760.1543640000745654
81 82 -38646942.1487599983811378
82 82 5352999375.5749998092651367
84 82 -5401691.6511340001598001
86 82 2109599.0006389999762177
88 82 -128466899.9661000072956085
90 82 -365530913.2918999791145325
230 82 4264322.3074510004371405
232 82 -258041619.1416000127792358
234 82 739057175.4220999479293823
517 82 0.0000001192092896
519 82 38646942.1487599983811378
520 82 1700465454.5450000762939453
522 82 -0.0000081062316895
73 83 2451047425983.0000000000000000
75 83 -2451047425983.0000000000000000
77 83 276478149650900.0000000000000000
79 83 4882410972623.0000000000000000
81 83 4917084707416.0000000000000000
83 83 2211279182376000.0000000000000000
85 83 -2425110874634.0000000000000000
87 83 2442310242540.0000000000000000
89 83 275499475105600.0000000000000000
229 83 -4908347523972.0000000000000000
231 83 -4908347523972.0000000000000000
233 83 553661600704000.0000000000000000
521 83 -731454545.4544999599456787
74 84 2132161.1537250000983477
76 84 -366838572.9775000214576721
78 84 -126330794.8373000025749207
79 84 38646942.1487599983811378
80 84 -4271922.7654980001971126
81 84 0.0000001192092896
82 84 -5401691.6511340001598001
84 84 5352913788.0240001678466797
86 84 -2124560.6956790001131594
88 84 -365530913.2918999791145325
90 84 -123300320.7802000045776367
230 84 4264322.3074510004371405
232 84 739057175.4220999479293823
234 84 -258041619.1416000127792358
517 84 -38646942.1487599983811378
519 84 0.0000001192092896
520 84 0.0000081062316895
522 84 1700465454.5450000762939453
79 85 -14241776162.8400001525878906
81 85 14322260695.5200004577636719
83 85 -2425110874634.0000000000000000
85 85 57258539255.4400024414062500
87 85 -117048412.3016999959945679
88 85 0.0000001192092896
89 85 4882344807951.0000000000000000
90 85 38646942.1487599983811378
91 85 -14496320319.6200008392333984
93 85 14475871476.8799991607666016
95 85 2451047425983.0000000000000000
235 85 -28519857213.2599983215332031
237 85 -28681083760.0999984741210938
239 85 4856408256602.0000000000000000
523 85 -585559.7295266999863088
525 85 -0.0000000018626451
526 85 -0.0000003650784492
528 85 38646942.1487599983811378
80 86 -24936.1583999799986486
82 86 2109599.0006389999762177
84 86 -2124560.6956790001131594
86 86 17857587.0832899995148182
88 86 -4241760.1543640000745654
90 86 -4241520.9333100002259016
92 86 -25202.8505168500014406
94 86 -2132161.1537250000983477
96 86 2132161.1537250000983477
236 86 -49872.3167999700017390
238 86 -4219198.0012769997119904
240 86 -4249121.3913569999858737
524 86 -17757575.7575800009071827
79 87 14322260695.5200004577636719
81 87 -14444213470.6399993896484375
83 87 2442310242540.0000000000000000
85 87 -117048412.3016999959945679
87 87 57866367967.9100036621093750
88 87 -38646942.1487599983811378
89 87 4882113684907.0000000000000000
90 87 0.0000001192092896
91 87 14475871476.8799991607666016
93 87 -14496320319.6200008392333984
95 87 -2451047425983.0000000000000000
235 87 -28681083760.0999984741210938
237 87 -28925248617.9199981689453125
239 87 4890850868351.0000000000000000
523 87 0.0000000018626451
525 87 -585559.7295266999863088
526 87 -38646942.1487599983811378
528 87 -0.0000003650784492
80 88 -2109599.0006389999762177
82 88 -128466899.9661000072956085
84 88 -365530913.2918999791145325
85 88 0.0000001192092896
86 88 -4241760.1543640000745654
87 88 -38646942.1487599983811378
88 88 5349655395.4029998779296875
90 88 -5339189.2353560002520680
92 88 2132161.1537250000983477
94 88 -126330794.8373000025749207
96 88 -366838572.9775000214576721
236 88 4219198.0012769997119904
238 88 -262332671.5744999945163727
240 88 736422678.0032999515533447
523 88 0.0000001192092896
525 88 38646942.1487599983811378
526 88 1700465454.5450000762939453
528 88 -0.0000081062316895
79 89 2425110874634.0000000000000000
81 89 -2442310242540.0000000000000000
83 89 275499475105600.0000000000000000
85 89 4882344807951.0000000000000000
87 89 4882113684907.0000000000000000
89 89 2207359490957000.0000000000000000
91 89 -2451047425983.0000000000000000
93 89 2451047425983.0000000000000000
95 89 276478149650900.0000000000000000
235 89 -4856408256602.0000000000000000
237 89 -4890850868351.0000000000000000
239 89 551701754994700.0000000000000000
527 89 -731454545.4544999599456787
80 90 2124560.6956790001131594
82 90 -365530913.2918999791145325
84 90 -123300320.7802000045776367
85 90 38646942.1487599983811378
86 90 -4241520.9333100002259016
87 90 0.0000001192092896
88 90 -5339189.2353560002520680
90 90 5349322860.0539999008178711
92 90 -2132161.1537250000983477
94 90 -366838572.9775000214576721
96 90 -126330794.8373000025749207
236 90 4249121.3913569999858737
238 90 736422678.0032999515533447
240 90 -251923740.5049000084400177
523 90 -38646942.1487599983811378
525 90 0.0000001192092896
526 90 0.0000081062316895
528 90 1700465454.5450000762939453
85 91 -14496320319.6200008392333984
87 91 14475871476.8799991607666016
