1922 1922 30336
1 1 103325838.9622000008821487
3 1 42042233.4642999991774559
5 1 -770698.8471061999443918
6 1 -35870.5357714999991003
7 1 -6832.4830040959996040
11 1 174228.3166044999961741
12 1 -0.0000000004656613
13 1 -51915768.5180099979043007
15 1 -20451638.3357000015676022
17 1 13097058.7383200004696846
2 2 19386600.2247000001370907
3 2 0.0000000074505806
4 2 17497420.4209799990057945
5 2 0.0000000002339165
6 2 -38706147.6413599997758865
8 2 -139596.8846376999863423
9 2 -0.0000000074505806
10 2 -3559720.5582610000856221
11 2 -0.0000000002339165
12 2 -177008.8497206000029109
14 2 -9951101.7458849996328354
16 2 -20150981.0354099981486797
18 2 44779957.8564800024032593
1 3 42042233.4642999991774559
2 3 0.0000000074505806
3 3 32654747.6305399984121323
4 3 20180588.2352899983525276
5 3 1712664.1046760000754148
6 3 -0.0000000006984919
8 3 -0.0000000039581209
9 3 -3843921.5686269998550415
11 3 0.0000000000184450
12 3 0.0000000006984919
13 3 -20451638.3357000015676022
15 3 -15670920.5786300003528595
17 3 -29104574.9740500003099442
2 4 17497420.4209799990057945
3 4 20180588.2352899983525276
4 4 884627844.3759000301361084
6 4 -1713160764.1559998989105225
8 4 -0.0000000149011612
9 4 -20180588.2352899983525276
10 4 -0.0000009536743164
14 4 20150981.0354099981486797
16 4 -541366721.8012000322341919
18 4 1194417812.5910000801086426
1 5 -770698.8471061999443918
2 5 0.0000000002339165
3 5 1712664.1046760000754148
5 5 668198049.7134000062942505
6 5 0.0000000004656613
7 5 -0.0000000000291038
8 5 -0.0000000006984919
9 5 0.0000000000184450
10 5 -0.0000000179083806
11 5 0.0000000007421477
12 5 -0.0000000006184564
13 5 -13097058.7383200004696846
15 5 29104574.9740500003099442
17 5 -19694217.1271799989044666
1 6 -35870.5357714999991003
2 6 -38706147.6413599997758865
3 6 -0.0000000006984919
4 6 -1713160764.1559998989105225
5 6 0.0000000004656613
6 6 3815250609.9559998512268066
7 6 35870.5357714999991003
8 6 -177008.8497206000029109
9 6 0.0000000002339165
10 6 -4513725.6678750002756715
11 6 -914698.6621734000509605
12 6 -280957.0253673000261188
14 6 -44779957.8564800024032593
16 6 1194417812.5910000801086426
18 6 -2658140511.8930001258850098
1 7 -6832.4830040959996040
5 7 -0.0000000000291038
6 7 35870.5357714999991003
7 7 13657.0062031599991315
11 7 -134.7297962997000127
12 7 0.0000000004656613
31 7 -6824.5231990660004158
35 7 0.0000000027939677
36 7 34122.6159953300011693
2 8 -139596.8846376999863423
3 8 -0.0000000039581209
4 8 -0.0000000149011612
5 8 -0.0000000006984919
6 8 -177008.8497206000029109
8 8 279049.7652787999832071
9 8 0.0000000074505806
10 8 2277.5731059159998040
11 8 0.0000000001252728
12 8 353835.1023735000053421
32 8 -139452.8806410999968648
34 8 0.0000001043081284
35 8 0.0000000001086437
36 8 -176826.2526530000031926
2 9 -0.0000000074505806
3 9 -3843921.5686269998550415
4 9 -20180588.2352899983525276
5 9 0.0000000000184450
6 9 0.0000000002339165
8 9 0.0000000074505806
9 9 7686336.3079450000077486
11 9 -0.0000000000693970
12 9 -0.0000000006984919
32 9 -0.0000000011641532
33 9 -3842414.7393180001527071
34 9 -19212073.6965899989008904
35 9 0.0000000000509519
2 10 -3559720.5582610000856221
4 10 -0.0000009536743164
5 10 -0.0000000179083806
6 10 -4513725.6678750002756715
8 10 2277.5731059159998040
10 10 181523244.7870000004768372
11 10 0.0000000060617068
12 10 2887.9626983399998608
32 10 3557442.9851549998857081
34 10 -0.0000009536743164
36 10 4510837.7051769997924566
1 11 174228.3166044999961741
2 11 -0.0000000002339165
3 11 0.0000000000184450
5 11 0.0000000007421477
6 11 -914698.6621734000509605
7 11 -134.7297962997000127
8 11 0.0000000001252728
9 11 -0.0000000000693970
10 11 0.0000000060617068
11 11 8883949.4728890005499125
12 11 -0.0000000133513822
31 11 -174093.5868081999942660
33 11 0.0000000000285604
34 11 0.0000000001428020
35 11 0.0000001192092896
36 11 870467.9340407999698073
1 12 -0.0000000004656613
2 12 -177008.8497206000029109
3 12 0.0000000006984919
5 12 -0.0000000006184564
6 12 -280957.0253673000261188
7 12 0.0000000004656613
8 12 353835.1023735000053421
9 12 -0.0000000006984919
10 12 2887.9626983399998608
11 12 -0.0000000133513822
12 12 561660.3656324000330642
32 12 -176826.2526530000031926
33 12 0.0000000000055979
34 12 0.0000001192092896
35 12 0.0000000111758709
36 12 -280703.3402652000077069
1 13 -51915768.5180099979043007
3 13 -20451638.3357000015676022
5 13 -13097058.7383200004696846
13 13 65425473.5114900022745132
15 13 26347066.2576999999582767
17 13 -9038412.9336350001394749
18 13 772526.2221290000015870
19 13 -55677.5655588500012527
23 13 1425624.0661339999642223
24 13 -786445.6135187000036240
43 13 -13454027.4279200006276369
45 13 -5895427.9220059998333454
47 13 2633021.7385530001483858
2 14 -9951101.7458849996328354
4 14 20150981.0354099981486797
6 14 -44779957.8564800024032593
14 14 12211288.9789499994367361
15 14 31668.6115197600011015
16 14 -2414650.0589250000193715
18 14 -10719183.8491999991238117
20 14 -265996.7174113999935798
21 14 -31668.6115197600011015
22 14 -6363526.8116020001471043
44 14 -1994190.5156489999499172
46 14 -15315383.1601800005882978
48 14 34060774.0072799995541573
1 15 -20451638.3357000015676022
3 15 -15670920.5786300003528595
5 15 29104574.9740500003099442
13 15 26347066.2576999999582767
14 15 31668.6115197600011015
15 15 25417474.0217499993741512
16 15 -94506536.7274499982595444
17 15 23248844.3367500007152557
20 15 -31668.6115197600011015
21 15 -6752840.4994219997897744
22 15 94572997.2563800066709518
43 15 -5895427.9220059998333454
45 15 -2993712.9436949999071658
47 15 -5855730.6373039996251464
2 16 -20150981.0354099981486797
4 16 -541366721.8012000322341919
6 16 1194417812.5910000801086426
14 16 -2414650.0589250000193715
15 16 -94506536.7274499982595444
16 16 2461302527.4619998931884766
18 16 -1975811973.4279999732971191
20 16 7250247.9341550003737211
21 16 94506536.7274499982595444
22 16 -1219838614.3359999656677246
44 16 15315383.1601800005882978
46 16 -35582870.2650500014424324
48 16 76861842.7669399976730347
1 17 13097058.7383200004696846
3 17 -29104574.9740500003099442
5 17 -19694217.1271799989044666
13 17 -9038412.9336350001394749
15 17 23248844.3367500007152557
17 17 554533511.2015000581741333
18 17 19796818.8739200010895729
19 17 -1425624.0661339999642223
23 17 20077384.8647699989378452
24 17 -20153224.8904500007629395
43 17 -2633021.7385539999231696
45 17 5855730.6373039996251464
47 17 73548764.6187800019979477
2 18 44779957.8564800024032593
4 18 1194417812.5910000801086426
6 18 -2658140511.8930001258850098
13 18 772526.2221290000015870
14 18 -10719183.8491999991238117
16 18 -1975811973.4279999732971191
17 18 19796818.8739200010895729
18 18 4427116001.7239999771118164
19 18 -772526.2221290000015870
23 18 19764248.9613099992275238
24 18 -30673383.1845300011336803
44 18 -34060774.0072799995541573
46 18 76861842.7669399976730347
48 18 -171959577.4041999876499176
13 19 -55677.5655588500012527
17 19 -1425624.0661339999642223
18 19 -772526.2221290000015870
19 19 44919331.7714999988675117
21 19 19511781.2793000005185604
23 19 -6289639.6520159998908639
24 19 786445.6135187000036240
31 19 -32748949.5001000016927719
33 19 -13946541.1059200000017881
35 19 -6832082.7110620001330972
49 19 -12114704.7058400008827448
51 19 -5565240.1733740000054240
53 19 1968067.1251799999736249
14 20 -265996.7174113999935798
15 20 -31668.6115197600011015
16 20 7250247.9341550003737211
20 20 9490763.4247450008988380
21 20 31668.6115197600011015
22 20 8505285.0962870009243488
24 20 -4574992.3652400001883507
32 20 -6986193.5062570003792644
34 20 14845661.2007999997586012
36 20 -31437870.7781599983572960
50 20 -2238573.2010759999975562
52 20 -12703902.9161099996417761
54 20 26862878.4129199981689453
14 21 -31668.6115197600011015
15 21 -6752840.4994219997897744
16 21 94506536.7274499982595444
19 21 19511781.2793000005185604
20 21 31668.6115197600011015
21 21 19532495.6803399994969368
22 21 -94572997.2563800066709518
23 21 10306388.2283800002187490
31 21 -13946541.1059200000017881
33 21 -9800964.3797340001910925
35 21 14467939.8587200008332729
49 21 -5565240.1733740000054240
51 21 -2978690.8011869997717440
53 21 -4161551.6303349998779595
14 22 -6363526.8116020001471043
15 22 94572997.2563800066709518
16 22 -1219838614.3359999656677246
20 22 8505285.0962870009243488
21 22 -94572997.2563800066709518
22 22 2194927702.3920001983642578
24 22 -1320144006.8159999847412109
32 22 -14845661.2007999997586012
34 22 -347816770.3400999903678894
36 22 733697862.6404000520706177
50 22 12703902.9161099996417761
52 22 -70469502.1778399944305420
54 22 147941523.3815000057220459
13 23 1425624.0661339999642223
17 23 20077384.8647699989378452
18 23 19764248.9613099992275238
19 23 -6289639.6520159998908639
21 23 10306388.2283800002187490
23 23 283795821.9721000194549561
24 23 -20120654.9778399989008904
31 23 6832082.7110609998926520
33 23 -14467939.8587200008332729
35 23 14065878.2361600007861853
49 23 -1968067.1251799999736249
51 23 4161551.6303349998779595
53 23 36529734.6030300036072731
13 24 -786445.6135187000036240
17 24 -20153224.8904500007629395
18 24 -30673383.1845300011336803
19 24 786445.6135187000036240
20 24 -4574992.3652400001883507
22 24 -1320144006.8159999847412109
23 24 -20120654.9778399989008904
24 24 2826914750.5199999809265137
32 24 31437870.7781599983572960
34 24 733697862.6404000520706177
36 24 -1555061456.0899999141693115
50 24 -26862878.4129199981689453
52 24 147941523.3815000057220459
54 24 -313333380.9293000102043152
25 25 42300943.8933100029826164
29 25 -40292335.9490600004792213
30 25 -0.0000001192092896
43 25 -42198698.6429100036621094
48 25 -21099349.3214499987661839
55 25 -102245.2504074000025867
59 25 1906362.6938469999004155
26 26 34981781.3780400007963181
27 26 -0.0000000133280037
28 26 24937134.9403299987316132
44 26 -34470473.3384499996900558
45 26 0.0000000596046448
46 26 -0.0000000306159305
56 26 -511308.0395878999843262
58 26 -9533338.3981170002371073
26 27 -0.0000000133280037
27 27 6874765.3526410004124045
28 27 -0.0000000462766410
44 27 0.0000000133280037
45 27 -0.0000000266560075
46 27 0.0000000000000000
57 27 -6874765.3526410004124045
26 28 24937134.9403299987316132
27 28 -0.0000000462766410
28 28 344426593.7836999893188477
44 28 -34470473.3384499996900558
45 28 0.0000000462766410
46 28 -0.0000000306159305
56 28 9533338.3981170002371073
58 28 45542068.4205600023269653
25 29 -40292335.9490600004792213
29 29 90730227.1544200032949448
30 29 0.0000001192092896
43 29 42198698.6429100036621094
47 29 -0.0000000133280037
48 29 21099349.3214499987661839
55 29 -1906362.6938469999004155
59 29 22556736.3420299999415874
25 30 -0.0000001192092896
29 30 0.0000001192092896
30 30 7025480.8259579995647073
43 30 0.0000001192092896
48 30 -6842000.0000000000000000
60 30 -183480.8259587000065949
7 31 -6824.5231990660004158
11 31 -174093.5868081999942660
19 31 -32748949.5001000016927719
21 31 -13946541.1059200000017881
23 31 6832082.7110609998926520
31 31 65147020.9926799982786179
33 31 28589822.6503099985420704
35 31 653940.6752589000388980
36 31 -56465.5199908099966706
61 31 -4468.5807990960001916
65 31 131420.9613014000060502
66 31 -0.0000000002328306
8 32 -139452.8806410999968648
9 32 -0.0000000011641532
10 32 3557442.9851549998857081
12 32 -176826.2526530000031926
20 32 -6986193.5062570003792644
22 32 -14845661.2007999997586012
24 32 31437870.7781599983572960
32 32 13666051.9966199994087219
33 32 0.0000000074505806
34 32 12610295.8842900004237890
35 32 0.0000000001233323
36 32 -26269948.3156399987637997
62 32 -95345.2611058100010268
63 32 -0.0000000074505806
64 32 -2804104.1291220001876354
65 32 -0.0000000002319760
66 32 -120897.7910821999976179
9 33 -3842414.7393180001527071
11 33 0.0000000000285604
12 33 0.0000000000055979
19 33 -13946541.1059200000017881
21 33 -9800964.3797340001910925
23 33 -14467939.8587200008332729
31 33 28589822.6503099985420704
32 33 0.0000000074505806
33 33 25357680.4397200010716915
34 33 35876473.5605800002813339
35 33 -1415527.1070189999882132
36 33 -0.0000000002328306
62 33 -0.0000000084983185
63 33 -3332879.9727980000898242
64 33 -0.0000002384185791
65 33 0.0000000000246776
66 33 0.0000000002328306
8 34 0.0000001043081284
9 34 -19212073.6965899989008904
10 34 -0.0000009536743164
11 34 0.0000000001428020
12 34 0.0000001192092896
20 34 14845661.2007999997586012
22 34 -347816770.3400999903678894
24 34 733697862.6404000520706177
32 34 12610295.8842900004237890
33 34 35876473.5605800002813339
34 34 708356643.6434999704360962
35 34 -0.0000000030262612
36 34 -1113891254.9249999523162842
62 34 -0.0000000149011612
63 34 -16664399.8639899995177984
64 34 -0.0000004768371582
65 34 0.0000000000000000
66 34 0.0000000004295152
7 35 0.0000000027939677
8 35 0.0000000001086437
9 35 0.0000000000509519
11 35 0.0000001192092896
12 35 0.0000000111758709
19 35 -6832082.7110620001330972
21 35 14467939.8587200008332729
23 35 14065878.2361600007861853
31 35 653940.6752589000388980
32 35 0.0000000001233323
33 35 -1415527.1070189999882132
34 35 -0.0000000030262612
35 35 288972531.8521000146865845
36 35 0.0000000151339918
62 35 -0.0000000002328306
63 35 0.0000000000246776
64 35 -0.0000000069709371
65 35 0.0000000000573843
66 35 -0.0000000002328306
7 36 34122.6159953300011693
8 36 -176826.2526530000031926
10 36 4510837.7051769997924566
11 36 870467.9340407999698073
12 36 -280703.3402652000077069
20 36 -31437870.7781599983572960
22 36 733697862.6404000520706177
24 36 -1555061456.0899999141693115
31 36 -56465.5199908099966706
32 36 -26269948.3156399987637997
33 36 -0.0000000002328306
34 36 -1113891254.9249999523162842
35 36 0.0000000151339918
36 36 2361064195.8270001411437988
61 36 22342.9039954799991392
62 36 -120897.7910821999976179
63 36 0.0000000002319760
64 36 -3555604.0357269998639822
65 36 -657104.8065072000026703
66 36 -202295.3389086000097450
37 37 78742533.0973100066184998
41 37 -38343649.6189899966120720
42 37 0.0000019073486328
49 37 -78311378.6392599940299988
54 37 293667669.8971999883651733
73 37 -431154.4580522999749519
77 37 4727608.6325430003926158
38 38 64005668.9986499994993210
39 38 0.0000012633154684
40 38 21039313.5345299988985062
50 38 -62775638.2201299965381622
51 38 -0.0000012516975403
52 38 -0.0000046835012406
74 38 -1230030.7785219999495894
76 38 -13487287.4865000005811453
38 39 0.0000012633154684
39 39 11689922.4806200005114079
40 39 0.0000006430975964
50 39 -0.0000012633154684
51 39 -0.0000000120896135
52 39 -0.0000000000000000
75 39 -11689922.4806200005114079
38 40 21039313.5345299988985062
39 40 0.0000006430975964
40 40 391683939.4014000296592712
50 40 -34526601.0210200026631355
51 40 -0.0000006430975964
52 40 -0.0000025759256823
74 40 13487287.4865000005811453
76 40 -76918094.2609400004148483
37 41 -38343649.6189899966120720
41 41 97611324.0229199975728989
42 41 -0.0000000953674316
49 41 43071258.2515299990773201
53 41 0.0000001383916735
54 41 -161517218.4431999921798706
73 41 -4727608.6325430003926158
77 41 29754325.3270599991083145
37 42 0.0000019073486328
41 42 -0.0000000953674316
42 42 12751992.7040699999779463
49 42 -0.0000019073486328
53 42 -0.0000009536743164
54 42 -12440000.0000100005418062
78 42 -311992.7040584000060335
13 43 -13454027.4279200006276369
15 43 -5895427.9220059998333454
17 43 -2633021.7385539999231696
25 43 -42198698.6429100036621094
29 43 42198698.6429100036621094
30 43 0.0000001192092896
43 43 100772089.4801000058650970
45 43 23873180.2811300009489059
47 43 9324518.4914280008524656
48 43 21099349.3214499987661839
79 43 -45119363.4092999994754791
81 43 -17977752.3591200001537800
83 43 11957540.2299799993634224
14 44 -1994190.5156489999499172
16 44 15315383.1601800005882978
18 44 -34060774.0072799995541573
26 44 -34470473.3384499996900558
27 44 0.0000000133280037
28 44 -34470473.3384499996900558
44 44 45062533.4236499965190887
45 44 -0.0000000133280037
46 44 -4674663.5890239998698235
48 44 10390211.6672900002449751
80 44 -8597869.5695489998906851
82 44 -19990046.7492100000381470
84 44 44450985.6745700016617775
13 45 -5895427.9220059998333454
15 45 -2993712.9436949999071658
17 45 5855730.6373039996251464
26 45 0.0000000596046448
27 45 -0.0000000266560075
28 45 0.0000000462766410
43 45 23873180.2811300009489059
44 45 -0.0000000133280037
45 45 16221513.5789000000804663
46 45 -0.0000000000000000
47 45 -20733724.4117200002074242
79 45 -17977752.3591200001537800
81 45 -13227800.6351999994367361
83 45 -26589455.0490299984812737
14 46 -15315383.1601800005882978
16 46 -35582870.2650500014424324
18 46 76861842.7669399976730347
26 46 -0.0000000306159305
27 46 0.0000000000000000
28 46 -0.0000000306159305
44 46 -4674663.5890239998698235
45 46 -0.0000000000000000
46 46 823545768.9812999963760376
48 46 -1821583356.7939999103546143
80 46 19990046.7492100000381470
82 46 -459764895.9919999837875366
84 46 1014850941.8890000581741333
13 47 2633021.7385530001483858
15 47 -5855730.6373039996251464
17 47 73548764.6187800019979477
29 47 -0.0000000133280037
43 47 9324518.4914280008524656
45 47 -20733724.4117200002074242
47 47 486435808.0376999974250793
79 47 -11957540.2299799993634224
81 47 26589455.0490199998021126
83 47 11027927.0943100005388260
14 48 34060774.0072799995541573
16 48 76861842.7669399976730347
18 48 -171959577.4041999876499176
25 48 -21099349.3214499987661839
29 48 21099349.3214499987661839
30 48 -6842000.0000000000000000
43 48 21099349.3214499987661839
44 48 10390211.6672900002449751
46 48 -1821583356.7939999103546143
48 48 4072546199.0879998207092285
80 48 -44450985.6745700016617775
82 48 1014850941.8890000581741333
84 48 -2260055715.0590000152587891
19 49 -12114704.7058400008827448
21 49 -5565240.1733740000054240
23 49 -1968067.1251799999736249
37 49 -78311378.6392599940299988
41 49 43071258.2515299990773201
42 49 -0.0000019073486328
49 49 119345882.0034999996423721
51 49 18044171.4919500015676022
53 49 4191077.5500050000846386
54 49 -293667669.8971999883651733
85 49 -28919798.6584200002253056
87 49 -12478931.3185699991881847
89 49 6159144.6751840002834797
20 50 -2238573.2010759999975562
22 50 12703902.9161099996417761
24 50 -26862878.4129199981689453
38 50 -62775638.2201299965381622
39 50 -0.0000012633154684
40 50 -34526601.0210200026631355
50 50 71152864.1979199945926666
51 50 0.0000012633154684
52 50 -2059557.0118929999880493
54 50 4321477.6928049996495247
86 50 -6138652.7767169997096062
88 50 -14763459.9280099999159575
90 50 31184356.1057199984788895
19 51 -5565240.1733740000054240
21 51 -2978690.8011869997717440
23 51 4161551.6303349998779595
38 51 -0.0000012516975403
39 51 -0.0000000120896135
40 51 -0.0000006430975964
49 51 18044171.4919500015676022
50 51 0.0000012633154684
51 51 11447506.2340799998492002
52 51 0.0000000000000000
53 51 -8848200.9475970007479191
85 51 -12478931.3185699991881847
87 51 -8468815.4328949991613626
89 51 -13009752.5779299996793270
20 52 -12703902.9161099996417761
22 52 -70469502.1778399944305420
24 52 147941523.3815000057220459
38 52 -0.0000046835012406
39 52 -0.0000000000000000
40 52 -0.0000025759256823
50 52 -2059557.0118929999880493
51 52 0.0000000000000000
52 52 587454179.2323999404907227
54 52 -1237756539.1540000438690186
86 52 14763459.9280099999159575
88 52 -301783136.7028999924659729
90 52 634924592.9169000387191772
19 53 1968067.1251799999736249
21 53 -4161551.6303349998779595
23 53 36529734.6030300036072731
41 53 0.0000001383916735
42 53 -0.0000009536743164
49 53 4191077.5500050000846386
51 53 -8848200.9475970007479191
53 53 224633417.7262000143527985
54 53 0.0000009536743164
85 53 -6159144.6751840002834797
87 53 13009752.5779299996793270
89 53 22856220.7490499988198280
20 54 26862878.4129199981689453
22 54 147941523.3815000057220459
24 54 -313333380.9293000102043152
37 54 293667669.8971999883651733
41 54 -161517218.4431999921798706
42 54 -12440000.0000100005418062
49 54 -293667669.8971999883651733
50 54 4321477.6928049996495247
52 54 -1237756539.1540000438690186
53 54 0.0000009536743164
54 54 3730892820.7659997940063477
86 54 -31184356.1057199984788895
88 54 634924592.9169000387191772
90 54 -1342323537.7780001163482666
25 55 -102245.2504074000025867
29 55 -1906362.6938469999004155
55 55 579970.1538122999481857
59 55 4648022.9808689998462796
60 55 -0.0000000018626451
85 55 -477724.9034048999892548
89 55 0.0000001192092896
90 55 -358293.6775535999913700
26 56 -511308.0395878999843262
28 56 9533338.3981170002371073
56 56 2260433.6732230000197887
58 56 -14464665.2953600008040667
86 56 -1749125.6336350000929087
88 56 0.0000001192092896
27 57 -6874765.3526410004124045
57 57 25559896.5479700006544590
58 57 0.0000000074505806
86 57 -0.0000000018626451
87 57 -18685131.1953300014138222
88 57 14013848.3965000007301569
26 58 -9533338.3981170002371073
28 58 45542068.4205600023269653
56 58 -14464665.2953600008040667
57 58 0.0000000074505806
58 58 639208731.1197999715805054
86 58 23998003.6934799998998642
87 58 -0.0000000074505806
88 58 -0.0000019073486328
25 59 1906362.6938469999004155
29 59 22556736.3420299999415874
55 59 4648022.9808689998462796
59 59 138457699.9686000049114227
60 59 -0.0000000160653144
85 59 -6554385.6747150002047420
89 59 0.0000019073486328
90 59 -4915789.2560360003262758
30 60 -183480.8259587000065949
55 60 -0.0000000018626451
59 60 -0.0000000160653144
60 60 682168.8726059000473469
85 60 0.0000000018626451
89 60 0.0000000340491533
90 60 -498688.0466472000116482
31 61 -4468.5807990960001916
36 61 22342.9039954799991392
61 61 8883.2703201460008131
65 61 -1055.1797448580000491
66 61 0.0000000003492460
91 61 -4414.6895210490001773
95 61 0.0000000018626451
96 61 22073.4476052499994694
32 62 -95345.2611058100010268
33 62 -0.0000000084983185
34 62 -0.0000000149011612
35 62 -0.0000000002328306
36 62 -120897.7910821999976179
62 62 189643.6649345000041649
63 62 0.0000000037252903
64 62 19472.2640601700004481
65 62 0.0000000001147651
66 62 240468.1671370000112802
92 62 -94298.4038287199946353
93 62 0.0000000037252903
94 62 0.0000000745058060
95 62 0.0000000001172110
96 62 -119570.3760547999991104
32 63 -0.0000000074505806
33 63 -3332879.9727980000898242
34 63 -16664399.8639899995177984
35 63 0.0000000000246776
36 63 0.0000000002319760
62 63 0.0000000037252903
63 63 6652216.2410000003874302
64 63 0.0000002384185791
65 63 -0.0000000000297646
92 63 -0.0000000023865141
93 63 -3319336.2682019998319447
94 63 -16596681.3410100005567074
95 63 0.0000000000050870
96 63 -0.0000000002328306
32 64 -2804104.1291220001876354
33 64 -0.0000002384185791
34 64 -0.0000004768371582
35 64 -0.0000000069709371
36 64 -3555604.0357269998639822
62 64 19472.2640601700004481
63 64 0.0000002384185791
64 64 164698881.4128000140190125
65 64 0.0000000106710936
66 64 24690.8308282500001951
92 64 2784631.8650620002299547
94 64 -0.0000014305114746
95 64 -0.0000000037252903
96 64 3530913.2048990000039339
31 65 131420.9613014000060502
32 65 -0.0000000002319760
33 65 0.0000000000246776
34 65 0.0000000000000000
35 65 0.0000000000573843
36 65 -657104.8065072000026703
61 65 -1055.1797448580000491
62 65 0.0000000001147651
63 65 -0.0000000000297646
64 65 0.0000000106710936
65 65 7714792.0012419996783137
66 65 -0.0000000040535815
91 65 -130365.7815566000062972
92 65 0.0000000002328306
93 65 0.0000000000050870
94 65 0.0000000031756338
95 65 0.0000000447034836
96 65 651828.9077829000307247
31 66 -0.0000000002328306
32 66 -120897.7910821999976179
33 66 0.0000000002328306
34 66 0.0000000004295152
35 66 -0.0000000002328306
36 66 -202295.3389086000097450
61 66 0.0000000003492460
62 66 240468.1671370000112802
64 66 24690.8308282500001951
65 66 -0.0000000040535815
66 66 402708.4084585999953561
91 66 -0.0000000001164153
92 66 -119570.3760547999991104
93 66 -0.0000000001172110
94 66 0.0000000447034836
95 66 -0.0000000040128361
96 66 -200413.0695499999856111
67 67 5728740.5283319996669888
68 67 101263.8067589999991469
69 67 5244932.1041010003536940
70 67 27615843.9334999993443489
71 67 -26585.0061068100003467
72 67 -2762229.3925979998894036
97 67 -5181204.9215569999068975
98 67 -101263.8067589999991469
99 67 493931.5575566000188701
100 67 -6270.2587438050004494
101 67 -26368.9728491800015036
102 67 -126850.0006213000015123
67 68 101263.8067589999991469
68 68 575554276.0578000545501709
69 68 -9674.8859960839999985
70 68 850840.1955151000292972
71 68 5305.1575991350000550
72 68 6178277.2505599996075034
97 68 -101263.8067589999991469
98 68 -256978.7605003000062425
99 68 9674.8859960839999985
100 68 334436.1548153000185266
101 68 -5305.1575991350000550
102 68 6227615.2162319999188185
67 69 5244932.1041010003536940
68 69 -9674.8859960839999985
69 69 60209107.3783600032329559
70 69 289632092.3891000151634216
71 69 -277115.5031439000158571
72 69 -27621149.0910999998450279
97 69 493931.5575566000188701
98 69 9674.8859960839999985
99 69 -58578.8656060499997693
100 69 6293.0455385799996293
101 69 -277136.1432641000137664
102 69 11575.4163429399995948
67 70 27615843.9334999993443489
68 70 850840.1955151000292972
69 70 289632092.3891000151634216
70 70 5557953241.1529998779296875
71 70 -162815.0830622999928892
72 70 -375663978.1212000250816345
97 70 16784.5973834299984446
98 70 -850840.1955151000292972
99 70 -7297.6001856789998783
100 70 294305.4750881000072695
101 70 -114310.7401416999928188
102 70 15039004.2858300004154444
67 71 -26585.0061068100003467
68 71 5305.1575991350000550
69 71 -277115.5031439000158571
70 71 -162815.0830622999928892
71 71 22846586.1715399995446205
72 71 145889.5472641999949701
97 71 26585.0061068100003467
98 71 -5305.1575991350000550
99 71 277115.5031439000158571
100 71 -89631.4372456499986583
101 71 4469651.0502789998427033
102 71 138897.4791925000026822
67 72 -2762229.3925979998894036
68 72 6178277.2505599996075034
69 72 -27621149.0910999998450279
70 72 -375663978.1212000250816345
71 72 145889.5472641999949701
72 72 1588974025.8849999904632568
97 72 125845.4459742000035476
98 72 -6178277.2505599996075034
99 72 -11479.4397843000006105
100 72 2352296.0276130000129342
101 72 -119412.5577861000056146
102 72 90477982.5144799947738647
37 73 -431154.4580522999749519
41 73 -4727608.6325430003926158
73 73 8086913.6620549997314811
77 73 172850.9979614999901969
78 73 -61186514.4230799973011017
121 73 -457345.7424643000122160
125 73 4900459.6305050002411008
127 73 -7198413.4615380000323057
132 73 61186514.4230799973011017
38 74 -1230030.7785219999495894
40 74 13487287.4865000005811453
74 74 2708961.3861819999292493
75 74 -0.0000000063477048
76 74 -134655.7143043999967631
77 74 0.0000000825201625
78 74 2699241.9396719997748733
122 74 -1271296.6123009999282658
124 74 -13621943.2007999997586012
128 74 -207633.9953593999962322
129 74 0.0000000063477048
130 74 0.0000000539554908
131 74 0.0000000825201625
132 74 2699241.9396719997748733
39 75 -11689922.4806200005114079
74 75 -0.0000000063477048
75 75 24047960.8288999982178211
76 75 3360638.1395430001430213
77 75 -5139799.5075369998812675
78 75 -0.0000000825201625
123 75 -11962669.1553899999707937
128 75 0.0000000063477048
129 75 -395369.1928874999866821
130 75 -3360638.1395430001430213
131 75 -5139799.5075369998812675
132 75 -0.0000000825201625
38 76 -13487287.4865000005811453
40 76 -76918094.2609400004148483
74 76 -134655.7143043999967631
75 76 3360638.1395430001430213
76 76 793770184.3338999748229980
77 76 -43688295.8140600025653839
78 76 -0.0000007014213810
122 76 13621943.2007999997586012
124 76 -84092208.5147500038146973
128 76 0.0000000539554908
129 76 -3360638.1395430001430213
130 76 -45065424.1861200034618378
131 76 -43688295.8140600025653839
132 76 -0.0000007014213810
37 77 4727608.6325430003926158
41 77 29754325.3270599991083145
73 77 172850.9979614999901969
74 77 0.0000000825201625
75 77 -5139799.5075369998812675
76 77 -43688295.8140600025653839
77 77 247758989.4255999922752380
78 77 0.0000015803041241
121 77 -4900459.6305050002411008
125 77 29909264.8848600015044212
128 77 -0.0000000825201625
129 77 5139799.5075369998812675
130 77 43688295.8140600025653839
131 77 34905514.7518299967050552
132 77 0.0000005652201003
42 78 -311992.7040584000060335
73 78 -61186514.4230799973011017
74 78 2699241.9396719997748733
75 78 -0.0000000825201625
76 78 -0.0000007014213810
77 78 0.0000015803041241
78 78 572707960.2568000555038452
126 78 -319272.0485300999716856
127 78 61186514.4230799973011017
128 78 -2699241.9396719997748733
129 78 0.0000000825201625
130 78 0.0000007014213810
131 78 0.0000005652201003
132 78 -501896405.0727000236511230
43 79 -45119363.4092999994754791
45 79 -17977752.3591200001537800
47 79 -11957540.2299799993634224
79 79 58712791.3347299993038177
81 79 23919262.5970499999821186
83 79 -8619475.7983330003917217
84 79 278069.9370062000234611
109 79 -13567858.2760499995201826
111 79 -5941510.2379289995878935
113 79 2670057.3415990001522005
139 79 -25569.6493798900010006
143 79 668007.0900494999950752
144 79 -284462.3493511999840848
44 80 -8597869.5695489998906851
46 80 19990046.7492100000381470
48 80 -44450985.6745700016617775
80 80 10642809.2280999999493361
81 80 16182.5875801399997727
82 80 3767118.1951210000552237
84 80 -10244169.3605700004845858
110 80 -2019292.5805190000683069
112 80 -15376913.0006600003689528
114 80 34206816.3140000030398369
140 80 -25647.0780285900000308
141 80 -16182.5875801399997727
142 80 -489998.6266679000109434
43 81 -17977752.3591200001537800
45 81 -13227800.6351999994367361
47 81 26589455.0490199998021126
79 81 23919262.5970499999821186
80 81 16182.5875801399997727
81 81 19657036.0868400000035763
82 81 -37481838.7837499976158142
83 81 20649760.8445999994874001
109 81 -5941510.2379289995878935
111 81 -3021504.9980080001987517
113 81 -5939694.2044219998642802
140 81 -16182.5875801399997727
141 81 -3407730.4536299998871982
142 81 37488231.1960999965667725
44 82 -19990046.7492100000381470
46 82 -459764895.9919999837875366
48 82 1014850941.8890000581741333
80 82 3767118.1951210000552237
81 82 -37481838.7837499976158142
82 82 1260270346.6610000133514404
84 82 -1823233116.0079998970031738
110 82 15376913.0006499998271465
112 82 -37314291.9400700032711029
114 82 80715278.2698599994182587
140 82 846015.5534310999792069
141 82 37481838.7837499976158142
142 82 -401213203.3740000128746033
43 83 11957540.2299799993634224
45 83 -26589455.0490299984812737
47 83 11027927.0943100005388260
79 83 -8619475.7983330003917217
81 83 20649760.8445999994874001
83 83 511318779.2673000097274780
84 83 7259472.8881839998066425
109 83 -2670057.3415979999117553
111 83 5939694.2044230001047254
113 83 73874197.9167699962854385
139 83 -668007.0900494999950752
143 83 11121806.4114599991589785
144 83 -7426474.6606970001012087
44 84 44450985.6745700016617775
46 84 1014850941.8890000581741333
48 84 -2260055715.0590000152587891
79 84 278069.9370062000234611
80 84 -10244169.3605700004845858
82 84 -1823233116.0079998970031738
83 84 7259472.8881839998066425
84 84 4067479232.0040001869201660
110 84 -34206816.3140000030398369
112 84 80715278.2698599994182587
114 84 -180586255.7136999964714050
139 84 -278069.9370062000234611
143 84 7269681.3203919995576143
144 84 -8356650.1216609999537468
49 85 -28919798.6584200002253056
51 85 -12478931.3185699991881847
53 85 -6159144.6751840002834797
55 85 -477724.9034048999892548
59 85 -6554385.6747150002047420
60 85 0.0000000018626451
85 85 57822101.6485100015997887
87 85 24750444.6731799989938736
89 85 -104775.2966082000057213
90 85 358293.6775535999913700
139 85 -28424578.0866799987852573
141 85 -12271513.3546099998056889
143 85 6054369.3785749999806285
50 86 -6138652.7767169997096062
52 86 14763459.9280099999159575
54 86 -31184356.1057199984788895
56 86 -1749125.6336350000929087
57 86 -0.0000000018626451
58 86 23998003.6934799998998642
86 86 13913251.0484299995005131
88 86 31179.3278982599986193
90 86 -32662.5668345699996280
140 86 -6025472.6380829997360706
142 86 -14732280.6001099999994040
144 86 31151693.5388900004327297
49 87 -12478931.3185699991881847
51 87 -8468815.4328949991613626
53 87 13009752.5779299996793270
57 87 -18685131.1953300014138222
58 87 -0.0000000074505806
85 87 24750444.6731799989938736
87 87 35433623.9635699987411499
88 87 -14013848.3965000007301569
89 87 207670.9062578000011854
139 87 -12271513.3546099998056889
141 87 -8279677.3353380002081394
143 87 -12802081.6716699991375208
50 88 -14763459.9280099999159575
52 88 -301783136.7028999924659729
54 88 634924592.9169000387191772
56 88 0.0000001192092896
57 88 14013848.3965000007301569
58 88 -0.0000019073486328
86 88 31179.3278982599986193
87 88 -14013848.3965000007301569
88 88 750233520.4749000072479248
90 88 -1558316283.6159999370574951
140 88 14732280.6001099999994040
142 88 -294886903.0863000154495239
144 88 621063156.4250999689102173
49 89 6159144.6751840002834797
51 89 -13009752.5779299996793270
53 89 22856220.7490499988198280
55 89 0.0000001192092896
59 89 0.0000019073486328
60 89 0.0000000340491533
85 89 -104775.2966082000057213
87 89 207670.9062578000011854
89 89 276984764.5824000239372253
90 89 -0.0000000894069672
139 89 -6054369.3785760002210736
141 89 12802081.6716699991375208
143 89 23942977.4943300001323223
50 90 31184356.1057199984788895
52 90 634924592.9169000387191772
54 90 -1342323537.7780001163482666
55 90 -358293.6775535999913700
59 90 -4915789.2560360003262758
60 90 -498688.0466472000116482
85 90 358293.6775535999913700
86 90 -32662.5668345699996280
88 90 -1558316283.6159999370574951
89 90 -0.0000000894069672
90 90 3296455907.9029998779296875
140 90 -31151693.5388900004327297
142 90 621063156.4250999689102173
144 90 -1314423392.5929999351501465
61 91 -4414.6895210490001773
65 91 -130365.7815566000062972
66 91 -0.0000000001164153
91 91 44370263.0028899982571602
93 91 20331600.8682999983429909
95 91 -7839783.9693310000002384
96 91 -43195.1042335500023910
133 91 -9454390.1134070008993149
135 91 -4469096.9661149997264147
137 91 1942292.9169119999278337
169 91 -4224.3313256600004024
173 91 126603.2098300000070594
174 91 -0.0000000003492460
62 92 -94298.4038287199946353
63 92 -0.0000000023865141
64 92 2784631.8650620002299547
65 92 0.0000000002328306
66 92 -119570.3760547999991104
92 92 7991665.6352329999208450
93 92 -0.0000000037252903
94 92 16421598.8887300007045269
95 92 0.0000000000024066
96 92 -33566162.2592500001192093
134 92 -1429821.1710149999707937
136 92 -11445718.4739699997007847
138 92 23592049.3217500001192093
170 92 -90585.5654904499970144
172 92 -2714849.3977490002289414
173 92 -0.0000000001196176
174 92 -114862.4970419000019319
62 93 0.0000000037252903
63 93 -3319336.2682019998319447
65 93 0.0000000000050870
66 93 -0.0000000001172110
91 93 20331600.8682999983429909
92 93 -0.0000000037252903
93 93 18941352.7624600008130074
94 93 32949701.0273599997162819
95 93 16142676.8022700008004904
96 93 0.0000000001164153
133 93 -4469096.9661149997264147
135 93 -2410824.1322289998643100
137 93 -4003476.9680240000598133
170 93 -0.0000000036670826
171 93 -3270603.9372700001113117
172 93 -0.0000001192092896
173 93 -0.0000000000095499
174 93 0.0000000001164153
62 94 0.0000000745058060
63 94 -16596681.3410100005567074
64 94 -0.0000014305114746
65 94 0.0000000031756338
66 94 0.0000000447034836
92 94 16421598.8887300007045269
93 94 32949701.0273599997162819
94 94 500068449.8686000108718872
95 94 0.0000000002386156
96 94 -687380326.5951999425888062
134 94 11445718.4739699997007847
136 94 -29190579.0304800011217594
138 94 59401443.0868199989199638
171 94 -16353019.6863499991595745
172 94 -0.0000004768371582
173 94 0.0000000000000000
174 94 0.0000000004080736
61 95 0.0000000018626451
62 95 0.0000000001172110
63 95 0.0000000000050870
64 95 -0.0000000037252903
65 95 0.0000000447034836
66 95 -0.0000000040128361
91 95 -7839783.9693310000002384
92 95 0.0000000000024066
93 95 16142676.8022700008004904
94 95 0.0000000002386156
95 95 337373615.9251999855041504
96 95 0.0000000114087015
133 95 -1942292.9169109999202192
135 95 4003476.9680249998345971
137 95 49900293.5448699966073036
170 95 -0.0000000001164153
171 95 -0.0000000000095499
172 95 -0.0000000034412179
173 95 -0.0000000000096073
174 95 -0.0000000002328306
61 96 22073.4476052499994694
62 96 -119570.3760547999991104
63 96 -0.0000000002328306
64 96 3530913.2048990000039339
65 96 651828.9077829000307247
66 96 -200413.0695499999856111
91 96 -43195.1042335500023910
92 96 -33566162.2592500001192093
93 96 0.0000000001164153
94 96 -687380326.5951999425888062
95 96 0.0000000114087015
96 96 1418752477.8559999465942383
134 96 -23592049.3217500001192093
136 96 59401443.0868199989199638
138 96 -122810830.9362999945878983
169 96 21121.6566282999992836
170 96 -114862.4970419000019319
171 96 0.0000000001196176
172 96 -3442429.0363460001535714
173 96 -633016.0491501999786124
174 96 -193727.0609971999947447
67 97 -5181204.9215569999068975
68 97 -101263.8067589999991469
69 97 493931.5575566000188701
70 97 16784.5973834299984446
71 97 26585.0061068100003467
72 97 125845.4459742000035476
97 97 10363746.2375600002706051
98 97 202572.6286332999879960
99 97 -987028.9049937999807298
100 97 -10503.5978505700004462
101 97 -176.5480268681000098
102 97 924.7062015863999704
181 97 -5182541.3159999996423721
182 97 -101308.8218743000034010
183 97 493097.3474372000200674
184 97 -6250.5573460309997245
185 97 -26329.2590748100010387
186 97 -126928.7491773999936413
67 98 -101263.8067589999991469
68 98 -256978.7605003000062425
69 98 9674.8859960839999985
70 98 -850840.1955151000292972
71 98 -5305.1575991350000550
72 98 -6178277.2505599996075034
97 98 202572.6286332999879960
98 98 514110.2825716999941505
99 98 -19335.2422126199999184
100 98 515638.6840324000222608
101 98 10614.6497025099997700
102 98 -46895.7385319199966034
181 98 -101308.8218743000034010
182 98 -257131.5220713999879081
183 98 9660.3562165389994334
184 98 333355.0673474000068381
185 98 -5309.4921033749997150
186 98 6229991.5644199997186661
67 99 493931.5575566000188701
68 99 9674.8859960839999985
69 99 -58578.8656060499997693
70 99 -7297.6001856789998783
71 99 277115.5031439000158571
72 99 -11479.4397843000006105
97 99 -987028.9049937999807298
98 99 -19335.2422126199999184
99 99 116993.8503160999971442
100 99 1004.1477729360000239
101 99 -104.2777972333000065
102 99 -111.0518519367000039
181 99 493097.3474372000200674
182 99 9660.3562165389994334
183 99 -58414.9847100300030434
184 99 6293.7385537620002651
185 99 -277261.0428196000284515
186 99 11560.0494493999995029
67 100 -6270.2587438050004494
68 100 334436.1548153000185266
69 100 6293.0455385799996293
70 100 294305.4750881000072695
71 100 -89631.4372456499986583
72 100 2352296.0276130000129342
97 100 -10503.5978505700004462
98 100 515638.6840324000222608
99 100 1004.1477729360000239
100 100 4927789.4088300000876188
101 100 -350403.3646030999952927
102 100 40286789.9299999997019768
181 100 16773.8565943700014031
182 100 -850074.8388477000407875
183 100 -7297.1933115159999943
184 100 290970.7270776000223123
185 100 -114341.7532957999937935
186 100 15025607.4709200002253056
67 101 -26368.9728491800015036
68 101 -5305.1575991350000550
69 101 -277136.1432641000137664
70 101 -114310.7401416999928188
71 101 4469651.0502789998427033
72 101 -119412.5577861000056146
97 101 -176.5480268681000098
98 101 10614.6497025099997700
99 101 -104.2777972333000065
100 101 -350403.3646030999952927
101 101 18284311.2561400011181831
102 101 33522.8733735400019214
181 101 26545.5208760399982566
182 101 -5309.4921033729997362
183 101 277240.4210612999740988
184 101 -89695.3990569699963089
185 101 4470559.6157029997557402
186 101 138962.0435383000003640
67 102 -126850.0006213000015123
68 102 6227615.2162319999188185
69 102 11575.4163429399995948
70 102 15039004.2858300004154444
71 102 138897.4791925000026822
72 102 90477982.5144799947738647
97 102 924.7062015863999704
98 102 -46895.7385319199966034
99 102 -111.0518519367000039
100 102 40286789.9299999997019768
101 102 33522.8733735400019214
102 102 423136619.6832000017166138
181 102 125925.2944197000033455
182 102 -6180719.4776999996975064
183 102 -11464.3644910000002710
184 102 2334194.6970219998620450
185 102 -119505.9731124999962049
186 102 90490015.4563100039958954
103 103 38812589.2324599996209145
105 103 20029011.5477100014686584
107 103 -930090.6533701999578625
108 103 -19297.9124762499995995
175 103 -3962.6103647340000862
179 103 -121335.1293681999959517
180 103 0.0000000005820766
187 103 -16082295.9427799992263317
