1224 1224 56126
1 1 4359.8041830046004179
2 1 4316.1577378915999361
3 1 107.1177015215399990
4 1 227.5179710577700121
5 1 4314.9707660711001154
18 1 -1558.6856019374999960
19 1 199.5930675670799985
20 1 1588.9907564883999385
21 1 -4955.2115151874995718
22 1 -1491.0514523166000345
23 1 8046.1522293920997981
24 1 5610.5758748033003940
25 1 172.2831221913399986
26 1 1590.1871714023000095
27 1 -2348.3364325678999194
1 2 4316.1577378915999361
2 2 62366.0222882599991863
3 2 -4308.6858956449996185
4 2 -188.7406515156999944
5 2 -5635.5726923508000255
18 2 1582.2255408355999862
19 2 -686.8844555266000498
20 2 -16330.5972579530007351
21 2 -994.1464375120000341
22 2 -1586.0925277433000247
23 2 69.1668460694520064
24 2 -69.4449645702830054
25 2 -542.8066798897799572
26 2 1681.3218120777999047
27 2 14069.2524523949996365
1 3 107.1177015215399990
2 3 -4308.6858956449996185
3 3 9754.9841290003005270
4 3 -17905.8347471570014022
5 3 -52.6837282399060030
6 3 55.4959771798069994
7 3 1011.3504347952999751
8 3 4241.3854479042001913
18 3 -1488.6692036202000509
19 3 -6.7632349400417997
20 3 -1582.6776311599999190
21 3 -2372.1911169280001559
22 3 -3336.8715246329998081
23 3 19346.3429506290012796
24 3 2819.0571986395998465
25 3 635.0849623338999663
26 3 -37.1564995024959970
27 3 -9914.0385263662992656
28 3 -2264.9584615507001217
29 3 12132.5327335260008113
30 3 11541.7647282950001681
31 3 306.6664723894800204
32 3 1560.1678616803999375
33 3 -2331.2145446773001822
1 4 227.5179710577700121
2 4 -188.7406515156999944
3 4 -17905.8347471570014022
4 4 286598.3267516099731438
5 4 171.8620847296699878
6 4 1719.6417475262001062
7 4 -14637.2469934809996630
8 4 359.6810559861900174
18 4 5613.6979766402000678
19 4 -0.2983410736139000
20 4 -69.3675597973019933
21 4 -103.8985166204799953
22 4 2807.8048725356002251
23 4 -331.3378312602300184
24 4 -47388.6742150819991366
25 4 47.7658055527359977
26 4 62.0326875785300018
27 4 -636.7357611380699609
28 4 7465.4439470526003788
29 4 -68350.0258324659953360
30 4 -103431.1775645900052041
31 4 26.0069989618590007
32 4 132.4116739326499896
33 4 -197.6567365285399944
1 5 4314.9707660711001154
2 5 -5635.5726923508000255
3 5 -52.6837282399060030
4 5 171.8620847296699878
5 5 124893.8032697900052881
6 5 -4226.7853042985998400
7 5 -432.5830985405099796
8 5 -5528.0907424539000203
18 5 1583.4198287317999529
19 5 441.9344467725999834
20 5 1707.9232316145000823
21 5 -13979.5997983859997476
22 5 -54.1232155845790004
23 5 2.2360778844458999
24 5 60.7071335062920028
25 5 -1442.2308324369000729
26 5 -33482.3624388550015283
27 5 334.1208214880500122
28 5 -1551.8131873974000428
29 5 67.5346890462540017
30 5 -158.7313593733099992
31 5 -1363.1440158672999132
32 5 1820.0096819975999551
33 5 14097.9015798399996129
3 6 55.4959771798069994
4 6 1719.6417475262001062
5 6 -4226.7853042985998400
6 6 10833.9365425020005205
7 6 -26647.4510897600011958
8 6 -55.9129777842030009
9 6 153.2473461126400025
10 6 753.6244751919499549
11 6 4149.0581050167002104
22 6 -2256.6438446181000472
23 6 -554.1444471260899718
24 6 7440.3405295344000479
25 6 135.9866061643000137
26 6 -1541.3438513913999941
27 6 -2397.5385308103000170
28 6 -3679.6859614885997871
29 6 20202.3401172970006883
30 6 4588.2718202855003256
31 6 954.6638973392699654
32 6 -31.5990711866909990
33 6 -9952.5259396690998983
34 6 -2393.3707990631000939
35 6 12607.0445722999993450
36 6 12128.0476677049991849
37 6 318.1796681924499808
38 6 1531.6262778846999026
39 6 -2340.2326108962997750
3 7 1011.3504347952999751
4 7 -14637.2469934809996630
5 7 -432.5830985405099796
6 7 -26647.4510897600011958
7 7 284963.0433671100181527
8 7 -58.0119065221280010
9 7 1396.4087113508001039
10 7 -10929.0385894520004513
11 7 372.4367230333700149
22 7 11512.7075640069997462
23 7 67264.5978550190047827
24 7 -103047.3971467700030189
25 7 13.9098510419749992
26 7 -157.8477639138799873
27 7 -245.3362298966700052
28 7 4548.1009865705000266
29 7 -750.6949221125399845
30 7 -51893.7167775580019224
31 7 91.2579419873709980
32 7 -22.3915199540019998
33 7 -956.0855683693099536
34 7 8069.9894682455997099
35 7 -68476.8528754610015312
36 7 -104337.0420279999962077
37 7 28.5621915650200009
38 7 137.5970822503500131
39 7 -210.0333830424200130
3 8 4241.3854479042001913
4 8 359.6810559861900174
5 8 -5528.0907424539000203
6 8 -55.9129777842030009
7 8 -58.0119065221280010
8 8 125235.0212938100012252
9 8 -4123.7147444740003266
10 8 -442.8912490820999892
11 8 -5494.9213605691002158
22 8 1546.6117875330999141
23 8 -67.7519285013540014
24 8 131.0686512573400080
25 8 1256.9208948550999594
26 8 1899.4797730652001064
27 8 -13846.1120567830002983
28 8 -73.2832223652589931
29 8 3.0033344931990000
30 8 -26.2660625815780016
31 8 -1617.1203186509999341
32 8 -35503.4260493909969227
33 8 561.1596556726400422
34 8 -1516.0185550521000550
35 8 65.9588883361419960
36 8 -162.7332835178200128
37 8 -1432.3468705387999762
38 8 1958.6661159488000976
39 8 14134.7000769320002291
6 9 153.2473461126400025
7 9 1396.4087113508001039
8 9 -4123.7147444740003266
9 9 10651.0214693159996386
10 9 -25307.0552378450011020
11 9 -64.8458761679359981
12 9 316.9537094470300076
13 9 229.9947734758499962
14 9 4038.0105328363001718
28 9 -2368.9140651419002097
29 9 -761.1816221739100001
30 9 7984.9987812928002313
31 9 152.9502033272499943
32 9 -1487.3937740394999310
33 9 -2427.7499623865001013
34 9 -3851.3779262437001307
35 9 21080.4377375490003033
36 9 4917.5831365941003241
37 9 916.6942147070800502
38 9 -10.4814254852609992
39 9 -10043.7299003549996996
40 9 -2162.7015419090998876
41 9 11793.1963513110003987
42 9 10768.6004083909992914
43 9 284.9405051783600129
44 9 1497.8554784395998922
45 9 -2367.6489965392001977
6 10 753.6244751919499549
7 10 -10929.0385894520004513
8 10 -442.8912490820999892
9 10 -25307.0552378450011020
10 10 284656.5198718300089240
11 10 -137.2693552752400024
12 10 785.6100769214799584
13 10 -6078.1443993484999737
14 10 303.5764744250300282
28 10 12028.8430058659996575
29 10 67080.4974233450047905
30 10 -103300.1800258599978406
31 10 16.4193257794340006
32 10 -159.8538307135100069
33 10 -260.7089025465199938
34 10 4822.1070442850996187
35 10 -1381.7904957874000047
36 10 -58235.7403249540002435
37 10 84.2132409671529985
38 10 -49.1725902071960022
39 10 -917.1898893705000546
40 10 6709.9667699081001047
41 10 -68671.5174597809964325
42 10 -106033.6487030400021467
43 10 21.4234327561329998
44 10 112.7038841676800018
45 10 -177.9723837120600081
6 11 4149.0581050167002104
7 11 372.4367230333700149
8 11 -5494.9213605691002158
9 11 -64.8458761679359981
10 11 -137.2693552752400024
11 11 125602.9859155699959956
12 11 -4000.1351233966997825
13 11 -370.9641306554599964
14 11 -5460.4153794396997910
28 11 1500.3894653182999264
29 11 -65.7487919171829986
30 11 134.5889433599500080
31 11 1333.1139713666000262
32 11 2173.9576933141001973
33 11 -13796.0243410040002345
34 11 -93.4303374696250017
35 11 3.8842740878208000
36 11 -56.3203428288660035
37 11 -1763.9336174033999214
38 11 -38190.2373346009990200
39 11 684.1949764281799844
40 11 -1473.3581961646000309
41 11 64.1298327216530026
42 11 -136.5635729768100077
43 11 -1222.0378074321999975
44 11 2144.7174209344998417
45 11 14188.8745579320002435
9 12 316.9537094470300076
10 12 785.6100769214799584
11 12 -4000.1351233966997825
12 12 9900.2742782681998506
13 12 -19778.2988051180000184
14 12 -43.8224953839959994
15 12 418.1693423507999796
16 12 -85.1451334406900031
17 12 3939.8815180184001292
34 12 -2122.4048936850999780
35 12 379.8616851625300228
36 12 6577.7525083301998166
37 12 123.7036975752299952
38 12 -1420.8500313941999593
39 12 -2470.9428980894999768
40 12 -3921.6494235822001428
41 12 21892.1917282559988962
42 12 4308.5675041898002746
43 12 726.8677932189100375
44 12 9.6645767140143999
45 12 -10158.7565568139998504
46 12 -1807.3879475388000628
47 12 10173.0459428569993179
48 12 8186.0985376595999696
49 12 225.9365000819499869
50 12 1447.0168951151999863
51 12 -2406.1295177997999417
9 13 229.9947734758499962
10 13 -6078.1443993484999737
11 13 -370.9641306554599964
12 13 -19778.2988051180000184
13 13 284527.3216727200197056
14 13 -172.2005276302199945
15 13 410.0943263348900132
16 13 -2667.6511486886997773
17 13 197.3808196795000072
34 13 10607.1776095759996679
35 13 67071.6332841660041595
36 13 -104151.2524659000046086
37 13 11.4662759664280003
38 13 -131.8556976677299986
39 13 -229.1253487734200007
40 13 4211.8428871407004408
41 13 -1348.1487001038999551
42 13 -64860.5438606390016503
43 13 53.9183535450950018
44 13 -60.6462734876499994
45 13 -726.4746728331000440
46 13 4144.4813580168001863
47 13 -68483.1874900569964666
48 13 -106705.7481316799967317
49 13 11.3207613449809994
50 13 72.5591028072149982
51 13 -120.5259154033399938
9 14 4038.0105328363001718
10 14 303.5764744250300282
11 14 -5460.4153794396997910
12 14 -43.8224953839959994
13 14 -172.2005276302199945
14 14 126126.7085835600009887
15 14 -3918.9030992978000540
16 14 -265.1164154520300258
17 14 -5570.9834858539998095
34 14 1443.5062049466000644
35 14 -63.2311994916610018
36 14 108.4452448355399952
37 14 1146.4166281883999545
38 14 2534.7902177495998330
39 14 -13778.8114947249996476
40 14 -71.6834699379910063
41 14 2.9681816204097000
42 14 -66.9424424252640051
43 14 -1892.8377495105999060
44 14 -41252.0542643649969250
45 14 595.5185905716499519
46 14 -1433.6224383774999751
47 14 62.4515140219260019
48 14 -96.9345918415770029
49 14 -850.6977138354300223
50 14 2413.1465288915001111
51 14 14133.8302953370002797
12 15 418.1693423507999796
13 15 410.0943263348900132
14 15 -3918.9030992978000540
15 15 4595.0968300459999227
16 15 -6406.8457075238002290
17 15 -3909.2438166080000883
40 15 -1790.4452611113999865
41 15 2160.3603280614997857
42 15 4106.0840008117002071
43 15 62.2163112965410008
44 15 -1407.4912017345000095
45 15 -2468.8617695255002218
46 15 -1980.7712493153999276
47 15 11351.6407746000004408
48 15 1918.5338228380999226
49 15 283.8170593905700230
50 15 -1417.1797439609999856
51 15 -5110.5254919504995996
12 16 -85.1451334406900031
13 16 -2667.6511486886997773
14 16 -265.1164154520300258
15 16 -6406.8457075238002290
16 16 142326.1864173299982212
17 16 -264.4205580758600149
40 16 8133.2361037146001763
41 16 67501.1574736829934409
42 16 -105767.5515488999953959
43 16 4.2053978068921003
44 16 -95.2813060157319995
45 16 -167.0041573842800062
46 16 1893.3722967915000481
47 16 -5626.8112409889999981
48 16 -33944.8956486629977007
49 16 19.1975082915699993
50 16 -95.8987044966849993
51 16 -345.7040023249400065
12 17 3939.8815180184001292
13 17 197.3808196795000072
14 17 -5570.9834858539998095
15 17 -3909.2438166080000883
16 17 -264.4205580758600149
17 17 63284.9758115989970975
40 17 1418.1580479977999403
41 17 -62.0636575289629988
42 17 70.9943944658230066
43 17 809.2353419148299736
44 17 2606.8261763491000238
45 17 -13883.0032209140008490
46 17 -1443.3008543234000172
47 17 62.9470314310280017
48 17 -97.6277189142130055
49 17 -1026.0020542059000945
50 17 -21467.4781797079995158
51 17 1311.4647531042999162
1 18 -1558.6856019374999960
2 18 1582.2255408355999862
3 18 -1488.6692036202000509
4 18 5613.6979766402000678
5 18 1583.4198287317999529
18 18 8721.7870986190991971
19 18 0.0300312297199530
20 18 8630.8298871904007683
21 18 0.4669400721322700
22 18 217.0457675953499859
23 18 -8.9840673880535000
24 18 453.3611408070299831
25 18 -0.2307448335500300
26 18 8628.4391396698993049
27 18 -8.0918175508122996
52 18 -1561.3785760570999628
53 18 200.3402387317200066
54 18 1594.2386482961999263
55 18 -4960.8832445309999457
56 18 -1493.3853791776000435
57 18 8064.2415009793003264
58 18 5617.3283675643997412
59 18 172.5795374044000141
60 18 1595.4650480806999440
61 18 -2353.0184906876997957
1 19 199.5930675670799985
2 19 -686.8844555266000498
3 19 -6.7632349400417997
4 19 -0.2983410736139000
5 19 441.9344467725999834
18 19 0.0300312297199530
19 19 270.0917755802299780
20 19 -3.6660412721975999
21 19 -2459.9567933052999251
22 19 0.1374217131251500
23 19 21.8703988230519997
24 19 -0.0030585051997036
25 19 24.9535688943749996
26 19 1.3985003748530001
27 19 -1119.4091964946999269
52 19 -199.5815708775899964
53 19 0.4334234359785400
54 19 686.3062106596900094
55 19 1120.6058415632001015
56 19 6.5862470315332002
57 19 -0.2765744270318200
58 19 0.2820065165920300
59 19 -13.7859411272879999
60 19 -440.9515757916599910
61 19 -124.9765329006000059
1 20 1588.9907564883999385
2 20 -16330.5972579530007351
3 20 -1582.6776311599999190
4 20 -69.3675597973019933
5 20 1707.9232316145000823
18 20 8630.8298871904007683
19 20 -3.6660412721975999
20 20 124752.4633151299931342
21 20 -42.5241575369149984
22 20 -8615.9067944257003546
23 20 0.1533552882410700
24 20 -377.2291700334100142
25 20 2.3360267240541002
26 20 -11251.8916807950008661
27 20 -31.5518134918089999
52 20 1573.9960687052000594
53 20 -689.3081775032700307
54 20 -16365.1802494669991574
55 20 -956.6652722348700308
56 20 -1588.0494773032000921
57 20 69.0855439076290025
58 20 -69.3891999455860002
59 20 -543.6048272220399440
60 20 1665.7625347270000020
61 20 14090.9825595450001856
1 21 -4955.2115151874995718
2 21 -994.1464375120000341
3 21 -2372.1911169280001559
4 21 -103.8985166204799953
5 21 -13979.5997983859997476
18 21 0.4669400721322700
19 21 -2459.9567933052999251
20 21 -42.5241575369149984
21 21 140264.0595926799869630
22 21 -6.9653047514294002
23 21 -206.6215674859300009
24 21 -0.3225617518887700
25 21 -1612.4026515866999034
26 21 -12.1463024155380008
27 21 39089.6297845549997874
52 21 4956.9496935070001200
53 21 1123.6113779100999182
54 21 1068.7069632400000501
55 21 -40866.3012112299984437
56 21 2376.9482678903000306
57 21 -103.7822132117200056
58 21 104.0786549462199986
59 21 1421.2652532994000012
60 21 13948.2658712100001139
61 21 -18570.6150832769999397
1 22 -1491.0514523166000345
2 22 -1586.0925277433000247
3 22 -3336.8715246329998081
4 22 2807.8048725356002251
5 22 -54.1232155845790004
6 22 -2256.6438446181000472
7 22 11512.7075640069997462
8 22 1546.6117875330999141
18 22 217.0457675953499859
19 22 0.1374217131251500
20 22 -8615.9067944257003546
21 22 -6.9653047514294002
22 22 19515.9854097969982831
23 22 -93.5915184651969980
24 22 -35823.9579173110032571
25 22 -0.7231031161945800
26 22 -105.4420052825300047
27 22 4.4090057458669998
28 22 114.5109468124600056
29 22 -41.9366519629840013
30 22 2014.4705533146000107
31 22 -0.3716523941536700
32 22 8481.2386226290000195
33 22 -5.3976550552324998
52 22 -1486.2662599996999688
53 22 -6.3551889924011000
54 22 -1577.8299696807000601
55 22 -2372.9479695548998279
56 22 -3343.2501536683998893
57 22 19402.7802998820006906
58 22 2844.1373965187999602
59 22 636.7761434289900535
60 22 -20.2939225188309997
61 22 -9923.3504357447000075
62 22 -2274.7736477541998283
63 22 12180.6014819529991655
64 22 11587.6558634430002712
65 22 307.7965883985500000
66 22 1572.2230115816998932
67 22 -2337.7235370528001113
1 23 8046.1522293920997981
2 23 69.1668460694520064
3 23 19346.3429506290012796
4 23 -331.3378312602300184
5 23 2.2360778844458999
6 23 -554.1444471260899718
7 23 67264.5978550190047827
8 23 -67.7519285013540014
18 23 -8.9840673880535000
19 23 21.8703988230519997
20 23 0.1533552882410700
21 23 -206.6215674859300009
22 23 -93.5915184651969980
23 23 1054379.3498428999446332
24 23 777.2426459793899767
25 23 55.9786541088169969
26 23 1.5601375134765001
27 23 -867.0219168810300516
28 23 -12.4233193705149993
29 23 203796.0549394300032873
30 23 159.9423494971699995
31 23 4.8898837256738998
32 23 0.7154952437667800
33 23 -205.5954172161299880
52 23 -8039.7497153035001247
53 23 -0.2883811566416600
54 23 -69.1386647588520020
55 23 -103.6039780073299994
56 23 -19291.9879473649998545
57 23 -443851.0085549600189552
58 23 -445.8168564520599944
59 23 27.7783845951319996
60 23 -1.2691731748669000
61 23 -433.1998012839300145
62 23 530.9673919341399824
63 23 -143733.6823462900065351
64 23 -67180.1681478609971236
65 23 13.4105675190839992
66 23 67.9639843575699985
67 23 -102.0828602541400016
1 24 5610.5758748033003940
2 24 -69.4449645702830054
3 24 2819.0571986395998465
4 24 -47388.6742150819991366
5 24 60.7071335062920028
6 24 7440.3405295344000479
7 24 -103047.3971467700030189
8 24 131.0686512573400080
18 24 453.3611408070299831
19 24 -0.0030585051997036
20 24 -377.2291700334100142
21 24 -0.3225617518887700
22 24 -35823.9579173110032571
23 24 777.2426459793899767
24 24 573166.1199235899839550
25 24 0.0038421150342174
26 24 344.4752966921699908
27 24 -0.4706254208285800
28 24 3426.9380689708000318
29 24 421.4666736765100268
30 24 -29149.0958148460013035
31 24 0.0130251220241180
32 24 719.8599887013399439
33 24 -1.1203098987517000
52 24 5626.6615689330001260
53 24 -0.2842933213567800
54 24 -69.1579571248889948
55 24 -103.7910593131500008
56 24 2810.4608855360997950
57 24 -720.2383837263599844
58 24 -47572.5998221429981641
59 24 47.9601050848100030
60 24 63.5895523358990005
61 24 -637.7469731999600526
62 24 7493.7428198461002467
63 24 -68683.1328765009966446
64 24 -103833.8712956600065809
65 24 26.1465417099540005
66 24 133.8576889399699894
67 24 -198.4551018491899868
1 25 172.2831221913399986
2 25 -542.8066798897799572
3 25 635.0849623338999663
4 25 47.7658055527359977
5 25 -1442.2308324369000729
6 25 135.9866061643000137
7 25 13.9098510419749992
8 25 1256.9208948550999594
18 25 -0.2307448335500300
19 25 24.9535688943749996
20 25 2.3360267240541002
21 25 -1612.4026515866999034
22 25 -0.7231031161945800
23 25 55.9786541088169969
24 25 0.0038421150342174
25 25 1651.4826058215001012
26 25 1.9744276568671999
27 25 -18033.2240352510016237
28 25 0.3934846109205000
29 25 33.7552532586289971
30 25 0.0690464719782540
31 25 326.4970464356500202
32 25 4.9067712037867999
33 25 -3483.6292638393001653
52 25 -171.4663886028700119
53 25 -14.0114576183399997
54 25 537.9521688529899848
55 25 1422.9469940844999201
56 25 -634.8904789444300150
57 25 27.7439005997839985
58 25 -47.8391679067409967
59 25 -314.8652014243099870
60 25 1434.2285034884000652
61 25 5293.9068882623996615
62 25 -136.4298099801499973
63 25 5.9850998433884000
64 25 -13.9899307719920003
65 25 -156.5235181498700001
66 25 -1253.2393930282000838
67 25 995.1587664793900103
1 26 1590.1871714023000095
2 26 1681.3218120777999047
3 26 -37.1564995024959970
4 26 62.0326875785300018
5 26 -33482.3624388550015283
6 26 -1541.3438513913999941
7 26 -157.8477639138799873
8 26 1899.4797730652001064
18 26 8628.4391396698993049
19 26 1.3985003748530001
20 26 -11251.8916807950008661
21 26 -12.1463024155380008
22 26 -105.4420052825300047
23 26 1.5601375134765001
24 26 344.4752966921699908
25 26 1.9744276568671999
26 26 249829.2336405400128569
27 26 -156.0406849638700066
28 26 -8452.1205812656007765
29 26 0.4882100259083000
30 26 -865.0772399857499977
31 26 7.4818067221567999
32 26 -11037.6437699769994651
33 26 -65.0824794528739972
52 26 1575.2160717280000881
53 26 445.0151184813399823
54 26 1745.2935345739999775
55 26 -13995.1283962670004257
56 26 -71.0594635537199935
57 26 2.7227823714096999
58 26 59.6175550707430020
59 26 -1450.5466948417999902
60 26 -33551.8923828460028744
61 26 392.7047405661400035
62 26 -1560.8447936120001032
63 26 67.4896539087140042
64 26 -159.4900487539100027
65 26 -1369.4126885785999548
66 26 1751.5817907861999174
67 26 14133.6450372559993411
1 27 -2348.3364325678999194
2 27 14069.2524523949996365
3 27 -9914.0385263662992656
4 27 -636.7357611380699609
5 27 334.1208214880500122
6 27 -2397.5385308103000170
7 27 -245.3362298966700052
8 27 -13846.1120567830002983
18 27 -8.0918175508122996
19 27 -1119.4091964946999269
20 27 -31.5518134918089999
21 27 39089.6297845549997874
22 27 4.4090057458669998
23 27 -867.0219168810300516
24 27 -0.4706254208285800
25 27 -18033.2240352510016237
26 27 -156.0406849638700066
27 27 280897.9418992599821649
28 27 -9.3479795832245003
29 27 -207.6886587544099996
30 27 -1.3081096291626000
31 27 -3995.2890279148000445
32 27 -43.8022524170229985
33 27 40072.8180259380023926
52 27 2345.2878503444999296
53 27 -123.7453005843999989
54 27 -14026.2220608110001194
55 27 -18542.5694064900017111
56 27 9921.3040702480993787
57 27 -433.2394505217499727
58 27 637.9053305783900214
59 27 5294.6861095656004181
60 27 -217.6526931820299922
61 27 -82393.7291607899969677
62 27 2406.3412666920999072
63 27 -105.0596426651299993
64 27 246.4640824883099981
65 27 2544.3810152084997753
66 27 13841.6557628369992017
67 27 -18964.0187245070010249
3 28 -2264.9584615507001217
4 28 7465.4439470526003788
5 28 -1551.8131873974000428
6 28 -3679.6859614885997871
7 28 4548.1009865705000266
8 28 -73.2832223652589931
9 28 -2368.9140651419002097
10 28 12028.8430058659996575
11 28 1500.3894653182999264
22 28 114.5109468124600056
23 28 -12.4233193705149993
24 28 3426.9380689708000318
25 28 0.3934846109205000
26 28 -8452.1205812656007765
27 28 -9.3479795832245003
28 28 21683.4611678209985257
29 28 -259.0110118903700140
30 28 -53353.0440705319997505
31 28 -1.2935998315879000
32 28 -112.1248906897999973
33 28 7.3861760757281001
34 28 309.8302251250599966
35 28 -89.6759419769220045
36 28 1500.1505664032999903
37 28 -1.8819192460673999
38 28 8296.3844493625001633
39 28 0.6591098123753900
56 28 -2249.9110660845999519
57 28 -561.1466701496600535
58 28 7418.7049044854002204
59 28 136.6452193127300063
60 28 -1529.5204181067999798
61 28 -2396.1671725781998248
62 28 -3688.7885838832999070
63 28 20323.5293655530003889
64 28 4657.0854360570001518
65 28 959.3102821047100406
66 28 9.7651127563221998
67 28 -9964.6052762768995308
68 28 -2425.1378134243000204
69 28 12709.8343442030000006
70 28 12272.5827239240006747
71 28 321.2522238736800091
72 28 1561.2897625909999988
73 28 -2351.4225904792001529
3 29 12132.5327335260008113
4 29 -68350.0258324659953360
5 29 67.5346890462540017
6 29 20202.3401172970006883
7 29 -750.6949221125399845
8 29 3.0033344931990000
9 29 -761.1816221739100001
10 29 67080.4974233450047905
11 29 -65.7487919171829986
22 29 -41.9366519629840013
23 29 203796.0549394300032873
24 29 421.4666736765100268
25 29 33.7552532586289971
26 29 0.4882100259083000
27 29 -207.6886587544099996
28 29 -259.0110118903700140
29 29 1075736.4588430998846889
30 29 2217.2642880132998471
31 29 83.8627755298050062
32 29 3.7970706243232000
33 29 -869.7389029848600330
34 29 -67.8004892712630038
35 29 211320.0614904100075364
36 29 655.5809821390399748
37 29 6.4419074886437002
38 29 2.2710046830134001
39 29 -206.8193065944400075
56 29 -12078.1768979600001330
57 29 -143331.1392538399959449
58 29 67682.8426031690032687
59 29 5.9384818923116001
60 29 -67.4305180421790027
61 29 -104.6284797551300016
62 29 -20017.3025704669998959
63 29 -455970.0744460700079799
64 29 -1473.7336277967999649
65 29 41.8611561537570012
66 29 -0.1670390294548300
67 29 -435.0777412996899898
68 29 787.6917676423900048
69 29 -146780.5636634099937510
70 29 -67487.9627162980032153
71 29 13.9961462454600003
72 29 67.4298887037130044
73 29 -102.6854978170400017
3 30 11541.7647282950001681
4 30 -103431.1775645900052041
5 30 -158.7313593733099992
6 30 4588.2718202855003256
7 30 -51893.7167775580019224
8 30 -26.2660625815780016
9 30 7984.9987812928002313
10 30 -103300.1800258599978406
11 30 134.5889433599500080
22 30 2014.4705533146000107
23 30 159.9423494971699995
24 30 -29149.0958148460013035
25 30 0.0690464719782540
26 30 -865.0772399857499977
27 30 -1.3081096291626000
28 30 -53353.0440705319997505
29 30 2217.2642880132998471
30 30 569903.0092858900316060
31 30 0.0396687732575170
32 30 -114.3305574327900018
33 30 -1.9156628392320001
34 30 2782.0430956519999199
35 30 941.7328263041599712
36 30 -21724.5264821620003204
37 30 -0.0977542078337020
38 30 746.4781721856300010
39 30 -1.2702466278615001
56 30 11500.6489212830001634
57 30 67304.4073243860038929
58 30 -102686.4687563100014813
59 30 13.9630919482839992
60 30 -156.8459938199499959
61 30 -245.1362051939300102
62 30 4536.8995775190996937
63 30 -1863.0778502180000942
64 30 -52087.7563080079999054
65 30 91.8719975782140068
66 30 -17.8991563462930010
67 30 -959.0087104772700286
68 30 8186.6537618686998030
69 30 -69071.0650809149956331
70 30 -105393.1129898299986962
71 30 28.9709915168000016
72 30 141.1198415668899884
73 30 -211.9247009341900139
3 31 306.6664723894800204
4 31 26.0069989618590007
5 31 -1363.1440158672999132
6 31 954.6638973392699654
7 31 91.2579419873709980
8 31 -1617.1203186509999341
9 31 152.9502033272499943
10 31 16.4193257794340006
11 31 1333.1139713666000262
22 31 -0.3716523941536700
23 31 4.8898837256738998
24 31 0.0130251220241180
25 31 326.4970464356500202
26 31 7.4818067221567999
27 31 -3995.2890279148000445
28 31 -1.2935998315879000
29 31 83.8627755298050062
30 31 0.0396687732575170
31 31 3121.8815785195001808
32 31 23.9563570102470003
33 31 -27142.8306237840006361
34 31 0.0902393510878030
35 31 34.6207155274849967
36 31 0.1494209830725600
37 31 381.6054864663699959
38 31 13.6311859666749999
39 31 -3835.0821649535000688
56 31 -304.9435697745399807
57 31 13.3420759742880009
58 31 -25.9091953312580010
59 31 -156.5686035386000015
60 31 1349.8678311859000587
61 31 2538.4536445282001296
62 31 -954.2802116024299721
63 31 41.6885648653619967
64 31 -91.5192455921360022
65 31 -712.3835968298300259
66 31 1587.7711321739000141
67 31 8101.3680592135997358
68 31 -153.4705337612199969
69 31 6.7305987216569996
70 31 -16.5542059149249994
71 31 -183.2803009394500009
72 31 -1328.2211688762999984
73 31 1164.0648960118999184
3 32 1560.1678616803999375
4 32 132.4116739326499896
5 32 1820.0096819975999551
6 32 -31.5990711866909990
7 32 -22.3915199540019998
8 32 -35503.4260493909969227
9 32 -1487.3937740394999310
10 32 -159.8538307135100069
11 32 2173.9576933141001973
22 32 8481.2386226290000195
23 32 0.7154952437667800
24 32 719.8599887013399439
25 32 4.9067712037867999
26 32 -11037.6437699769994651
27 32 -43.8022524170229985
28 32 -112.1248906897999973
29 32 3.7970706243232000
30 32 -114.3305574327900018
31 32 23.9563570102470003
32 32 250516.4126912399951834
33 32 -412.8776138018599795
34 32 -8245.8025657122998382
35 32 2.0764711091915000
36 32 -886.7843983737500366
37 32 17.5951089129260012
38 32 -10971.7941330320009001
39 32 -158.8075530887699927
56 32 1531.6640881236000951
57 32 -67.5459660982210011
58 32 129.8333528898999987
59 32 1262.4702760428999682
60 32 1989.1787573888000225
61 32 -13847.7417248359997757
62 32 -114.9455527852800003
63 32 4.4310969813195999
64 32 -29.5312447210129996
65 32 -1636.2675228924999828
66 32 -35577.4956037879965152
67 32 738.3505980610000279
68 32 -1543.1822618056000920
69 32 66.6727964324850007
70 32 -165.8994237247700028
71 32 -1452.8266809524000109
72 32 1755.0354822427000272
73 32 14210.2180455210000218
3 33 -2331.2145446773001822
4 33 -197.6567365285399944
5 33 14097.9015798399996129
6 33 -9952.5259396690998983
7 33 -956.0855683693099536
8 33 561.1596556726400422
9 33 -2427.7499623865001013
10 33 -260.7089025465199938
11 33 -13796.0243410040002345
22 33 -5.3976550552324998
23 33 -205.5954172161299880
24 33 -1.1203098987517000
25 33 -3483.6292638393001653
26 33 -65.0824794528739972
27 33 40072.8180259380023926
28 33 7.3861760757281001
29 33 -869.7389029848600330
30 33 -1.9156628392320001
31 33 -27142.8306237840006361
32 33 -412.8776138018599795
33 33 282999.2168082600110210
34 33 -15.6138247660859992
35 33 -209.9048765699400008
36 33 -2.7029711092890998
37 33 -4380.2034947167003338
38 33 -134.9728596875100095
39 33 41754.3486659580012201
56 33 2324.3639621628999521
57 33 -101.4703420820799948
58 33 197.6161084959300069
59 33 990.4746912097399445
60 33 -14027.2122116949994961
61 33 -18880.8889376650004124
62 33 9953.7869594178991974
63 33 -434.5869197984799825
64 33 959.1686383668900362
65 33 8114.0944827205003094
66 33 -208.9043078467699956
67 33 -84468.1736958700057585
68 33 2446.9425682608998613
69 33 -106.8268824932000030
70 33 263.6717094204000205
71 33 2733.5187145107997821
72 33 13867.4092811280006572
73 33 -19771.8501358809990052
6 34 -2393.3707990631000939
7 34 8069.9894682455997099
8 34 -1516.0185550521000550
9 34 -3851.3779262437001307
10 34 4822.1070442850996187
11 34 -93.4303374696250017
12 34 -2122.4048936850999780
13 34 10607.1776095759996679
14 34 1443.5062049466000644
28 34 309.8302251250599966
29 34 -67.8004892712630038
30 34 2782.0430956519999199
31 34 0.0902393510878030
32 34 -8245.8025657122998382
33 34 -15.6138247660859992
34 34 21333.6358119780015841
35 34 -470.6787059928799977
36 34 -50764.2221277369972086
37 34 -1.3446132954732000
38 34 -130.1135838457300054
39 34 7.1940896937740000
40 34 637.4119955466500187
41 34 -126.0635678622099931
42 34 453.7899334216099874
43 34 -3.6920702939433001
44 34 8074.0024714648998270
45 34 7.7930663086298999
62 34 -2351.8426259235998259
63 34 -769.7886167426099746
64 34 7931.7386047975996917
65 34 154.5650101770800120
66 34 -1457.5441709399999581
67 34 -2420.9563595380000152
68 34 -3864.2778860704002000
69 34 21300.9953291079982591
70 34 5062.2179622963003567
71 34 926.1201151408899932
72 34 71.9247629285529939
73 34 -10056.6327877280000394
74 34 -2216.3075940946000628
75 34 11953.2584302539999044
76 34 11015.8267246390005312
77 34 290.2961938924700007
78 34 1550.6442183885999384
79 34 -2384.5696047258002181
6 35 12607.0445722999993450
7 35 -68476.8528754610015312
8 35 65.9588883361419960
9 35 21080.4377375490003033
10 35 -1381.7904957874000047
11 35 3.8842740878208000
12 35 379.8616851625300228
13 35 67071.6332841660041595
14 35 -63.2311994916610018
28 35 -89.6759419769220045
29 35 211320.0614904100075364
30 35 941.7328263041599712
31 35 34.6207155274849967
32 35 2.0764711091915000
33 35 -209.9048765699400008
34 35 -470.6787059928799977
35 35 1104139.1542891999706626
36 35 4719.5871908347999124
37 35 80.5705744900690064
38 35 7.4475017242056998
39 35 -877.5279243862299836
40 35 -123.2723372433100053
41 35 221473.9984084299940150
42 35 1319.9180103199000769
43 35 4.1107091304805996
44 35 4.3923652940703004
45 35 -209.4240859045600018
62 35 -12500.2767789600002288
63 35 -145687.8801576299883891
64 35 67288.9741088949958794
65 35 6.7207971910474003
66 35 -64.3188283503969984
67 35 -105.7243094775499941
68 35 -20700.5669717249984387
69 35 -472460.4991988199763000
70 35 -3344.7435362064002220
71 35 40.4168385127999983
72 35 2.5494448112421999
73 35 -439.1263689396200220
74 35 -299.9017376909100108
75 35 -150944.1453428799868561
76 35 -68142.4824173950037220
77 35 12.6481949409399999
78 35 67.0557432607200070
79 35 -104.1321751913699956
6 36 12128.0476677049991849
7 36 -104337.0420279999962077
8 36 -162.7332835178200128
9 36 4917.5831365941003241
10 36 -58235.7403249540002435
11 36 -56.3203428288660035
12 36 6577.7525083301998166
13 36 -104151.2524659000046086
14 36 108.4452448355399952
28 36 1500.1505664032999903
29 36 655.5809821390399748
30 36 -21724.5264821620003204
31 36 0.1494209830725600
32 36 -886.7843983737500366
33 36 -2.7029711092890998
34 36 -50764.2221277369972086
35 36 4719.5871908347999124
36 36 569318.4310086499899626
37 36 0.3023418395189300
38 36 -272.4596766482699763
39 36 -5.4907678591444000
40 36 1561.7840446689999681
41 36 1637.8636915326999315
42 36 -12004.9874710500007495
43 36 -0.2110821502084300
44 36 610.2316482349300486
45 36 -1.5866584178448000
62 36 11974.7443094200007181
63 36 66868.1136564369953703
64 36 -102293.3597770899941679
65 36 16.6202512688630009
66 36 -157.2619168890599894
67 36 -260.5818617168400237
68 36 4776.6021215084001597
69 36 -3744.2659866672001954
70 36 -58464.9598480580025353
71 36 85.4470683806300002
72 36 -41.2371526126510020
73 36 -923.0934119213100075
74 36 6914.5605806126995958
75 36 -69614.0501900340022985
76 36 -107946.7785657899949001
77 36 22.0546462780250003
78 36 118.0684427984299987
79 36 -181.0403834205399960
6 37 318.1796681924499808
7 37 28.5621915650200009
8 37 -1432.3468705387999762
9 37 916.6942147070800502
10 37 84.2132409671529985
11 37 -1763.9336174033999214
12 37 123.7036975752299952
13 37 11.4662759664280003
14 37 1146.4166281883999545
28 37 -1.8819192460673999
29 37 6.4419074886437002
30 37 -0.0977542078337020
31 37 381.6054864663699959
32 37 17.5951089129260012
33 37 -4380.2034947167003338
34 37 -1.3446132954732000
35 37 80.5705744900690064
36 37 0.3023418395189300
37 37 3022.3755839908999405
38 37 56.2297826012869990
39 37 -26231.6027886789997865
40 37 -0.7621229301603299
41 37 31.3951415255780013
42 37 0.1824126021554100
43 37 288.3084019530400042
44 37 22.5714394286590014
45 37 -3413.7100861743001587
62 37 -314.4858648782400223
63 37 13.7608633328640000
64 37 -28.3668776781600016
65 37 -182.7717790218800076
66 37 1402.2204366011999355
67 37 2707.1102486004001548
68 37 -916.3312903619599865
69 37 40.0276332063410010
70 37 -84.7915871169399935
71 37 -680.4814198288099760
72 37 1703.8370022598001015
73 37 8015.2345938994003518
74 37 -123.7624262261499979
75 37 5.4293342399510003
76 37 -11.5795134128110000
77 37 -139.9569633362100092
78 37 -1139.0950309794000077
79 37 966.5283231277099958
6 38 1531.6262778846999026
7 38 137.5970822503500131
8 38 1958.6661159488000976
9 38 -10.4814254852609992
10 38 -49.1725902071960022
11 38 -38190.2373346009990200
12 38 -1420.8500313941999593
13 38 -131.8556976677299986
14 38 2534.7902177495998330
28 38 8296.3844493625001633
29 38 2.2710046830134001
30 38 746.4781721856300010
31 38 13.6311859666749999
32 38 -10971.7941330320009001
33 38 -134.9728596875100095
34 38 -130.1135838457300054
35 38 7.4475017242056998
36 38 -272.4596766482699763
37 38 56.2297826012869990
38 38 251264.9131529100122862
39 38 -847.1818446761500354
40 38 -7998.3714878005002902
41 38 4.2627455249502999
42 38 -744.3443792127100096
43 38 28.1286437149610009
44 38 -10903.6327668369995081
45 38 -300.6870839048600033
62 38 1467.8366631730000336
63 38 -64.8010640165820035
64 38 132.0791329496499884
65 38 1344.7965447281999332
66 38 2398.7026532875001976
67 38 -13758.5238024270001915
68 38 -176.2312938640500022
69 38 7.1083485722323996
70 38 -62.7744198191649971
71 38 -1799.5487497171000086
72 38 -38276.6425670210010139
73 38 1061.0271247451000818
74 38 -1524.4857799095000246
75 38 65.9499523242599963
76 38 -142.1447092527400002
77 38 -1260.1285652931001096
78 38 1766.6318767312000091
79 38 14325.6264463339994109
6 39 -2340.2326108962997750
7 39 -210.0333830424200130
8 39 14134.7000769320002291
9 39 -10043.7299003549996996
10 39 -917.1898893705000546
11 39 684.1949764281799844
12 39 -2470.9428980894999768
13 39 -229.1253487734200007
14 39 -13778.8114947249996476
28 39 0.6591098123753900
29 39 -206.8193065944400075
30 39 -1.2702466278615001
31 39 -3835.0821649535000688
32 39 -158.8075530887699927
33 39 41754.3486659580012201
34 39 7.1940896937740000
35 39 -877.5279243862299836
36 39 -5.4907678591444000
37 39 -26231.6027886789997865
38 39 -847.1818446761500354
39 39 287670.0791671599727124
40 39 -23.1711708898949986
41 39 -213.4959588435000057
42 39 -4.0417409902501999
43 39 -3997.7078794689000460
44 39 -273.6871321990499837
45 39 44178.7214838389991201
62 39 2323.7222048634998828
63 39 -101.4460937344699971
64 39 209.7316366552300053
65 39 1151.2570041050000782
66 39 -13984.6287457250000443
67 39 -19547.5779942580011266
68 39 10043.1223853280007461
69 39 -438.4655847432899805
70 39 923.9076637084499453
71 39 8054.3536570412998117
72 39 64.8673186573650042
73 39 -87906.7524627709935885
74 39 2503.3436129648998758
75 39 -109.2864194045999966
76 39 233.9375822257700008
77 39 2564.5379561121999359
78 39 13968.1360211060000438
79 39 -20939.7789895429996250
9 40 -2162.7015419090998876
10 40 6709.9667699081001047
11 40 -1473.3581961646000309
12 40 -3921.6494235822001428
13 40 4211.8428871407004408
14 40 -71.6834699379910063
15 40 -1790.4452611113999865
16 40 8133.2361037146001763
17 40 1418.1580479977999403
34 40 637.4119955466500187
35 40 -123.2723372433100053
36 40 1561.7840446689999681
37 40 -0.7621229301603299
38 40 -7998.3714878005002902
39 40 -23.1711708898949986
40 40 19825.3169228730002942
41 40 -326.5121451859599802
42 40 -39704.7061571009980980
43 40 0.0530964700333240
44 40 -87.2447660211330032
45 40 -8.9695492289901999
46 40 839.2747914455000000
47 40 -48.5976376553879987
48 40 -175.1156387195900095
49 40 -1.6609403055580001
50 40 7878.2897317833003399
51 40 -0.5205022205191200
68 40 -2095.2253709174001415
69 40 361.9317670567099867
70 40 6515.7465110126004220
71 40 126.8611340980300071
72 40 -1367.4025855509999019
73 40 -2457.1758727192000151
74 40 -3933.3532251206002002
75 40 22094.1173778420015879
76 40 4452.4009877619000690
77 40 734.9687625458800539
78 40 90.3749340032519939
79 40 -10157.8954857570006425
80 40 -1828.6986388693001118
81 40 10249.1760150699992664
82 40 8283.8451069734001067
83 40 228.4400865601099895
84 40 1474.4920657805000701
85 40 -2416.2970438667998678
9 41 11793.1963513110003987
10 41 -68671.5174597809964325
11 41 64.1298327216530026
12 41 21892.1917282559988962
13 41 -1348.1487001038999551
14 41 2.9681816204097000
15 41 2160.3603280614997857
16 41 67501.1574736829934409
17 41 -62.0636575289629988
34 41 -126.0635678622099931
35 41 221473.9984084299940150
36 41 1637.8636915326999315
37 41 31.3951415255780013
38 41 4.2627455249502999
39 41 -213.4959588435000057
40 41 -326.5121451859599802
41 41 1134021.7521152000408620
42 41 4710.7030196641999282
43 41 63.7265276941170029
44 41 7.3118303091351002
45 41 -886.3531882169299934
46 41 -38.7793391083829988
47 41 228739.1769084499974269
48 41 576.7580167255899823
49 41 -0.6559959331253400
50 41 2.2807018506582999
51 41 -211.7447759017900069
68 41 -11649.3360357450001175
69 41 -148962.9109967100084759
70 41 66791.4402475209935801
71 41 5.5162339404826000
72 41 -60.2770877758850006
73 41 -107.3150460398500030
74 41 -21560.4424098339986813
75 41 -489937.8553826599963941
76 41 -3353.2429210243999478
77 41 32.0755973104510019
78 41 3.4625709412890000
79 41 -443.5550976461800019
80 41 -2151.7538605974000347
81 41 -153143.2125781500071753
82 41 -67846.3776340689946664
83 41 9.9546934244688998
84 41 63.9311108224720002
85 41 -105.5019746754399961
9 42 10768.6004083909992914
10 42 -106033.6487030400021467
11 42 -136.5635729768100077
12 42 4308.5675041898002746
13 42 -64860.5438606390016503
14 42 -66.9424424252640051
15 42 4106.0840008117002071
16 42 -105767.5515488999953959
17 42 70.9943944658230066
34 42 453.7899334216099874
35 42 1319.9180103199000769
36 42 -12004.9874710500007495
37 42 0.1824126021554100
38 42 -744.3443792127100096
39 42 -4.0417409902501999
40 42 -39704.7061571009980980
41 42 4710.7030196641999282
42 42 569073.1112882000161335
43 42 0.5020636040704900
44 42 -345.2500812956699860
45 42 -6.8406212119315999
46 42 812.9428322492100278
47 42 916.9077206392499875
48 42 -5212.2081794176001495
49 42 -0.0700279656170700
50 42 396.3234442974900276
51 42 -1.2222188745300000
68 42 10528.9107061630002136
69 42 66520.1770883300050627
70 42 -102319.5119987100042636
71 42 11.8296645797500002
72 42 -127.9611625526899985
73 42 -229.3891288703100031
74 42 4163.0498775953001314
75 42 -3697.4166835297000944
76 42 -65078.8056525369975134
77 42 54.8961149819789966
78 42 -54.6522147101799973
79 42 -731.1118898274399953
80 42 4213.8839645248999659
81 42 -69057.7350240090017905
82 42 -107668.8837708100036252
83 42 11.5416155714740007
84 42 74.6616114810500022
85 42 -121.9739478547100049
9 43 284.9405051783600129
10 43 21.4234327561329998
11 43 -1222.0378074321999975
12 43 726.8677932189100375
13 43 53.9183535450950018
14 43 -1892.8377495105999060
15 43 62.2163112965410008
16 43 4.2053978068921003
17 43 809.2353419148299736
34 43 -3.6920702939433001
35 43 4.1107091304805996
36 43 -0.2110821502084300
37 43 288.3084019530400042
38 43 28.1286437149610009
39 43 -3997.7078794689000460
40 43 0.0530964700333240
41 43 63.7265276941170029
42 43 0.5020636040704900
43 43 2212.7820859072999156
44 43 69.7058617034929995
45 43 -20934.2481181410003046
46 43 -0.4942449536465600
47 43 25.7272863694890006
48 43 0.0554995206439340
49 43 135.5401519645199926
50 43 8.5489448469433995
51 43 -2391.2866686585998650
68 43 -279.2014698143399869
69 43 12.2167167418940004
70 43 -21.2124788091779983
71 43 -139.8486425331799978
72 43 1172.5234494020000966
73 43 2516.1663260538998657
74 43 -728.7027605925300122
75 43 31.8311575324379987
76 43 -54.5609810991049997
77 43 -430.7528679373600085
