420 420 7252
1 1 925.9585593179999705
5 1 -21.9217553870999993
7 1 -752.4924182390000169
2 2 942.4977918460000410
4 2 20.6886300642000016
8 2 -717.2243190330000289
3 3 0.4947939337710000
9 3 0.2473969668850000
2 4 20.6886300642000016
4 4 2.0567457153499999
5 4 0.0000000000000004
6 4 0.0021085483953000
7 4 -0.0723200682145000
8 4 -34.2884736880999981
9 4 1.7009050123000000
10 4 0.0660597856878000
12 4 -0.0021085483953000
13 4 -0.0723200682144000
15 4 -1.0818715666400001
46 4 0.1208030226450000
47 4 -0.0000000000000004
48 4 -0.0000000000000002
49 4 -0.0000000000000000
50 4 0.0000000000000408
51 4 -0.0000000000000817
1 5 -21.9217553870999993
4 5 0.0000000000000004
5 5 2.0433718285600002
6 5 0.0001030782924050
7 5 33.0553483651999969
8 5 -0.0142244720989000
9 5 9.1027003381299991
11 5 0.0836868943942000
46 5 -0.0000000000000004
47 5 0.0932659193866000
48 5 -0.0001030782924040
49 5 -0.0000000000000411
50 5 -0.0142244720988000
51 5 -5.3936623792800003
4 6 0.0021085483953000
5 6 0.0001030782924050
6 6 1.9168959810799999
7 6 -1.5928590018700000
8 6 -9.0814490105400001
9 6 0.0865445403133000
10 6 -0.0021085483953000
12 6 0.0692099519906000
13 6 1.1899175770699999
15 6 0.0723200682144000
46 6 -0.0000000000000002
47 6 -0.0001030782924050
48 6 0.0934199181111000
49 6 0.0000000000000822
50 6 5.4149137068700002
51 6 0.0142244720989000
1 7 -752.4924182390000169
4 7 -0.0723200682145000
5 7 33.0553483651999969
6 7 -1.5928590018700000
7 7 948.5738020720000350
8 7 0.0000000000060295
9 7 0.7602233462620001
10 7 0.0723200682144000
12 7 -1.1899175770699999
13 7 -17.7587747207000000
15 7 -0.8589695212210000
46 7 0.0000000000000000
47 7 0.0000000000000411
48 7 -0.0000000000000822
49 7 0.0020231574180800
50 7 -0.0000000000045571
51 7 -0.0000000000022786
2 8 -717.2243190330000289
4 8 -34.2884736880999981
5 8 -0.0142244720989000
6 8 -9.0814490105400001
7 8 0.0000000000060295
8 8 1340.2383226899999045
9 8 0.0826669698408000
14 8 0.0041518449549000
46 8 -0.0000000000000408
47 8 0.0142244720989000
48 8 -5.4149137068700002
49 8 -0.0000000000045571
50 8 -300.1691786740000225
51 8 -0.9234394616250000
3 9 0.2473969668850000
4 9 1.7009050123000000
5 9 9.1027003381299991
6 9 0.0865445403133000
7 9 0.7602233462620001
8 9 0.0826669698408000
9 9 419.5789413919999902
10 9 1.0818715666400001
12 9 -0.0723200682144000
13 9 -0.8589695212210000
15 9 -16.4754762927999998
46 9 0.0000000000000817
47 9 5.3936623792800003
48 9 -0.0142244720989000
49 9 -0.0000000000022786
50 9 -0.9234394616270000
51 9 -298.7895623079999723
4 10 0.0660597856878000
6 10 -0.0021085483953000
7 10 0.0723200682144000
9 10 1.0818715666400001
10 10 0.8362076348090000
11 10 0.0000000000000004
12 10 0.0042170967906000
13 10 0.0000000000000071
14 10 -0.0000000000001328
15 10 -0.0000000000001721
16 10 0.0660597856878000
18 10 -0.0021085483953000
19 10 -0.0723200682144000
21 10 -1.0818715666400001
52 10 0.2331029199100000
53 10 -0.0000000000000004
54 10 -0.0000000000000004
55 10 0.0000000000000000
56 10 0.0000000000000792
57 10 -0.0000000000000786
5 11 0.0836868943942000
10 11 0.0000000000000004
11 11 0.8538625018450000
12 11 0.0005465046473850
13 11 0.0000000000001326
14 11 -0.0543663490601000
15 11 17.5446353819000009
17 11 0.0836868943942000
52 11 -0.0000000000000004
53 11 0.1801938354610000
54 11 -0.0005465046473840
55 11 -0.0000000000000794
56 11 -0.0543663490600000
57 11 -10.4277150072999998
4 12 -0.0021085483953000
6 12 0.0692099519906000
7 12 -1.1899175770699999
9 12 -0.0723200682144000
10 12 0.0042170967906000
11 12 0.0005465046473850
12 12 0.8819999100050000
13 12 0.0000000000001523
14 12 -17.4634121853000011
15 12 0.0543663490600000
16 12 -0.0021085483953000
18 12 0.0692099519906000
19 12 1.1899175770699999
21 12 0.0723200682144000
52 12 -0.0000000000000004
53 12 -0.0005465046473830
54 12 0.1810103121080000
55 12 0.0000000000000801
56 12 10.5089382037999997
57 12 0.0543663490600000
4 13 -0.0723200682144000
6 13 1.1899175770699999
7 13 -17.7587747207000000
9 13 -0.8589695212210000
10 13 0.0000000000000071
11 13 0.0000000000001326
12 13 0.0000000000001523
13 13 45.2429763044999973
14 13 0.0000000000057956
15 13 1.5204466925200000
16 13 0.0723200682144000
18 13 -1.1899175770699999
19 13 -17.7587747207000000
21 13 -0.8589695212210000
52 13 -0.0000000000000000
53 13 0.0000000000000794
54 13 -0.0000000000000801
55 13 0.0102917138224000
56 13 -0.0000000000044342
57 13 -0.0000000000044002
8 14 0.0041518449549000
10 14 -0.0000000000001328
11 14 -0.0543663490601000
12 14 -17.4634121853000011
13 14 0.0000000000057956
14 14 765.5330021729999999
15 14 -0.8160349439840000
20 14 0.0041518449549000
52 14 -0.0000000000000792
53 14 0.0543663490600000
54 14 -10.5089382037999997
55 14 -0.0000000000044342
56 14 -582.0447538939999959
57 14 -2.9971458980399999
4 15 -1.0818715666400001
6 15 0.0723200682144000
7 15 -0.8589695212210000
9 15 -16.4754762927999998
10 15 -0.0000000000001721
11 15 17.5446353819000009
12 15 0.0543663490600000
13 15 1.5204466925200000
14 15 -0.8160349439840000
15 15 809.6863981879999983
16 15 1.0818715666400001
18 15 -0.0723200682144000
19 15 -0.8589695212210000
21 15 -16.4754762927999998
52 15 0.0000000000000786
53 15 10.4277150072999998
54 15 -0.0543663490600000
55 15 -0.0000000000044002
56 15 -2.9971458980299999
57 15 -577.5670250289999785
10 16 0.0660597856878000
12 16 -0.0021085483953000
13 16 0.0723200682144000
15 16 1.0818715666400001
16 16 0.8362076348090000
17 16 0.0000000000000004
18 16 0.0042170967906000
19 16 0.0000000000000036
20 16 -0.0000000000001328
21 16 0.0000000000001902
22 16 0.0660597856878000
24 16 -0.0021085483953000
25 16 -0.0723200682144000
27 16 -1.0818715666400001
58 16 0.2331029199100000
59 16 -0.0000000000000004
60 16 -0.0000000000000004
61 16 0.0000000000000000
62 16 0.0000000000000792
63 16 -0.0000000000000786
11 17 0.0836868943942000
16 17 0.0000000000000004
17 17 0.8538625018450000
18 17 0.0005465046473860
19 17 0.0000000000001326
20 17 -0.0543663490601000
21 17 17.5446353819000009
23 17 0.0836868943942000
58 17 -0.0000000000000004
59 17 0.1801938354610000
60 17 -0.0005465046473840
61 17 -0.0000000000000794
62 17 -0.0543663490600000
63 17 -10.4277150072999998
10 18 -0.0021085483953000
12 18 0.0692099519906000
13 18 -1.1899175770699999
15 18 -0.0723200682144000
16 18 0.0042170967906000
17 18 0.0005465046473860
18 18 0.8819999100050000
19 18 -0.0000000000001888
20 18 -17.4634121853000011
21 18 0.0543663490601000
22 18 -0.0021085483953000
24 18 0.0692099519906000
25 18 1.1899175770699999
27 18 0.0723200682144000
58 18 -0.0000000000000004
59 18 -0.0005465046473840
60 18 0.1810103121080000
61 18 0.0000000000000801
62 18 10.5089382037999997
63 18 0.0543663490600000
10 19 -0.0723200682144000
12 19 1.1899175770699999
13 19 -17.7587747207000000
15 19 -0.8589695212210000
16 19 0.0000000000000036
17 19 0.0000000000001326
18 19 -0.0000000000001888
19 19 45.2429763044999973
20 19 0.0000000000057956
21 19 1.5204466925200000
22 19 0.0723200682144000
24 19 -1.1899175770699999
25 19 -17.7587747207000000
27 19 -0.8589695212210000
58 19 -0.0000000000000000
59 19 0.0000000000000794
60 19 -0.0000000000000801
61 19 0.0102917138224000
62 19 -0.0000000000044342
63 19 -0.0000000000044002
14 20 0.0041518449549000
16 20 -0.0000000000001328
17 20 -0.0543663490601000
18 20 -17.4634121853000011
19 20 0.0000000000057956
20 20 765.5330021729999999
21 20 -0.8160349439840000
26 20 0.0041518449549000
58 20 -0.0000000000000792
59 20 0.0543663490600000
60 20 -10.5089382037999997
61 20 -0.0000000000044342
62 20 -582.0447538939999959
63 20 -2.9971458980299999
10 21 -1.0818715666400001
12 21 0.0723200682144000
13 21 -0.8589695212210000
15 21 -16.4754762927999998
16 21 0.0000000000001902
17 21 17.5446353819000009
18 21 0.0543663490601000
19 21 1.5204466925200000
20 21 -0.8160349439840000
21 21 809.6863981879999983
22 21 1.0818715666400001
24 21 -0.0723200682144000
25 21 -0.8589695212210000
27 21 -16.4754762927999998
58 21 0.0000000000000786
59 21 10.4277150072999998
60 21 -0.0543663490600000
61 21 -0.0000000000044002
62 21 -2.9971458980299999
63 21 -577.5670250289999785
16 22 0.0660597856878000
18 22 -0.0021085483953000
19 22 0.0723200682144000
21 22 1.0818715666400001
22 22 0.8362076348090000
23 22 0.0000000000000003
24 22 0.0042170967906000
25 22 0.0000000000000000
26 22 -0.0000000000001988
27 22 0.0000000000001217
28 22 0.0660597856878000
30 22 -0.0021085483953000
31 22 -0.0723200682144000
33 22 -1.0818715666400001
64 22 0.2331029199100000
65 22 -0.0000000000000003
66 22 -0.0000000000000006
67 22 0.0000000000000000
68 22 0.0000000000001192
69 22 -0.0000000000000587
17 23 0.0836868943942000
22 23 0.0000000000000003
23 23 0.8538625018450000
24 23 0.0005465046473850
25 23 0.0000000000001992
26 23 -0.0543663490601000
27 23 17.5446353819000009
29 23 0.0836868943942000
64 23 -0.0000000000000003
65 23 0.1801938354610000
66 23 -0.0005465046473840
67 23 -0.0000000000001189
68 23 -0.0543663490600000
69 23 -10.4277150072999998
16 24 -0.0021085483953000
18 24 0.0692099519906000
19 24 -1.1899175770699999
21 24 -0.0723200682144000
22 24 0.0042170967906000
23 24 0.0005465046473850
24 24 0.8819999100050000
25 24 -0.0000000000001200
26 24 -17.4634121853000011
27 24 0.0543663490600000
28 24 -0.0021085483953000
30 24 0.0692099519906000
31 24 1.1899175770699999
33 24 0.0723200682144000
64 24 -0.0000000000000006
65 24 -0.0005465046473830
66 24 0.1810103121080000
67 24 0.0000000000000604
68 24 10.5089382037999997
69 24 0.0543663490600000
16 25 -0.0723200682144000
18 25 1.1899175770699999
19 25 -17.7587747207000000
21 25 -0.8589695212210000
22 25 0.0000000000000000
23 25 0.0000000000001992
24 25 -0.0000000000001200
25 25 45.2429763044999973
26 25 0.0000000000043421
27 25 1.5204466925300000
28 25 0.0723200682144000
30 25 -1.1899175770699999
31 25 -17.7587747207000000
33 25 -0.8589695212210000
64 25 -0.0000000000000000
65 25 0.0000000000001189
66 25 -0.0000000000000604
67 25 0.0102917138224000
68 25 -0.0000000000033427
69 25 -0.0000000000065833
20 26 0.0041518449549000
22 26 -0.0000000000001988
23 26 -0.0543663490601000
24 26 -17.4634121853000011
25 26 0.0000000000043421
26 26 765.5330021729999999
27 26 -0.8160349439840000
32 26 0.0041518449549000
64 26 -0.0000000000001192
65 26 0.0543663490600000
66 26 -10.5089382037999997
67 26 -0.0000000000033427
68 26 -582.0447538939999959
69 26 -2.9971458980399999
16 27 -1.0818715666400001
18 27 0.0723200682144000
19 27 -0.8589695212210000
21 27 -16.4754762927999998
22 27 0.0000000000001217
23 27 17.5446353819000009
24 27 0.0543663490600000
25 27 1.5204466925300000
26 27 -0.8160349439840000
27 27 809.6863981879999983
28 27 1.0818715666400001
30 27 -0.0723200682144000
31 27 -0.8589695212210000
33 27 -16.4754762927999998
64 27 0.0000000000000587
65 27 10.4277150072999998
66 27 -0.0543663490600000
67 27 -0.0000000000065833
68 27 -2.9971458980299999
69 27 -577.5670250289999785
22 28 0.0660597856878000
24 28 -0.0021085483953000
25 28 0.0723200682144000
27 28 1.0818715666400001
28 28 0.8179418074460000
29 28 0.0000000000000002
30 28 0.0042994901205300
31 28 0.0044602479692400
32 28 -0.0000000000001325
33 28 -0.3220865762390000
34 28 0.0598539941129000
36 28 -0.0021909417252300
37 28 -0.0678598202452000
39 28 -0.8879064812920000
70 28 0.2331029199100000
71 28 -0.0000000000000002
72 28 -0.0000000000000004
73 28 0.0000000000000000
74 28 0.0000000000000795
75 28 -0.0000000000000292
23 29 0.0836868943942000
28 29 0.0000000000000002
29 29 0.8375480892190000
30 29 0.0005465046473860
31 29 0.0000000000001328
32 29 -0.0543663490601000
33 29 17.5446353819000009
35 29 0.0755296880814000
70 29 -0.0000000000000002
71 29 0.1801938354610000
72 29 -0.0005465046473840
73 29 -0.0000000000000792
74 29 -0.0543663490600000
75 29 -10.4277150072999998
22 30 -0.0021085483953000
24 30 0.0692099519906000
25 30 -1.1899175770699999
27 30 -0.0723200682144000
28 30 0.0042994901205300
29 30 0.0005465046473860
30 30 0.8636109872020000
31 30 0.3154229763490000
32 30 -17.4634121853000011
33 30 0.0499061010908000
34 30 -0.0021909417252300
36 30 0.0631272558553000
37 30 0.9892888918310000
39 30 0.0678598202452000
70 30 -0.0000000000000004
71 30 -0.0005465046473840
72 30 0.1810103121080000
73 30 0.0000000000000303
74 30 10.5089382037999997
75 30 0.0543663490600000
22 31 -0.0723200682144000
24 31 1.1899175770699999
25 31 -17.7587747207000000
27 31 -0.8589695212210000
28 31 0.0044602479692400
29 31 0.0000000000001328
30 31 0.3154229763490000
31 31 39.7730796255000030
32 31 0.0000000000021695
33 31 1.5831656701500001
34 31 0.0678598202452000
36 31 -0.9892888918310000
37 31 -13.0987922709000006
39 31 -0.6384230799750000
70 31 -0.0000000000000000
71 31 0.0000000000000792
72 31 -0.0000000000000303
73 31 0.0102917138224000
74 31 -0.0000000000016770
75 31 -0.0000000000043860
26 32 0.0041518449549000
28 32 -0.0000000000001325
29 32 -0.0543663490601000
30 32 -17.4634121853000011
31 32 0.0000000000021695
32 32 765.5321927879999748
33 32 -0.8160349439840000
38 32 0.0037471524863700
70 32 -0.0000000000000795
71 32 0.0543663490600000
72 32 -10.5089382037999997
73 32 -0.0000000000016770
74 32 -582.0447538939999959
75 32 -2.9971458980299999
22 33 -1.0818715666400001
24 33 0.0723200682144000
25 33 -0.8589695212210000
27 33 -16.4754762927999998
28 33 -0.3220865762390000
29 33 17.5446353819000009
30 33 0.0499061010908000
31 33 1.5831656701500001
32 33 -0.8160349439840000
33 33 804.1227995049999890
34 33 0.8879064812920000
36 33 -0.0678598202452000
37 33 -0.6384230799750000
39 33 -12.1449897033000003
70 33 0.0000000000000292
71 33 10.4277150072999998
72 33 -0.0543663490600000
73 33 -0.0000000000043860
74 33 -2.9971458980299999
75 33 -577.5670250289999785
28 34 0.0598539941129000
30 34 -0.0021909417252300
31 34 0.0678598202452000
33 34 0.8879064812920000
34 34 2.0384798879899999
35 34 0.0000000000000000
36 34 0.0021909417252300
37 34 0.0678598202452000
38 34 -34.2884736880999981
39 34 -1.3788184360600000
41 34 20.6886300642000016
76 34 0.1208030226450000
77 34 -0.0000000000000000
78 34 -0.0000000000000002
79 34 0.0000000000000000
80 34 0.0000000000000410
81 34 0.0000000000000001
29 35 0.0755296880814000
34 35 0.0000000000000000
35 35 2.0270574159399999
36 35 0.0001030782924050
37 35 33.0553483651999969
38 35 -0.0142244720989000
39 35 9.1027003381299991
40 35 -21.9217553870999993
76 35 -0.0000000000000000
77 35 0.0932659193866000
78 35 -0.0001030782924050
79 35 -0.0000000000000409
80 35 -0.0142244720988000
81 35 -5.3936623792800003
28 36 -0.0021909417252300
30 36 0.0631272558553000
31 36 -0.9892888918310000
33 36 -0.0678598202452000
34 36 0.0021909417252300
35 36 0.0001030782924050
36 36 1.8985070582700001
37 36 1.2774360255199999
38 36 -9.0814490105400001
39 36 -0.0536353481463000
76 36 -0.0000000000000002
77 36 -0.0001030782924050
78 36 0.0934199181111000
79 36 0.0000000000000001
80 36 5.4149137068700002
81 36 0.0142244720989000
28 37 -0.0678598202452000
30 37 0.9892888918310000
31 37 -13.0987922709000006
33 37 -0.6384230799750000
34 37 0.0678598202452000
35 37 33.0553483651999969
36 37 1.2774360255199999
37 37 943.1039053929999909
38 37 0.0000000000000006
39 37 0.8229423238910000
40 37 -752.4924182390000169
76 37 -0.0000000000000000
77 37 0.0000000000000409
78 37 -0.0000000000000001
79 37 0.0020231574180800
80 37 -0.0000000000000070
81 37 -0.0000000000022646
32 38 0.0037471524863700
34 38 -34.2884736880999981
35 38 -0.0142244720989000
36 38 -9.0814490105400001
37 38 0.0000000000000006
38 38 1340.2375133099999402
39 38 0.0826669698417000
41 38 -717.2243190330000289
76 38 -0.0000000000000410
77 38 0.0142244720989000
78 38 -5.4149137068700002
79 38 -0.0000000000000070
80 38 -300.1691786740000225
81 38 -0.9234394616260000
28 39 -0.8879064812920000
30 39 0.0678598202452000
31 39 -0.6384230799750000
33 39 -12.1449897033000003
34 39 -1.3788184360600000
35 39 9.1027003381299991
36 39 -0.0536353481463000
37 39 0.8229423238910000
38 39 0.0826669698417000
39 39 414.0153427089999809
42 39 0.2473969668850000
76 39 -0.0000000000000001
77 39 5.3936623792800003
78 39 -0.0142244720988000
79 39 -0.0000000000022646
80 39 -0.9234394616270000
81 39 -298.7895623079999723
35 40 -21.9217553870999993
37 40 -752.4924182390000169
40 40 925.9585593179999705
34 41 20.6886300642000016
38 41 -717.2243190330000289
41 41 942.4977918460000410
39 42 0.2473969668850000
42 42 0.4947939337710000
43 43 925.9585593179999705
44 43 -0.0000000000000000
45 43 0.0000000000056114
46 43 0.0000000000000000
47 43 -21.9217553870999993
48 43 -0.0000000000005317
49 43 -752.4924182390000169
50 43 0.0000000000000000
51 43 -0.0000000000045641
43 44 -0.0000000000000000
44 44 942.4977918460000410
45 44 0.0000000000228466
46 44 20.6886300642000016
48 44 0.0000000000001254
49 44 0.0000000000000000
50 44 -717.2243190330000289
51 44 -0.0000000000174010
43 45 0.0000000000056114
44 45 0.0000000000228466
45 45 0.4947939337710000
46 45 0.0000000000005018
47 45 -0.0000000000001329
48 45 -0.0000000000000000
49 45 -0.0000000000045641
50 45 -0.0000000000174010
51 45 0.2473969668850000
4 46 0.1208030226450000
5 46 -0.0000000000000004
6 46 -0.0000000000000002
7 46 0.0000000000000000
8 46 -0.0000000000000408
9 46 0.0000000000000817
43 46 0.0000000000000000
44 46 20.6886300642000016
45 46 0.0000000000005018
46 46 2.4036292273900002
47 46 0.0000000000000002
48 46 0.0041040686473500
49 46 -0.1525210454240000
50 46 -34.2884736880999981
51 46 2.6488635995399998
52 46 0.1045937782370000
54 46 -0.0041040686473500
55 46 -0.1525210454240000
57 46 -1.7279306314000000
88 46 0.1208030226450000
89 46 0.0000000000000002
90 46 0.0000000000000000
91 46 -0.0000000000000000
92 46 0.0000000000000001
93 46 0.0000000000000409
4 47 -0.0000000000000004
5 47 0.0932659193866000
6 47 -0.0001030782924050
7 47 0.0000000000000411
8 47 0.0142244720989000
9 47 5.3936623792800003
43 47 -21.9217553870999993
45 47 -0.0000000000001329
46 47 0.0000000000000002
47 47 2.4083892833100000
48 47 0.0002061565848130
49 47 33.0553483651999969
50 47 0.0000000000000142
51 47 0.0000000000001705
53 47 0.1316240474940000
88 47 0.0000000000000002
89 47 0.0932659193866000
90 47 -0.0001030782924040
91 47 0.0000000000000001
92 47 -0.0142244720989000
93 47 -5.3936623792800003
4 48 -0.0000000000000002
5 48 -0.0001030782924040
6 48 0.0934199181111000
7 48 -0.0000000000000822
8 48 -5.4149137068700002
9 48 -0.0142244720989000
43 48 -0.0000000000005317
44 48 0.0000000000001254
45 48 -0.0000000000000000
46 48 0.0041040686473500
47 48 0.0002061565848130
48 48 2.2881812951299998
49 48 -2.4209975193300002
50 48 -0.0000000000002274
51 48 0.1525210454240000
52 48 -0.0041040686473500
54 48 0.1107252470650000
55 48 1.9557967116099999
57 48 0.1525210454240000
88 48 0.0000000000000000
89 48 -0.0001030782924050
90 48 0.0934199181111000
91 48 -0.0000000000000410
92 48 5.4149137068700002
93 48 0.0142244720988000
4 49 -0.0000000000000000
5 49 -0.0000000000000411
6 49 0.0000000000000822
7 49 0.0020231574180800
8 49 -0.0000000000045571
9 49 -0.0000000000022786
43 49 -752.4924182390000169
44 49 0.0000000000000000
45 49 -0.0000000000045641
46 49 -0.1525210454240000
47 49 33.0553483651999969
48 49 -2.4209975193300002
49 49 964.9326141000000234
50 49 0.0000000000030151
51 49 2.9289498957800002
52 49 0.1525210454240000
54 49 -1.9557967116099999
55 49 -27.9980172397000011
57 49 -1.3382335586000000
88 49 0.0000000000000000
89 49 -0.0000000000000001
90 49 0.0000000000000410
91 49 0.0020231574180800
92 49 0.0000000000022750
93 49 0.0000000000000070
4 50 0.0000000000000408
5 50 -0.0142244720988000
6 50 5.4149137068700002
7 50 -0.0000000000045571
8 50 -300.1691786740000225
9 50 -0.9234394616270000
43 50 0.0000000000000000
44 50 -717.2243190330000289
45 50 -0.0000000000174010
46 50 -34.2884736880999981
47 50 0.0000000000000142
48 50 -0.0000000000002274
49 50 0.0000000000030151
50 50 1737.9814210100000764
51 50 0.1653339397060000
56 50 0.0095874306199200
88 50 -0.0000000000000001
89 50 0.0142244720988000
90 50 -5.4149137068700002
91 50 0.0000000000022750
92 50 -300.1691786740000225
93 50 -0.9234394616260000
4 51 -0.0000000000000817
5 51 -5.3936623792800003
6 51 0.0142244720989000
7 51 -0.0000000000022786
8 51 -0.9234394616250000
9 51 -298.7895623079999723
43 51 -0.0000000000045641
44 51 -0.0000000000174010
45 51 0.2473969668850000
46 51 2.6488635995399998
47 51 0.0000000000001705
48 51 0.1525210454240000
49 51 2.9289498957800002
50 51 0.1653339397060000
51 51 830.3023576800000001
52 51 1.7279306314000000
54 51 -0.1525210454240000
55 51 -1.3382335586100000
57 51 -25.9986994763000006
88 51 -0.0000000000000409
89 51 5.3936623792800003
90 51 -0.0142244720989000
91 51 0.0000000000000070
92 51 -0.9234394616270000
93 51 -298.7895623079999723
10 52 0.2331029199100000
11 52 -0.0000000000000004
12 52 -0.0000000000000004
13 52 -0.0000000000000000
14 52 -0.0000000000000792
15 52 0.0000000000000786
46 52 0.1045937782370000
48 52 -0.0041040686473500
49 52 0.1525210454240000
51 52 1.7279306314000000
52 52 1.5129684081300001
53 52 0.0000000000000000
54 52 0.0082081372947000
55 52 -0.0000000000000009
56 52 0.0000000000001332
57 52 -0.0000000000005451
58 52 0.1045937782370000
60 52 -0.0041040686473500
61 52 -0.1525210454240000
63 52 -1.7279306314000000
94 52 0.2331029199100000
95 52 0.0000000000000004
96 52 0.0000000000000000
97 52 -0.0000000000000000
98 52 0.0000000000000004
99 52 0.0000000000000790
10 53 -0.0000000000000004
11 53 0.1801938354610000
12 53 -0.0005465046473830
13 53 0.0000000000000794
14 53 0.0543663490600000
15 53 10.4277150072999998
47 53 0.1316240474940000
52 53 0.0000000000000000
53 53 1.5647260385099999
54 53 0.0010930092947700
55 53 -0.0000000000001321
56 53 -0.0000000000000284
57 53 -0.0000000000001137
59 53 0.1316240474940000
94 53 0.0000000000000004
95 53 0.1801938354610000
96 53 -0.0005465046473830
97 53 0.0000000000000004
98 53 -0.0543663490600000
99 53 -10.4277150072999998
10 54 -0.0000000000000004
11 54 -0.0005465046473840
12 54 0.1810103121080000
13 54 -0.0000000000000801
14 54 -10.5089382037999997
15 54 -0.0543663490600000
46 54 -0.0041040686473500
48 54 0.1107252470650000
49 54 -1.9557967116099999
51 54 -0.1525210454240000
52 54 0.0082081372947000
53 54 0.0010930092947700
54 54 1.6048906860800001
55 54 0.0000000000005445
56 54 0.0000000000002274
57 54 0.0000000000000568
58 54 -0.0041040686473500
60 54 0.1107252470650000
61 54 1.9557967116099999
63 54 0.1525210454240000
94 54 0.0000000000000000
95 54 -0.0005465046473830
96 54 0.1810103121080000
97 54 -0.0000000000000796
98 54 10.5089382037999997
99 54 0.0543663490600000
10 55 0.0000000000000000
11 55 -0.0000000000000794
12 55 0.0000000000000801
13 55 0.0102917138224000
14 55 -0.0000000000044342
15 55 -0.0000000000044002
46 55 -0.1525210454240000
48 55 1.9557967116099999
49 55 -27.9980172397000011
51 55 -1.3382335586100000
52 55 -0.0000000000000009
53 55 -0.0000000000001321
54 55 0.0000000000005445
55 55 77.9730911596000027
56 55 -0.0000000000000062
57 55 5.8578997915500004
58 55 0.1525210454240000
60 55 -1.9557967116099999
61 55 -27.9980172397000011
63 55 -1.3382335586000000
94 55 0.0000000000000000
95 55 -0.0000000000000004
96 55 0.0000000000000796
97 55 0.0102917138224000
98 55 0.0000000000044115
99 55 0.0000000000000227
10 56 0.0000000000000792
11 56 -0.0543663490600000
12 56 10.5089382037999997
13 56 -0.0000000000044342
14 56 -582.0447538939999959
15 56 -2.9971458980299999
50 56 0.0095874306199200
52 56 0.0000000000001332
53 56 -0.0000000000000284
54 56 0.0000000000002274
55 56 -0.0000000000000062
56 56 1531.0711393100000350
57 56 -1.6320698879700000
62 56 0.0095874306199200
94 56 -0.0000000000000004
95 56 0.0543663490600000
96 56 -10.5089382037999997
97 56 0.0000000000044115
98 56 -582.0447538939999959
99 56 -2.9971458980399999
10 57 -0.0000000000000786
11 57 -10.4277150072999998
12 57 0.0543663490600000
13 57 -0.0000000000044002
14 57 -2.9971458980399999
15 57 -577.5670250289999785
46 57 -1.7279306314000000
48 57 0.1525210454240000
49 57 -1.3382335586000000
51 57 -25.9986994763000006
52 57 -0.0000000000005451
53 57 -0.0000000000001137
54 57 0.0000000000000568
55 57 5.8578997915500004
56 57 -1.6320698879700000
57 57 1602.6513340300000436
58 57 1.7279306314000000
60 57 -0.1525210454240000
61 57 -1.3382335586000000
63 57 -25.9986994763000006
94 57 -0.0000000000000790
95 57 10.4277150072999998
96 57 -0.0543663490600000
97 57 0.0000000000000227
98 57 -2.9971458980399999
99 57 -577.5670250289999785
16 58 0.2331029199100000
17 58 -0.0000000000000004
18 58 -0.0000000000000004
19 58 -0.0000000000000000
20 58 -0.0000000000000792
21 58 0.0000000000000786
52 58 0.1045937782370000
54 58 -0.0041040686473500
55 58 0.1525210454240000
57 58 1.7279306314000000
58 58 1.5129684081300001
59 58 0.0000000000000002
60 58 0.0082081372947000
61 58 -0.0000000000000009
62 58 0.0000000000001330
63 58 -0.0000000000001944
64 58 0.1045937782370000
66 58 -0.0041040686473500
67 58 -0.1525210454240000
69 58 -1.7279306314000000
100 58 0.2331029199100000
101 58 0.0000000000000002
102 58 0.0000000000000000
103 58 -0.0000000000000000
104 58 0.0000000000000002
105 58 0.0000000000000395
16 59 -0.0000000000000004
17 59 0.1801938354610000
18 59 -0.0005465046473840
19 59 0.0000000000000794
20 59 0.0543663490600000
21 59 10.4277150072999998
53 59 0.1316240474940000
58 59 0.0000000000000002
59 59 1.5647260385099999
60 59 0.0010930092947700
61 59 -0.0000000000001324
65 59 0.1316240474940000
100 59 0.0000000000000002
101 59 0.1801938354610000
102 59 -0.0005465046473840
103 59 0.0000000000000002
104 59 -0.0543663490600000
105 59 -10.4277150072999998
16 60 -0.0000000000000004
17 60 -0.0005465046473840
18 60 0.1810103121080000
19 60 -0.0000000000000801
20 60 -10.5089382037999997
21 60 -0.0543663490600000
52 60 -0.0041040686473500
54 60 0.1107252470650000
55 60 -1.9557967116099999
57 60 -0.1525210454240000
58 60 0.0082081372947000
59 60 0.0010930092947700
60 60 1.6048906860800001
61 60 0.0000000000001941
63 60 0.0000000000000284
64 60 -0.0041040686473500
66 60 0.1107252470650000
67 60 1.9557967116099999
69 60 0.1525210454240000
100 60 0.0000000000000000
101 60 -0.0005465046473840
102 60 0.1810103121080000
103 60 -0.0000000000000398
104 60 10.5089382037999997
105 60 0.0543663490600000
16 61 0.0000000000000000
17 61 -0.0000000000000794
18 61 0.0000000000000801
19 61 0.0102917138224000
20 61 -0.0000000000044342
21 61 -0.0000000000044002
52 61 -0.1525210454240000
54 61 1.9557967116099999
55 61 -27.9980172397000011
57 61 -1.3382335586000000
58 61 -0.0000000000000009
59 61 -0.0000000000001324
60 61 0.0000000000001941
61 61 77.9730911596000027
62 61 0.0000000000028947
63 61 5.8578997915500004
64 61 0.1525210454240000
66 61 -1.9557967116099999
67 61 -27.9980172397000011
69 61 -1.3382335586000000
100 61 0.0000000000000000
101 61 -0.0000000000000002
102 61 0.0000000000000398
103 61 0.0102917138224000
104 61 0.0000000000022057
105 61 0.0000000000000114
16 62 0.0000000000000792
17 62 -0.0543663490600000
18 62 10.5089382037999997
19 62 -0.0000000000044342
20 62 -582.0447538939999959
21 62 -2.9971458980299999
56 62 0.0095874306199200
58 62 0.0000000000001330
61 62 0.0000000000028947
62 62 1531.0711393100000350
63 62 -1.6320698879700000
68 62 0.0095874306199200
100 62 -0.0000000000000002
101 62 0.0543663490600000
102 62 -10.5089382037999997
103 62 0.0000000000022057
104 62 -582.0447538939999959
105 62 -2.9971458980299999
16 63 -0.0000000000000786
17 63 -10.4277150072999998
18 63 0.0543663490600000
19 63 -0.0000000000044002
20 63 -2.9971458980299999
21 63 -577.5670250289999785
52 63 -1.7279306314000000
54 63 0.1525210454240000
55 63 -1.3382335586000000
57 63 -25.9986994763000006
58 63 -0.0000000000001944
60 63 0.0000000000000284
61 63 5.8578997915500004
62 63 -1.6320698879700000
63 63 1602.6513340300000436
64 63 1.7279306314000000
66 63 -0.1525210454240000
67 63 -1.3382335586000000
69 63 -25.9986994763000006
100 63 -0.0000000000000395
101 63 10.4277150072999998
102 63 -0.0543663490600000
103 63 0.0000000000000114
104 63 -2.9971458980299999
105 63 -577.5670250289999785
22 64 0.2331029199100000
23 64 -0.0000000000000003
24 64 -0.0000000000000006
25 64 -0.0000000000000000
26 64 -0.0000000000001192
27 64 0.0000000000000587
58 64 0.1045937782370000
60 64 -0.0041040686473500
61 64 0.1525210454240000
63 64 1.7279306314000000
64 64 1.5129684081300001
65 64 0.0000000000000002
66 64 0.0082081372947000
67 64 -0.0000000000000009
68 64 0.0000000000001989
69 64 -0.0000000000000759
70 64 0.1045937782370000
72 64 -0.0041040686473500
73 64 -0.1525210454240000
75 64 -1.7279306314000000
106 64 0.2331029199100000
107 64 0.0000000000000001
108 64 0.0000000000000000
109 64 -0.0000000000000000
110 64 0.0000000000000001
111 64 0.0000000000000198
22 65 -0.0000000000000003
23 65 0.1801938354610000
24 65 -0.0005465046473830
25 65 0.0000000000001189
26 65 0.0543663490600000
27 65 10.4277150072999998
59 65 0.1316240474940000
64 65 0.0000000000000002
65 65 1.5647260385099999
66 65 0.0010930092947700
67 65 -0.0000000000001990
68 65 -0.0000000000000284
69 65 -0.0000000000001137
71 65 0.1316240474940000
106 65 0.0000000000000001
107 65 0.1801938354610000
108 65 -0.0005465046473830
109 65 0.0000000000000001
110 65 -0.0543663490600000
111 65 -10.4277150072999998
22 66 -0.0000000000000006
23 66 -0.0005465046473840
24 66 0.1810103121080000
25 66 -0.0000000000000604
26 66 -10.5089382037999997
27 66 -0.0543663490600000
58 66 -0.0041040686473500
60 66 0.1107252470650000
61 66 -1.9557967116099999
63 66 -0.1525210454240000
64 66 0.0082081372947000
65 66 0.0010930092947700
66 66 1.6048906860800001
67 66 0.0000000000001041
68 66 0.0000000000002274
69 66 0.0000000000000711
70 66 -0.0041040686473500
72 66 0.1107252470650000
73 66 1.9557967116099999
75 66 0.1525210454240000
106 66 0.0000000000000000
107 66 -0.0005465046473830
108 66 0.1810103121080000
109 66 -0.0000000000000199
110 66 10.5089382037999997
111 66 0.0543663490600000
22 67 0.0000000000000000
23 67 -0.0000000000001189
24 67 0.0000000000000604
25 67 0.0102917138224000
26 67 -0.0000000000033427
27 67 -0.0000000000065833
58 67 -0.1525210454240000
60 67 1.9557967116099999
61 67 -27.9980172397000011
63 67 -1.3382335586000000
64 67 -0.0000000000000009
65 67 -0.0000000000001990
66 67 0.0000000000001041
67 67 77.9730911596000027
68 67 0.0000000000028916
69 67 5.8578997915600004
70 67 0.1525210454240000
72 67 -1.9557967116099999
73 67 -27.9980172397000011
75 67 -1.3382335586000000
106 67 0.0000000000000000
107 67 -0.0000000000000001
108 67 0.0000000000000199
109 67 0.0102917138224000
110 67 0.0000000000011029
111 67 0.0000000000000057
22 68 0.0000000000001192
23 68 -0.0543663490600000
24 68 10.5089382037999997
25 68 -0.0000000000033427
26 68 -582.0447538939999959
27 68 -2.9971458980299999
62 68 0.0095874306199200
64 68 0.0000000000001989
65 68 -0.0000000000000284
66 68 0.0000000000002274
67 68 0.0000000000028916
68 68 1531.0711393100000350
69 68 -1.6320698879700000
74 68 0.0095874306199200
106 68 -0.0000000000000001
107 68 0.0543663490600000
108 68 -10.5089382037999997
109 68 0.0000000000011029
110 68 -582.0447538939999959
111 68 -2.9971458980399999
22 69 -0.0000000000000587
23 69 -10.4277150072999998
24 69 0.0543663490600000
25 69 -0.0000000000065833
26 69 -2.9971458980399999
27 69 -577.5670250289999785
58 69 -1.7279306314000000
60 69 0.1525210454240000
61 69 -1.3382335586000000
63 69 -25.9986994763000006
64 69 -0.0000000000000759
65 69 -0.0000000000001137
66 69 0.0000000000000711
67 69 5.8578997915600004
68 69 -1.6320698879700000
69 69 1602.6513340300000436
70 69 1.7279306314000000
72 69 -0.1525210454240000
73 69 -1.3382335586000000
75 69 -25.9986994763000006
106 69 -0.0000000000000198
107 69 10.4277150072999998
108 69 -0.0543663490600000
109 69 0.0000000000000057
110 69 -2.9971458980399999
111 69 -577.5670250289999785
28 70 0.2331029199100000
29 70 -0.0000000000000002
30 70 -0.0000000000000004
31 70 -0.0000000000000000
32 70 -0.0000000000000795
33 70 0.0000000000000292
64 70 0.1045937782370000
66 70 -0.0041040686473500
67 70 0.1525210454240000
69 70 1.7279306314000000
70 70 1.4842325304599999
71 70 0.0000000000000001
72 70 0.0082957738338500
73 70 0.0120218142097000
74 70 0.0000000000001326
75 70 -0.5039855603130000
76 70 0.0948403135022000
78 70 -0.0041917051865000
79 70 -0.1404992312140000
81 70 -1.4202621220400000
112 70 0.2331029199100000
113 70 0.0000000000000001
114 70 0.0000000000000000
115 70 -0.0000000000000000
116 70 0.0000000000000001
117 70 0.0000000000000099
28 71 -0.0000000000000002
29 71 0.1801938354610000
30 71 -0.0005465046473840
31 71 0.0000000000000792
32 71 0.0543663490600000
33 71 10.4277150072999998
65 71 0.1316240474940000
70 71 0.0000000000000001
71 71 1.5390664769100000
72 71 0.0010930092947700
73 71 -0.0000000000001328
77 71 0.1187942666910000
112 71 0.0000000000000001
113 71 0.1801938354610000
114 71 -0.0005465046473840
115 71 0.0000000000000001
116 71 -0.0543663490600000
117 71 -10.4277150072999998
28 72 -0.0000000000000004
29 72 -0.0005465046473840
30 72 0.1810103121080000
31 72 -0.0000000000000303
32 72 -10.5089382037999997
33 72 -0.0543663490600000
64 72 -0.0041040686473500
66 72 0.1107252470650000
67 72 -1.9557967116099999
69 72 -0.1525210454240000
70 72 0.0082957738338500
71 72 0.0010930092947700
72 72 1.5760238796199999
73 72 0.4860249983890000
75 72 -0.0120218142096000
76 72 -0.0041917051865000
78 72 0.1011027111120000
79 72 1.6301676403200001
81 72 0.1404992312140000
112 72 0.0000000000000000
113 72 -0.0005465046473840
114 72 0.1810103121080000
115 72 -0.0000000000000100
116 72 10.5089382037999997
117 72 0.0543663490600000
28 73 0.0000000000000000
29 73 -0.0000000000000792
30 73 0.0000000000000303
31 73 0.0102917138224000
32 73 -0.0000000000016770
33 73 -0.0000000000043860
64 73 -0.1525210454240000
66 73 1.9557967116099999
67 73 -27.9980172397000011
69 73 -1.3382335586000000
70 73 0.0120218142097000
71 73 -0.0000000000001328
72 73 0.4860249983890000
73 73 69.4111037748999991
74 73 0.0000000000014443
75 73 5.9737026079500000
76 73 0.1404992312140000
78 73 -1.6301676403200001
79 73 -20.2893948012000003
81 73 -0.8064958928670000
112 73 0.0000000000000000
113 73 -0.0000000000000001
114 73 0.0000000000000100
115 73 0.0102917138224000
116 73 0.0000000000005514
117 73 0.0000000000000028
28 74 0.0000000000000795
29 74 -0.0543663490600000
30 74 10.5089382037999997
31 74 -0.0000000000016770
32 74 -582.0447538939999959
33 74 -2.9971458980299999
68 74 0.0095874306199200
70 74 0.0000000000001326
73 74 0.0000000000014443
74 74 1531.0692702799999552
75 74 -1.6320698879700000
80 74 0.0086529157219500
112 74 -0.0000000000000001
113 74 0.0543663490600000
114 74 -10.5089382037999997
115 74 0.0000000000005514
116 74 -582.0447538939999959
117 74 -2.9971458980299999
28 75 -0.0000000000000292
29 75 -10.4277150072999998
30 75 0.0543663490600000
31 75 -0.0000000000043860
32 75 -2.9971458980299999
33 75 -577.5670250289999785
64 75 -1.7279306314000000
66 75 0.1525210454240000
67 75 -1.3382335586000000
69 75 -25.9986994763000006
70 75 -0.5039855603130000
72 75 -0.0120218142096000
73 75 5.9737026079500000
74 75 -1.6320698879700000
75 75 1593.9163375200000701
76 75 1.4202621220400000
78 75 -0.1404992312140000
79 75 -0.8064958928670000
81 75 -19.0844918497000009
112 75 -0.0000000000000099
113 75 10.4277150072999998
114 75 -0.0543663490600000
115 75 0.0000000000000028
116 75 -2.9971458980299999
117 75 -577.5670250289999785
34 76 0.1208030226450000
35 76 -0.0000000000000000
36 76 -0.0000000000000002
37 76 -0.0000000000000000
38 76 -0.0000000000000410
39 76 -0.0000000000000001
70 76 0.0948403135022000
72 76 -0.0041917051865000
73 76 0.1404992312140000
75 76 1.4202621220400000
76 76 2.3748933497200002
77 76 0.0000000000000000
78 76 0.0041917051865000
79 76 0.1404992312140000
80 76 -34.2884736880999981
81 76 -2.1448780392300000
83 76 20.6886300642000016
118 76 0.1208030226450000
34 77 -0.0000000000000000
35 77 0.0932659193866000
36 77 -0.0001030782924050
37 77 0.0000000000000409
38 77 0.0142244720989000
39 77 5.3936623792800003
71 77 0.1187942666910000
76 77 0.0000000000000000
77 77 2.3827297217000001
78 77 0.0002061565848100
79 77 33.0553483651999969
80 77 0.0000000000000142
81 77 0.0000000000001705
82 77 -21.9217553870999993
84 77 -0.0000000000001329
119 77 0.0932659193866000
120 77 -0.0001030782924040
122 77 -0.0142244720989000
123 77 -5.3936623792800003
34 78 -0.0000000000000002
35 78 -0.0001030782924050
36 78 0.0934199181111000
37 78 -0.0000000000000001
38 78 -5.4149137068700002
39 78 -0.0142244720988000
70 78 -0.0041917051865000
72 78 0.1011027111120000
73 78 -1.6301676403200001
75 78 -0.1404992312140000
76 78 0.0041917051865000
77 78 0.0002061565848100
78 78 2.2593144886699998
79 78 1.9349725209399999
80 78 -0.0000000000002274
81 78 -0.1404992312140000
83 78 0.0000000000001254
119 78 -0.0001030782924050
120 78 0.0934199181111000
122 78 5.4149137068700002
123 78 0.0142244720988000
34 79 0.0000000000000000
35 79 -0.0000000000000409
36 79 0.0000000000000001
37 79 0.0020231574180800
38 79 -0.0000000000000070
39 79 -0.0000000000022646
70 79 -0.1404992312140000
72 79 1.6301676403200001
73 79 -20.2893948012000003
75 79 -0.8064958928670000
76 79 0.1404992312140000
77 79 33.0553483651999969
78 79 1.9349725209399999
79 79 956.3706267149999576
80 79 0.0000000000000006
81 79 3.0447527121800002
82 79 -752.4924182390000169
84 79 -0.0000000000045641
121 79 0.0020231574180800
34 80 0.0000000000000410
35 80 -0.0142244720988000
36 80 5.4149137068700002
37 80 -0.0000000000000070
38 80 -300.1691786740000225
39 80 -0.9234394616270000
74 80 0.0086529157219500
76 80 -34.2884736880999981
77 80 0.0000000000000142
78 80 -0.0000000000002274
79 80 0.0000000000000006
80 80 1737.9795519899998908
81 80 0.1653339396840000
83 80 -717.2243190330000289
119 80 0.0142244720988000
120 80 -5.4149137068700002
122 80 -300.1691786740000225
123 80 -0.9234394616260000
34 81 0.0000000000000001
35 81 -5.3936623792800003
36 81 0.0142244720989000
37 81 -0.0000000000022646
38 81 -0.9234394616260000
39 81 -298.7895623079999723
70 81 -1.4202621220400000
72 81 0.1404992312140000
73 81 -0.8064958928670000
75 81 -19.0844918497000009
76 81 -2.1448780392300000
77 81 0.0000000000001705
78 81 -0.1404992312140000
79 81 3.0447527121800002
80 81 0.1653339396840000
81 81 821.5673611619999974
82 81 -0.0000000000045641
84 81 0.2473969668850000
119 81 5.3936623792800003
120 81 -0.0142244720989000
122 81 -0.9234394616270000
123 81 -298.7895623079999723
77 82 -21.9217553870999993
79 82 -752.4924182390000169
81 82 -0.0000000000045641
82 82 925.9585593179999705
84 82 0.0000000000056114
76 83 20.6886300642000016
78 83 0.0000000000001254
80 83 -717.2243190330000289
83 83 942.4977918460000410
77 84 -0.0000000000001329
79 84 -0.0000000000045641
81 84 0.2473969668850000
82 84 0.0000000000056114
84 84 0.4947939337710000
85 85 925.9585593179999705
86 85 -0.0000000000000000
87 85 0.0000000000112227
88 85 0.0000000000000000
89 85 -21.9217553870999993
90 85 -0.0000000000002658
91 85 -752.4924182390000169
92 85 0.0000000000000000
93 85 -0.0000000000091282
85 86 -0.0000000000000000
86 86 942.4977918460000410
87 86 0.0000000000114233
88 86 20.6886300642000016
90 86 0.0000000000002509
91 86 0.0000000000000000
92 86 -717.2243190330000289
93 86 -0.0000000000087005
85 87 0.0000000000112227
86 87 0.0000000000114233
87 87 0.4947939337710000
88 87 0.0000000000002509
89 87 -0.0000000000002658
90 87 -0.0000000000000000
91 87 -0.0000000000091282
92 87 -0.0000000000087005
93 87 0.2473969668850000
46 88 0.1208030226450000
47 88 0.0000000000000002
48 88 0.0000000000000000
49 88 0.0000000000000000
50 88 -0.0000000000000001
51 88 -0.0000000000000409
85 88 0.0000000000000000
86 88 20.6886300642000016
87 88 0.0000000000002509
88 88 2.4036292273900002
89 88 -0.0000000000000002
90 88 0.0041040686473500
91 88 -0.1525210454240000
92 88 -34.2884736880999981
93 88 2.6488635995399998
94 88 0.1045937782370000
96 88 -0.0041040686473500
97 88 -0.1525210454240000
99 88 -1.7279306314000000
130 88 0.1208030226450000
131 88 0.0000000000000000
132 88 0.0000000000000001
133 88 0.0000000000000000
134 88 -0.0000000000000205
135 88 -0.0000000000000001
46 89 0.0000000000000002
47 89 0.0932659193866000
48 89 -0.0001030782924050
49 89 -0.0000000000000001
50 89 0.0142244720988000
