96 96 1646
1 1 4480.9200000000009823
2 1 79.9060000000000059
3 1 -87.3379999999999939
4 1 -101.1739999999999924
5 1 -9946.3400000000001455
6 1 -10189.7399999999997817
7 1 -8742.2200000000011642
8 1 -8910.1800000000002910
9 1 33.0000000000000000
10 1 103.3999999999999915
61 1 5.5000000000000000
62 1 0.8000000000000000
63 1 12.0600000000000005
64 1 5.7999999999999998
79 1 -11.0000000000000000
85 1 4.5000000000000000
1 2 79.9060000000000059
2 2 3.0907000000000004
3 2 -2.6047000000000002
4 2 -3.2409999999999997
5 2 -311.3400000000000318
6 2 -320.4700000000000273
7 2 -279.5460000000000491
8 2 -286.3540000000000418
9 2 1.5000000000000000
10 2 3.3300000000000001
61 2 0.6800000000000000
63 2 0.4130000000000000
64 2 0.5000000000000000
79 2 -0.5000000000000000
85 2 0.2700000000000000
1 3 -87.3379999999999939
2 3 -2.6047000000000002
3 3 4.8331000000000000
4 3 4.9223999999999997
5 3 466.2200000000000273
6 3 482.9540000000000077
7 3 428.7459999999999809
8 3 441.9100000000000819
9 3 -1.5000000000000000
10 3 -5.0499999999999998
61 3 -0.9600000000000000
63 3 -1.0930000000000000
64 3 -0.6200000000000000
79 3 0.5000000000000000
85 3 -0.9700000000000000
1 4 -101.1739999999999924
2 4 -3.2409999999999997
3 4 4.9223999999999997
4 4 9.0143000000000004
5 4 769.3369999999999891
6 4 794.8500000000000227
7 4 708.3739999999999100
8 4 735.2099999999999227
9 4 -2.7000000000000002
10 4 -8.4700000000000006
61 4 -1.0000000000000000
62 4 -0.7800000000000000
63 4 -3.0930000000000000
64 4 -0.9800000000000000
79 4 0.9000000000000000
85 4 -1.0000000000000000
1 5 -9946.3400000000001455
2 5 -311.3400000000000318
3 5 466.2200000000000273
4 5 769.3369999999999891
5 5 75415.0500000000174623
6 5 77305.8899999999994179
7 5 68883.7500000000000000
8 5 71290.5100000000093132
9 5 -302.1000000000000227
10 5 -817.0000000000000000
61 5 -84.0000000000000000
62 5 -87.9000000000000057
63 5 -282.3600000000000136
64 5 -96.5000000000000000
79 5 100.0000000000000000
85 5 -97.9000000000000057
1 6 -10189.7399999999997817
2 6 -320.4700000000000273
3 6 482.9540000000000077
4 6 794.8500000000000227
5 6 77305.8899999999994179
6 6 79512.5600000000122236
7 6 70855.4600000000064028
8 6 73402.5299999999988358
9 6 -300.6999999999999886
10 6 -842.5000000000000000
61 6 -88.0999999999999943
62 6 -82.9000000000000057
63 6 -302.9199999999999591
64 6 -98.0999999999999943
79 6 100.0000000000000000
85 6 -100.2999999999999972
1 7 -8742.2200000000011642
2 7 -279.5460000000000491
3 7 428.7459999999999809
4 7 708.3739999999999100
5 7 68883.7500000000000000
6 7 70855.4600000000064028
7 7 63288.5400000000008731
8 7 65583.1600000000034925
9 7 -272.3000000000000114
10 7 -750.9000000000000909
61 7 -79.4000000000000057
62 7 -74.5999999999999943
63 7 -274.7799999999999727
64 7 -80.7999999999999972
79 7 90.0000000000000000
85 7 -95.0000000000000000
1 8 -8910.1800000000002910
2 8 -286.3540000000000418
3 8 441.9100000000000819
4 8 735.2099999999999227
5 8 71290.5100000000093132
6 8 73402.5299999999988358
7 8 65583.1600000000034925
8 8 68028.3299999999871943
9 8 -271.0000000000000000
10 8 -779.8999999999999773
61 8 -83.2000000000000028
62 8 -80.5999999999999943
63 8 -289.8799999999999955
64 8 -81.5000000000000000
79 8 90.0000000000000000
85 8 -98.0000000000000000
1 9 33.0000000000000000
2 9 1.5000000000000000
3 9 -1.5000000000000000
4 9 -2.7000000000000002
5 9 -302.1000000000000227
6 9 -300.6999999999999886
7 9 -272.3000000000000114
8 9 -271.0000000000000000
9 9 11.0000000000000000
10 9 3.0000000000000000
79 9 -3.0000000000000000
1 10 103.3999999999999915
2 10 3.3300000000000001
3 10 -5.0499999999999998
4 10 -8.4700000000000006
5 10 -817.0000000000000000
6 10 -842.5000000000000000
7 10 -750.9000000000000909
8 10 -779.8999999999999773
9 10 3.0000000000000000
10 10 9.0000000000000000
61 10 1.0000000000000000
62 10 1.0000000000000000
63 10 3.2999999999999998
64 10 1.0000000000000000
79 10 -1.0000000000000000
85 10 1.0000000000000000
11 11 4421.0700000000006185
12 11 76.8340000000000174
13 11 -81.1899999999999977
14 11 -90.5420000000000016
15 11 -8703.2500000000000000
16 11 -8926.5799999999981083
17 11 -7601.0399999999999636
18 11 -7736.7799999999997453
19 11 33.0000000000000000
20 11 92.2999999999999972
61 11 5.5000000000000000
62 11 0.8000000000000000
63 11 1.5000000000000000
64 11 5.7999999999999998
66 11 2.7000000000000002
82 11 -11.0000000000000000
86 11 2.7500000000000000
11 12 76.8340000000000174
12 12 2.8178000000000001
13 12 -2.2077999999999998
14 12 -2.6966999999999999
15 12 -251.5690000000000168
16 12 -259.4809999999999945
17 12 -224.5360000000000014
18 12 -229.7500000000000284
19 12 1.5000000000000000
20 12 2.7799999999999998
61 12 0.5700000000000000
63 12 0.1200000000000000
64 12 0.4600000000000000
66 12 0.1300000000000000
82 12 -0.5000000000000000
86 12 0.1250000000000000
11 13 -81.1899999999999977
12 13 -2.2077999999999998
13 13 3.9070000000000000
14 13 3.6930000000000001
15 13 335.0620000000000118
16 13 349.3160000000000309
17 13 303.4460000000000264
18 13 312.9789999999999850
19 13 -1.5000000000000000
20 13 -3.8199999999999994
61 13 -1.0000000000000000
62 13 -0.0100000000000000
63 13 -0.3600000000000000
64 13 -0.6700000000000000
66 13 -0.2800000000000000
82 13 0.5000000000000000
86 13 -0.1250000000000000
11 14 -90.5420000000000016
12 14 -2.6966999999999999
13 14 3.6930000000000001
14 14 7.2970000000000006
15 14 563.2530000000000427
16 14 584.2330000000000609
17 14 511.7520000000000664
18 14 533.9079999999999018
19 14 -2.7000000000000002
20 14 -6.6200000000000001
61 14 -1.0000000000000000
62 14 -0.9800000000000000
63 14 -0.9500000000000000
64 14 -1.0000000000000000
66 14 -0.7900000000000000
82 14 0.9000000000000000
86 14 -0.2250000000000000
11 15 -8703.2500000000000000
12 15 -251.5690000000000168
13 15 335.0620000000000118
14 15 563.2530000000000427
15 15 51256.4400000000023283
16 15 52776.7100000000064028
17 15 46143.3199999999997090
18 15 47940.2700000000040745
19 15 -270.5000000000000000
20 15 -593.3000000000000682
61 15 -84.0000000000000000
62 15 -87.9000000000000057
63 15 -60.6000000000000014
64 15 -96.5000000000000000
66 15 -77.9000000000000057
82 15 89.0000000000000000
86 15 -22.2500000000000000
11 16 -8926.5799999999981083
12 16 -259.4809999999999945
13 16 349.3160000000000309
14 16 584.2330000000000609
15 16 52776.7100000000064028
16 16 54610.9000000000014552
17 16 47753.0699999999997090
18 16 49683.1699999999982538
19 16 -268.8999999999999773
20 16 -615.7000000000000455
61 16 -88.0999999999999943
62 16 -82.9000000000000057
63 16 -76.2999999999999972
64 16 -98.0999999999999943
66 16 -81.4000000000000057
82 16 89.0000000000000000
86 16 -22.2500000000000000
11 17 -7601.0399999999999636
12 17 -224.5360000000000014
13 17 303.4460000000000264
14 17 511.7520000000000664
15 17 46143.3199999999997090
16 17 47753.0699999999997090
17 17 41830.7299999999959255
18 17 43541.5400000000008731
19 17 -249.4000000000000057
20 17 -539.7000000000000455
61 17 -79.4000000000000057
62 17 -74.5999999999999943
63 17 -68.5999999999999943
64 17 -80.7999999999999972
66 17 -70.5999999999999943
82 17 82.0000000000000000
86 17 -20.5000000000000000
11 18 -7736.7799999999997453
12 18 -229.7500000000000284
13 18 312.9789999999999850
14 18 533.9079999999999018
15 18 47940.2700000000040745
16 18 49683.1699999999982538
17 18 43541.5400000000008731
18 18 45388.3299999999944703
19 18 -247.8000000000000114
20 18 -563.0999999999999091
61 18 -83.2000000000000028
62 18 -80.5999999999999943
63 18 -76.7999999999999972
64 18 -81.5000000000000000
66 18 -74.0000000000000000
82 18 82.0000000000000000
86 18 -20.5000000000000000
11 19 33.0000000000000000
12 19 1.5000000000000000
13 19 -1.5000000000000000
14 19 -2.7000000000000002
15 19 -270.5000000000000000
16 19 -268.8999999999999773
17 19 -249.4000000000000057
18 19 -247.8000000000000114
19 19 11.0000000000000000
20 19 3.0000000000000000
82 19 -3.0000000000000000
86 19 0.7500000000000000
11 20 92.2999999999999972
12 20 2.7799999999999998
13 20 -3.8199999999999994
14 20 -6.6200000000000001
15 20 -593.3000000000000682
16 20 -615.7000000000000455
17 20 -539.7000000000000455
18 20 -563.0999999999999091
19 20 3.0000000000000000
20 20 7.0000000000000000
61 20 1.0000000000000000
62 20 1.0000000000000000
63 20 1.0000000000000000
64 20 1.0000000000000000
66 20 1.0000000000000000
82 20 -1.0000000000000000
86 20 0.2500000000000000
21 21 5405.6199999999998909
22 21 103.5500000000000114
23 21 -113.0360000000000014
24 21 -130.9209999999999923
25 21 -12700.5399999999972351
26 21 -13189.7600000000020373
27 21 -11988.4799999999977445
28 21 -12522.6800000000021100
29 21 33.0000000000000000
30 21 134.1999999999999886
61 21 5.5000000000000000
64 21 6.5000000000000000
65 21 9.5000000000000000
66 21 2.7000000000000002
67 21 10.8000000000000007
68 21 15.5399999999999991
80 21 -11.0000000000000000
85 21 4.5000000000000000
21 22 103.5500000000000114
22 22 4.5501000000000005
23 22 -4.1971000000000007
24 22 -5.0904999999999996
25 22 -475.7369999999999663
26 22 -493.9420000000000073
27 22 -443.7280000000000655
28 22 -462.6180000000000518
29 22 1.5000000000000000
30 22 5.2300000000000004
61 22 0.6800000000000000
64 22 0.4800000000000000
65 22 0.7000000000000000
66 22 0.1300000000000000
67 22 0.9700000000000000
68 22 0.5569999999999999
80 22 -0.5000000000000000
85 22 0.2700000000000000
21 23 -113.0360000000000014
22 23 -4.1971000000000007
23 23 6.5679999999999987
24 23 6.9394000000000000
25 23 646.3689999999999145
26 23 672.8329999999999700
27 23 605.7319999999999709
28 23 631.7410000000000991
29 23 -1.5000000000000000
30 23 -7.1600000000000001
61 23 -0.9600000000000000
64 23 -0.5600000000000001
65 23 -0.8300000000000000
66 23 -0.2800000000000000
67 23 -1.0000000000000000
68 23 -1.1650000000000000
80 23 0.5000000000000000
85 23 -0.9700000000000000
21 24 -130.9209999999999923
22 24 -5.0904999999999996
23 24 6.9394000000000000
24 24 10.8616999999999990
25 24 925.8389999999999418
26 24 966.2159999999998945
27 24 862.4659999999998945
28 24 899.1150000000000091
29 24 -2.7000000000000002
30 24 -10.3900000000000006
61 24 -1.0000000000000000
64 24 -0.9700000000000000
65 24 -1.0000000000000000
66 24 -0.7900000000000000
67 24 -1.0000000000000000
68 24 -2.9969999999999999
80 24 0.9000000000000000
85 24 -1.0000000000000000
21 25 -12700.5399999999972351
22 25 -475.7369999999999663
23 25 646.3689999999999145
24 25 925.8389999999999418
25 25 88542.6999999999970896
26 25 91864.7500000000000000
27 25 81938.2999999999883585
28 25 85151.0899999999965075
29 25 -301.8999999999999773
30 25 -979.0999999999999091
61 25 -84.0000000000000000
64 25 -96.5000000000000000
65 25 -89.0999999999999943
66 25 -77.9000000000000057
67 25 -84.5999999999999943
68 25 -279.9600000000000364
80 25 100.0000000000000000
85 25 -97.9000000000000057
21 26 -13189.7600000000020373
22 26 -493.9420000000000073
23 26 672.8329999999999700
24 26 966.2159999999998945
25 26 91864.7500000000000000
26 26 95532.2699999999895226
27 26 85236.3200000000069849
28 26 88684.0799999999871943
29 26 -300.8999999999999773
30 26 -1021.4000000000000909
61 26 -88.0999999999999943
64 26 -97.0999999999999943
65 26 -92.0000000000000000
66 26 -81.4000000000000057
67 26 -89.7000000000000028
68 26 -299.6800000000000068
80 26 100.0000000000000000
85 26 -100.2999999999999972
21 27 -11988.4799999999977445
22 27 -443.7280000000000655
23 27 605.7319999999999709
24 27 862.4659999999998945
25 27 81938.2999999999883585
26 27 85236.3200000000069849
27 27 76165.6399999999994179
28 27 79264.9600000000064028
29 27 -272.3999999999999773
30 27 -910.7999999999999545
61 27 -79.4000000000000057
64 27 -82.2000000000000028
65 27 -77.4000000000000057
66 27 -70.5999999999999943
67 27 -83.5999999999999943
68 27 -263.2599999999999909
80 27 90.0000000000000000
85 27 -95.0000000000000000
21 28 -12522.6800000000021100
22 28 -462.6180000000000518
23 28 631.7410000000000991
24 28 899.1150000000000091
25 28 85151.0899999999965075
26 28 88684.0799999999871943
27 28 79264.9600000000064028
28 28 82552.6699999999982538
29 28 -270.8999999999999773
30 28 -949.1999999999999318
61 28 -83.2000000000000028
64 28 -83.2999999999999972
65 28 -80.0999999999999943
66 28 -74.0000000000000000
67 28 -89.4000000000000057
68 28 -277.6399999999999864
80 28 90.0000000000000000
85 28 -98.0000000000000000
21 29 33.0000000000000000
22 29 1.5000000000000000
23 29 -1.5000000000000000
24 29 -2.7000000000000002
25 29 -301.8999999999999773
26 29 -300.8999999999999773
27 29 -272.3999999999999773
28 29 -270.8999999999999773
29 29 11.0000000000000000
30 29 3.0000000000000000
80 29 -3.0000000000000000
21 30 134.1999999999999886
22 30 5.2300000000000004
23 30 -7.1600000000000001
24 30 -10.3900000000000006
25 30 -979.0999999999999091
26 30 -1021.4000000000000909
27 30 -910.7999999999999545
28 30 -949.1999999999999318
29 30 3.0000000000000000
30 30 11.0000000000000000
61 30 1.0000000000000000
64 30 1.0000000000000000
65 30 1.0000000000000000
66 30 1.0000000000000000
67 30 1.0000000000000000
68 30 3.3000000000000003
80 30 -1.0000000000000000
85 30 1.0000000000000000
31 31 5349.3699999999998909
32 31 100.0220000000000056
33 31 -108.5540000000000020
34 31 -122.1849999999999881
35 31 -11570.1899999999986903
36 31 -12037.8100000000013097
37 31 -10970.1799999999984720
38 31 -11472.8800000000028376
39 31 33.0000000000000000
40 31 123.7000000000000028
61 31 5.5000000000000000
64 31 6.5000000000000000
65 31 9.5000000000000000
66 31 2.7000000000000002
67 31 10.8000000000000007
68 31 8.3200000000000003
83 31 -11.0000000000000000
31 32 100.0220000000000056
32 32 4.2872000000000003
33 32 -3.8723000000000005
34 32 -4.5338000000000003
35 32 -410.7789999999999964
36 32 -427.5060000000000286
37 32 -384.5580000000000496
38 32 -401.5170000000000528
39 32 1.5000000000000000
40 32 4.6000000000000005
61 32 0.6800000000000000
64 32 0.4500000000000000
65 32 0.6800000000000000
66 32 0.0900000000000000
67 32 0.9300000000000000
68 32 0.2850000000000000
83 32 -0.5000000000000000
31 33 -108.5540000000000020
32 33 -3.8723000000000005
33 33 5.8475000000000001
34 33 6.0633999999999997
35 33 542.3189999999999600
36 33 566.5550000000000637
37 33 506.3180000000000405
38 33 529.1789999999999736
39 33 -1.5000000000000000
40 33 -6.1700000000000008
61 33 -0.9600000000000000
64 33 -0.6300000000000000
65 33 -0.9000000000000000
66 33 -0.3700000000000000
67 33 -1.0000000000000000
68 33 -0.8550000000000000
83 33 0.5000000000000000
31 34 -122.1849999999999881
32 34 -4.5338000000000003
33 34 6.0633999999999997
34 34 9.5192999999999994
35 34 755.3200000000000500
36 34 792.3210000000000264
37 34 705.0139999999998963
38 34 736.6839999999999691
39 34 -2.7000000000000002
40 34 -8.7500000000000000
61 34 -1.0000000000000000
64 34 -1.0000000000000000
65 34 -1.0000000000000000
66 34 -0.9200000000000000
67 34 -1.0000000000000000
68 34 -2.0280000000000000
83 34 0.9000000000000000
31 35 -11570.1899999999986903
32 35 -410.7789999999999964
33 35 542.3189999999999600
34 35 755.3200000000000500
35 35 67903.8500000000058208
36 35 70812.4500000000116415
37 35 63000.6499999999941792
38 35 65629.6099999999860302
39 35 -270.8999999999999773
40 35 -775.3999999999999773
61 35 -84.0000000000000000
64 35 -96.5000000000000000
65 35 -89.0999999999999943
66 35 -77.9000000000000057
67 35 -84.5999999999999943
68 35 -166.0900000000000034
83 35 89.0000000000000000
31 36 -12037.8100000000013097
32 36 -427.5060000000000286
33 36 566.5550000000000637
34 36 792.3210000000000264
35 36 70812.4500000000116415
36 36 74062.7699999999895226
37 36 65913.4800000000104774
38 36 68768.8099999999976717
39 36 -268.3999999999999773
40 36 -813.5000000000000000
61 36 -88.0999999999999943
64 36 -97.0999999999999943
65 36 -92.0000000000000000
66 36 -81.4000000000000057
67 36 -89.7000000000000028
68 36 -183.6599999999999966
83 36 89.0000000000000000
31 37 -10970.1799999999984720
32 37 -384.5580000000000496
33 37 506.3180000000000405
34 37 705.0139999999998963
35 37 63000.6499999999941792
36 37 65913.4800000000104774
37 37 58748.6899999999950523
38 37 61307.5100000000093132
39 37 -249.5000000000000000
40 37 -723.9999999999998863
61 37 -79.4000000000000057
64 37 -82.2000000000000028
65 37 -77.4000000000000057
66 37 -70.5999999999999943
67 37 -83.5999999999999943
68 37 -162.5400000000000205
83 37 82.0000000000000000
31 38 -11472.8800000000028376
32 38 -401.5170000000000528
33 38 529.1789999999999736
34 38 736.6839999999999691
35 38 65629.6099999999860302
36 38 68768.8099999999976717
37 38 61307.5100000000093132
38 38 64039.3099999999976717
39 38 -247.3000000000000114
40 38 -756.3999999999999773
61 38 -83.2000000000000028
64 38 -83.2999999999999972
65 38 -80.0999999999999943
66 38 -74.0000000000000000
67 38 -89.4000000000000057
68 38 -173.3799999999999955
83 38 82.0000000000000000
31 39 33.0000000000000000
32 39 1.5000000000000000
33 39 -1.5000000000000000
34 39 -2.7000000000000002
35 39 -270.8999999999999773
36 39 -268.3999999999999773
37 39 -249.5000000000000000
38 39 -247.3000000000000114
39 39 11.0000000000000000
40 39 3.0000000000000000
83 39 -3.0000000000000000
31 40 123.7000000000000028
32 40 4.6000000000000005
33 40 -6.1700000000000008
34 40 -8.7500000000000000
35 40 -775.3999999999999773
36 40 -813.5000000000000000
37 40 -723.9999999999998863
38 40 -756.3999999999999773
39 40 3.0000000000000000
40 40 9.0000000000000000
61 40 1.0000000000000000
64 40 1.0000000000000000
65 40 1.0000000000000000
66 40 1.0000000000000000
67 40 1.0000000000000000
68 40 2.1000000000000001
83 40 -1.0000000000000000
41 41 3531.4399999999995998
42 41 77.8800000000000097
43 41 -83.8780000000000143
44 41 -100.3979999999999961
45 41 -9997.3100000000013097
46 41 -10311.5000000000018190
47 41 -9437.5299999999988358
48 41 -9810.0499999999992724
49 41 30.0000000000000000
50 41 103.7999999999999972
69 41 1.8000000000000000
70 41 1.3999999999999999
71 41 10.5999999999999996
72 41 2.5000000000000000
73 41 11.5000000000000000
74 41 11.2800000000000011
81 41 -10.0000000000000000
41 42 77.8800000000000097
42 42 3.3310000000000004
43 42 -2.6438000000000001
44 42 -3.1498000000000004
45 42 -301.3770000000000095
46 42 -311.5519999999999641
47 42 -280.3680000000000518
48 42 -291.2799999999999727
49 42 1.5000000000000000
50 42 3.2200000000000002
71 42 0.6800000000000000
73 42 0.7700000000000000
74 42 0.2920000000000000
81 42 -0.5000000000000000
41 43 -83.8780000000000143
42 43 -2.6438000000000001
43 43 4.1642999999999999
44 43 4.1080000000000005
45 43 389.7920000000000300
46 43 404.8339999999999463
47 43 362.0879999999999654
48 43 376.6469999999999914
49 43 -1.5000000000000000
50 43 -4.2300000000000004
71 43 -0.8700000000000000
73 43 -0.9300000000000000
74 43 -1.0140000000000000
81 43 0.5000000000000000
41 44 -100.3979999999999961
42 44 -3.1498000000000004
43 44 4.1080000000000005
44 44 9.0647000000000002
45 44 801.7630000000000337
46 44 833.9490000000000691
47 44 751.7509999999999764
48 44 780.7969999999999118
49 44 -2.7000000000000002
50 44 -8.8500000000000014
69 44 -1.0000000000000000
70 44 -0.5400000000000000
71 44 -1.0000000000000000
72 44 -0.6500000000000000
73 44 -1.0000000000000000
74 44 -3.0310000000000001
81 44 0.9000000000000000
41 45 -9997.3100000000013097
42 45 -301.3770000000000095
43 45 389.7920000000000300
44 45 801.7630000000000337
45 45 83424.7599999999947613
46 45 86117.7799999999988358
47 45 77586.8300000000017462
48 45 80235.1699999999982538
49 45 -304.6000000000000227
50 45 -905.0000000000000000
69 45 -87.9000000000000057
70 45 -86.2000000000000028
71 45 -99.9000000000000057
72 45 -89.5999999999999943
73 45 -79.5000000000000000
74 45 -291.7300000000000182
81 45 101.0000000000000000
41 46 -10311.5000000000018190
42 46 -311.5519999999999641
43 46 404.8339999999999463
44 46 833.9490000000000691
45 46 86117.7799999999988358
46 46 89137.2100000000064028
47 46 80370.7299999999959255
48 46 83232.5499999999883585
49 46 -303.8000000000000114
50 46 -940.4999999999998863
69 46 -91.5999999999999943
70 46 -90.0000000000000000
71 46 -100.4000000000000057
72 46 -91.7000000000000028
73 46 -85.0999999999999943
74 46 -307.9900000000000091
81 46 101.0000000000000000
41 47 -9437.5299999999988358
42 47 -280.3680000000000518
43 47 362.0879999999999654
44 47 751.7509999999999764
45 47 77586.8300000000017462
46 47 80370.7299999999959255
47 47 72692.3899999999994179
48 47 75326.0500000000029104
49 47 -275.0000000000000000
50 47 -849.3000000000000682
69 47 -88.0999999999999943
70 47 -88.0000000000000000
71 47 -80.7999999999999972
72 47 -79.2999999999999972
73 47 -80.2000000000000028
74 47 -271.7599999999999909
81 47 91.0000000000000000
41 48 -9810.0499999999992724
42 48 -291.2799999999999727
43 48 376.6469999999999914
44 48 780.7969999999999118
45 48 80235.1699999999982538
46 48 83232.5499999999883585
47 48 75326.0500000000029104
48 48 78124.7899999999935972
49 48 -273.8000000000000114
50 48 -881.5000000000000000
69 48 -92.0000000000000000
70 48 -91.2999999999999972
71 48 -81.7000000000000028
72 48 -82.0999999999999943
73 48 -86.2000000000000028
74 48 -282.9399999999999977
81 48 91.0000000000000000
41 49 30.0000000000000000
42 49 1.5000000000000000
43 49 -1.5000000000000000
44 49 -2.7000000000000002
45 49 -304.6000000000000227
46 49 -303.8000000000000114
47 49 -275.0000000000000000
48 49 -273.8000000000000114
49 49 11.0000000000000000
50 49 3.0000000000000000
81 49 -3.0000000000000000
41 50 103.7999999999999972
42 50 3.2200000000000002
43 50 -4.2300000000000004
44 50 -8.8500000000000014
45 50 -905.0000000000000000
46 50 -940.4999999999998863
47 50 -849.3000000000000682
48 50 -881.5000000000000000
49 50 3.0000000000000000
50 50 10.0000000000000000
69 50 1.0000000000000000
70 50 1.0000000000000000
71 50 1.0000000000000000
72 50 1.0000000000000000
73 50 1.0000000000000000
74 50 3.2999999999999998
81 50 -1.0000000000000000
51 51 3793.8299999999999272
52 51 91.7820000000000107
53 51 -107.8069999999999879
54 51 -120.5909999999999798
55 51 -10960.3000000000010914
56 51 -11303.7899999999990541
57 51 -10434.2899999999990541
58 51 -10885.1399999999994179
59 51 33.0000000000000000
60 51 122.0999999999999801
71 51 10.5999999999999996
72 51 2.5000000000000000
73 51 11.5000000000000000
74 51 4.6200000000000010
75 51 3.6000000000000001
76 51 2.0000000000000000
77 51 14.5999999999999996
78 51 6.0999999999999996
84 51 -11.0000000000000000
51 52 91.7820000000000107
52 52 4.1184000000000003
53 52 -3.8543000000000003
54 52 -4.2092000000000001
55 52 -360.8029999999999973
56 52 -374.7669999999999959
57 52 -347.0550000000000068
58 52 -364.3009999999999877
59 52 1.5000000000000000
60 52 4.2599999999999998
71 52 0.3900000000000000
73 52 0.7300000000000000
74 52 0.0440000000000000
75 52 0.2700000000000000
77 52 1.0000000000000000
78 52 0.3300000000000000
84 52 -0.5000000000000000
51 53 -107.8069999999999879
52 53 -3.8543000000000003
53 53 6.9069000000000003
54 53 6.8128000000000011
55 53 577.1209999999999809
56 53 598.2130000000000791
57 53 544.6119999999999663
58 53 571.8869999999999436
59 53 -1.5000000000000000
60 53 -6.8700000000000010
71 53 -1.0000000000000000
73 53 -0.9800000000000000
74 53 -0.3960000000000000
75 53 -1.0000000000000000
76 53 -0.3800000000000000
77 53 -1.0000000000000000
78 53 -0.6500000000000000
84 53 0.5000000000000000
51 54 -120.5909999999999798
52 54 -4.2092000000000001
53 54 6.8128000000000011
54 54 10.5273000000000003
55 54 817.6170000000000755
56 54 844.4409999999999172
57 54 765.2689999999998918
58 54 801.0519999999997935
59 54 -2.7000000000000002
60 54 -9.7500000000000000
71 54 -1.0000000000000000
72 54 -0.8700000000000000
73 54 -1.0000000000000000
74 54 -1.0780000000000001
75 54 -1.0000000000000000
76 54 -1.0000000000000000
77 54 -1.0000000000000000
78 54 -1.0000000000000000
84 54 0.9000000000000000
51 55 -10960.3000000000010914
52 55 -360.8029999999999973
53 55 577.1209999999999809
54 55 817.6170000000000755
55 55 71791.5399999999935972
56 55 73851.2200000000011642
57 55 66627.1900000000023283
58 55 69438.3899999999994179
59 55 -270.3000000000000114
60 55 -839.9000000000000909
71 55 -98.2000000000000028
72 55 -87.9000000000000057
73 55 -78.2000000000000028
74 55 -107.5800000000000125
75 55 -78.7999999999999972
76 55 -66.9000000000000057
77 55 -74.7000000000000028
78 55 -70.7000000000000028
84 55 89.0000000000000000
51 56 -11303.7899999999990541
52 56 -374.7669999999999959
53 56 598.2130000000000791
54 56 844.4409999999999172
55 56 73851.2200000000011642
56 56 76035.0500000000029104
57 56 68664.9400000000023283
58 56 71627.2799999999988358
59 56 -268.6000000000000227
60 56 -866.8999999999998636
71 56 -98.0000000000000000
72 56 -89.2999999999999972
73 56 -82.7000000000000028
74 56 -107.2500000000000142
75 56 -82.7000000000000028
76 56 -71.4000000000000057
77 56 -79.7999999999999972
78 56 -75.9000000000000057
84 56 89.0000000000000000
51 57 -10434.2899999999990541
52 57 -347.0550000000000068
53 57 544.6119999999999663
54 57 765.2689999999998918
55 57 66627.1900000000023283
56 57 68664.9400000000023283
57 57 62201.6399999999994179
58 57 64944.7599999999947613
59 57 -250.1999999999999886
60 57 -785.1999999999999318
71 57 -78.5999999999999943
72 57 -77.0999999999999943
73 57 -78.0000000000000000
74 57 -93.9400000000000119
75 57 -75.0999999999999943
76 57 -67.5999999999999943
77 57 -77.2999999999999972
78 57 -69.5999999999999943
84 57 82.0000000000000000
51 58 -10885.1399999999994179
52 58 -364.3009999999999877
53 58 571.8869999999999436
54 58 801.0519999999997935
55 58 69438.3899999999994179
56 58 71627.2799999999988358
57 58 64944.7599999999947613
58 58 67881.2200000000011642
59 58 -247.6999999999999886
60 58 -821.2999999999999545
71 58 -79.0000000000000000
72 58 -79.4000000000000057
73 58 -83.5000000000000000
74 58 -94.9300000000000068
75 58 -80.5000000000000000
76 58 -73.7999999999999972
77 58 -83.0000000000000000
78 58 -75.2999999999999972
84 58 82.0000000000000000
51 59 33.0000000000000000
52 59 1.5000000000000000
53 59 -1.5000000000000000
54 59 -2.7000000000000002
55 59 -270.3000000000000114
56 59 -268.6000000000000227
57 59 -250.1999999999999886
58 59 -247.6999999999999886
59 59 11.0000000000000000
60 59 3.0000000000000000
84 59 -3.0000000000000000
51 60 122.0999999999999801
52 60 4.2599999999999998
53 60 -6.8700000000000010
54 60 -9.7500000000000000
55 60 -839.9000000000000909
56 60 -866.8999999999998636
57 60 -785.1999999999999318
58 60 -821.2999999999999545
59 60 3.0000000000000000
60 60 10.0000000000000000
71 60 1.0000000000000000
72 60 1.0000000000000000
73 60 1.0000000000000000
74 60 1.1000000000000001
75 60 1.0000000000000000
76 60 1.0000000000000000
77 60 1.0000000000000000
78 60 1.0000000000000000
84 60 -1.0000000000000000
1 61 5.5000000000000000
2 61 0.6800000000000000
3 61 -0.9600000000000000
4 61 -1.0000000000000000
5 61 -84.0000000000000000
6 61 -88.0999999999999943
7 61 -79.4000000000000057
8 61 -83.2000000000000028
10 61 1.0000000000000000
11 61 5.5000000000000000
12 61 0.5700000000000000
13 61 -1.0000000000000000
14 61 -1.0000000000000000
15 61 -84.0000000000000000
16 61 -88.0999999999999943
17 61 -79.4000000000000057
18 61 -83.2000000000000028
20 61 1.0000000000000000
21 61 5.5000000000000000
22 61 0.6800000000000000
23 61 -0.9600000000000000
24 61 -1.0000000000000000
25 61 -84.0000000000000000
26 61 -88.0999999999999943
27 61 -79.4000000000000057
28 61 -83.2000000000000028
30 61 1.0000000000000000
31 61 5.5000000000000000
32 61 0.6800000000000000
33 61 -0.9600000000000000
34 61 -1.0000000000000000
35 61 -84.0000000000000000
36 61 -88.0999999999999943
37 61 -79.4000000000000057
38 61 -83.2000000000000028
40 61 1.0000000000000000
61 61 5.0000000000000000
1 62 0.8000000000000000
4 62 -0.7800000000000000
5 62 -87.9000000000000057
6 62 -82.9000000000000057
7 62 -74.5999999999999943
8 62 -80.5999999999999943
10 62 1.0000000000000000
11 62 0.8000000000000000
13 62 -0.0100000000000000
14 62 -0.9800000000000000
15 62 -87.9000000000000057
16 62 -82.9000000000000057
17 62 -74.5999999999999943
18 62 -80.5999999999999943
20 62 1.0000000000000000
62 62 3.0000000000000000
1 63 12.0600000000000005
2 63 0.4130000000000000
3 63 -1.0930000000000000
4 63 -3.0930000000000000
5 63 -282.3600000000000136
6 63 -302.9199999999999591
7 63 -274.7799999999999727
8 63 -289.8799999999999955
10 63 3.2999999999999998
11 63 1.5000000000000000
12 63 0.1200000000000000
13 63 -0.3600000000000000
14 63 -0.9500000000000000
15 63 -60.6000000000000014
16 63 -76.2999999999999972
17 63 -68.5999999999999943
18 63 -76.7999999999999972
20 63 1.0000000000000000
63 63 5.6500000000000004
1 64 5.7999999999999998
2 64 0.5000000000000000
3 64 -0.6200000000000000
4 64 -0.9800000000000000
5 64 -96.5000000000000000
6 64 -98.0999999999999943
7 64 -80.7999999999999972
8 64 -81.5000000000000000
10 64 1.0000000000000000
11 64 5.7999999999999998
12 64 0.4600000000000000
13 64 -0.6700000000000000
14 64 -1.0000000000000000
15 64 -96.5000000000000000
16 64 -98.0999999999999943
17 64 -80.7999999999999972
18 64 -81.5000000000000000
20 64 1.0000000000000000
21 64 6.5000000000000000
22 64 0.4800000000000000
23 64 -0.5600000000000001
24 64 -0.9700000000000000
25 64 -96.5000000000000000
26 64 -97.0999999999999943
27 64 -82.2000000000000028
28 64 -83.2999999999999972
30 64 1.0000000000000000
31 64 6.5000000000000000
32 64 0.4500000000000000
33 64 -0.6300000000000000
34 64 -1.0000000000000000
35 64 -96.5000000000000000
36 64 -97.0999999999999943
37 64 -82.2000000000000028
38 64 -83.2999999999999972
40 64 1.0000000000000000
64 64 5.0000000000000000
21 65 9.5000000000000000
22 65 0.7000000000000000
23 65 -0.8300000000000000
24 65 -1.0000000000000000
25 65 -89.0999999999999943
26 65 -92.0000000000000000
27 65 -77.4000000000000057
28 65 -80.0999999999999943
30 65 1.0000000000000000
31 65 9.5000000000000000
32 65 0.6800000000000000
33 65 -0.9000000000000000
34 65 -1.0000000000000000
35 65 -89.0999999999999943
36 65 -92.0000000000000000
37 65 -77.4000000000000057
38 65 -80.0999999999999943
40 65 1.0000000000000000
65 65 3.0000000000000000
11 66 2.7000000000000002
12 66 0.1300000000000000
13 66 -0.2800000000000000
14 66 -0.7900000000000000
15 66 -77.9000000000000057
16 66 -81.4000000000000057
17 66 -70.5999999999999943
18 66 -74.0000000000000000
20 66 1.0000000000000000
21 66 2.7000000000000002
22 66 0.1300000000000000
23 66 -0.2800000000000000
24 66 -0.7900000000000000
25 66 -77.9000000000000057
26 66 -81.4000000000000057
27 66 -70.5999999999999943
28 66 -74.0000000000000000
30 66 1.0000000000000000
31 66 2.7000000000000002
32 66 0.0900000000000000
33 66 -0.3700000000000000
34 66 -0.9200000000000000
35 66 -77.9000000000000057
36 66 -81.4000000000000057
37 66 -70.5999999999999943
38 66 -74.0000000000000000
40 66 1.0000000000000000
66 66 4.0000000000000000
21 67 10.8000000000000007
22 67 0.9700000000000000
23 67 -1.0000000000000000
24 67 -1.0000000000000000
25 67 -84.5999999999999943
26 67 -89.7000000000000028
27 67 -83.5999999999999943
28 67 -89.4000000000000057
30 67 1.0000000000000000
31 67 10.8000000000000007
32 67 0.9300000000000000
33 67 -1.0000000000000000
34 67 -1.0000000000000000
35 67 -84.5999999999999943
36 67 -89.7000000000000028
37 67 -83.5999999999999943
38 67 -89.4000000000000057
40 67 1.0000000000000000
67 67 3.0000000000000000
21 68 15.5399999999999991
22 68 0.5569999999999999
23 68 -1.1650000000000000
24 68 -2.9969999999999999
25 68 -279.9600000000000364
26 68 -299.6800000000000068
27 68 -263.2599999999999909
28 68 -277.6399999999999864
30 68 3.3000000000000003
31 68 8.3200000000000003
32 68 0.2850000000000000
33 68 -0.8550000000000000
34 68 -2.0280000000000000
35 68 -166.0900000000000034
36 68 -183.6599999999999966
37 68 -162.5400000000000205
38 68 -173.3799999999999955
40 68 2.1000000000000001
68 68 6.8600000000000003
41 69 1.8000000000000000
44 69 -1.0000000000000000
45 69 -87.9000000000000057
46 69 -91.5999999999999943
47 69 -88.0999999999999943
48 69 -92.0000000000000000
50 69 1.0000000000000000
69 69 2.0000000000000000
41 70 1.3999999999999999
44 70 -0.5400000000000000
45 70 -86.2000000000000028
46 70 -90.0000000000000000
47 70 -88.0000000000000000
48 70 -91.2999999999999972
50 70 1.0000000000000000
70 70 2.0000000000000000
41 71 10.5999999999999996
42 71 0.6800000000000000
43 71 -0.8700000000000000
44 71 -1.0000000000000000
45 71 -99.9000000000000057
46 71 -100.4000000000000057
47 71 -80.7999999999999972
48 71 -81.7000000000000028
50 71 1.0000000000000000
51 71 10.5999999999999996
52 71 0.3900000000000000
53 71 -1.0000000000000000
54 71 -1.0000000000000000
55 71 -98.2000000000000028
56 71 -98.0000000000000000
57 71 -78.5999999999999943
58 71 -79.0000000000000000
60 71 1.0000000000000000
71 71 4.0000000000000000
87 71 10.5999999999999996
88 71 0.3900000000000000
89 71 -1.0000000000000000
90 71 -1.0000000000000000
91 71 -98.2000000000000028
92 71 -98.0000000000000000
93 71 -78.5999999999999943
94 71 -79.0000000000000000
96 71 1.0000000000000000
41 72 2.5000000000000000
44 72 -0.6500000000000000
45 72 -89.5999999999999943
46 72 -91.7000000000000028
47 72 -79.2999999999999972
48 72 -82.0999999999999943
50 72 1.0000000000000000
51 72 2.5000000000000000
54 72 -0.8700000000000000
55 72 -87.9000000000000057
56 72 -89.2999999999999972
57 72 -77.0999999999999943
58 72 -79.4000000000000057
60 72 1.0000000000000000
72 72 4.0000000000000000
87 72 2.5000000000000000
90 72 -0.8700000000000000
91 72 -87.9000000000000057
92 72 -89.2999999999999972
93 72 -77.0999999999999943
94 72 -79.4000000000000057
96 72 1.0000000000000000
41 73 11.5000000000000000
42 73 0.7700000000000000
43 73 -0.9300000000000000
44 73 -1.0000000000000000
45 73 -79.5000000000000000
46 73 -85.0999999999999943
47 73 -80.2000000000000028
48 73 -86.2000000000000028
50 73 1.0000000000000000
51 73 11.5000000000000000
52 73 0.7300000000000000
53 73 -0.9800000000000000
54 73 -1.0000000000000000
55 73 -78.2000000000000028
56 73 -82.7000000000000028
57 73 -78.0000000000000000
58 73 -83.5000000000000000
60 73 1.0000000000000000
73 73 4.0000000000000000
87 73 11.5000000000000000
88 73 0.7300000000000000
89 73 -0.9800000000000000
90 73 -1.0000000000000000
91 73 -78.2000000000000028
92 73 -82.7000000000000028
93 73 -78.0000000000000000
94 73 -83.5000000000000000
96 73 1.0000000000000000
41 74 11.2800000000000011
42 74 0.2920000000000000
43 74 -1.0140000000000000
44 74 -3.0310000000000001
45 74 -291.7300000000000182
46 74 -307.9900000000000091
47 74 -271.7599999999999909
48 74 -282.9399999999999977
50 74 3.2999999999999998
51 74 4.6200000000000010
52 74 0.0440000000000000
53 74 -0.3960000000000000
54 74 -1.0780000000000001
55 74 -107.5800000000000125
56 74 -107.2500000000000142
57 74 -93.9400000000000119
58 74 -94.9300000000000068
60 74 1.1000000000000001
74 74 8.5099999999999998
87 74 9.7800000000000011
88 74 0.1280000000000000
89 74 -0.7200000000000000
90 74 -2.1580000000000004
91 74 -229.2600000000000193
92 74 -229.0500000000000114
93 74 -200.7400000000000091
94 74 -203.1700000000000159
96 74 2.2999999999999998
51 75 3.6000000000000001
52 75 0.2700000000000000
53 75 -1.0000000000000000
54 75 -1.0000000000000000
55 75 -78.7999999999999972
56 75 -82.7000000000000028
57 75 -75.0999999999999943
58 75 -80.5000000000000000
60 75 1.0000000000000000
75 75 3.0000000000000000
87 75 3.6000000000000001
88 75 0.2700000000000000
89 75 -1.0000000000000000
90 75 -1.0000000000000000
91 75 -78.7999999999999972
92 75 -82.7000000000000028
93 75 -75.0999999999999943
94 75 -80.5000000000000000
96 75 1.0000000000000000
51 76 2.0000000000000000
53 76 -0.3800000000000000
54 76 -1.0000000000000000
55 76 -66.9000000000000057
56 76 -71.4000000000000057
57 76 -67.5999999999999943
58 76 -73.7999999999999972
60 76 1.0000000000000000
76 76 3.0000000000000000
87 76 2.0000000000000000
89 76 -0.3800000000000000
90 76 -1.0000000000000000
91 76 -66.9000000000000057
92 76 -71.4000000000000057
93 76 -67.5999999999999943
94 76 -73.7999999999999972
96 76 1.0000000000000000
51 77 14.5999999999999996
52 77 1.0000000000000000
53 77 -1.0000000000000000
54 77 -1.0000000000000000
55 77 -74.7000000000000028
56 77 -79.7999999999999972
57 77 -77.2999999999999972
58 77 -83.0000000000000000
60 77 1.0000000000000000
77 77 3.0000000000000000
87 77 14.5999999999999996
88 77 1.0000000000000000
89 77 -1.0000000000000000
90 77 -1.0000000000000000
91 77 -74.7000000000000028
92 77 -79.7999999999999972
93 77 -77.2999999999999972
94 77 -83.0000000000000000
96 77 1.0000000000000000
51 78 6.0999999999999996
52 78 0.3300000000000000
53 78 -0.6500000000000000
54 78 -1.0000000000000000
55 78 -70.7000000000000028
56 78 -75.9000000000000057
57 78 -69.5999999999999943
58 78 -75.2999999999999972
60 78 1.0000000000000000
78 78 2.0000000000000000
1 79 -11.0000000000000000
2 79 -0.5000000000000000
3 79 0.5000000000000000
4 79 0.9000000000000000
5 79 100.0000000000000000
6 79 100.0000000000000000
7 79 90.0000000000000000
8 79 90.0000000000000000
9 79 -3.0000000000000000
10 79 -1.0000000000000000
79 79 3.0000000000000000
80 79 -1.0000000000000000
81 79 -1.0000000000000000
21 80 -11.0000000000000000
22 80 -0.5000000000000000
23 80 0.5000000000000000
24 80 0.9000000000000000
25 80 100.0000000000000000
26 80 100.0000000000000000
27 80 90.0000000000000000
28 80 90.0000000000000000
29 80 -3.0000000000000000
30 80 -1.0000000000000000
79 80 -1.0000000000000000
80 80 3.0000000000000000
81 80 -1.0000000000000000
41 81 -10.0000000000000000
42 81 -0.5000000000000000
43 81 0.5000000000000000
44 81 0.9000000000000000
45 81 101.0000000000000000
46 81 101.0000000000000000
47 81 91.0000000000000000
48 81 91.0000000000000000
49 81 -3.0000000000000000
50 81 -1.0000000000000000
79 81 -1.0000000000000000
80 81 -1.0000000000000000
81 81 3.0000000000000000
11 82 -11.0000000000000000
12 82 -0.5000000000000000
13 82 0.5000000000000000
14 82 0.9000000000000000
15 82 89.0000000000000000
16 82 89.0000000000000000
17 82 82.0000000000000000
18 82 82.0000000000000000
19 82 -3.0000000000000000
20 82 -1.0000000000000000
82 82 3.0000000000000000
83 82 -1.0000000000000000
84 82 -1.0000000000000000
86 82 1.2500000000000000
31 83 -11.0000000000000000
32 83 -0.5000000000000000
33 83 0.5000000000000000
34 83 0.9000000000000000
35 83 89.0000000000000000
36 83 89.0000000000000000
37 83 82.0000000000000000
38 83 82.0000000000000000
39 83 -3.0000000000000000
40 83 -1.0000000000000000
82 83 -1.0000000000000000
83 83 3.0000000000000000
84 83 -1.0000000000000000
86 83 -0.7500000000000000
51 84 -11.0000000000000000
52 84 -0.5000000000000000
53 84 0.5000000000000000
54 84 0.9000000000000000
55 84 89.0000000000000000
56 84 89.0000000000000000
57 84 82.0000000000000000
58 84 82.0000000000000000
59 84 -3.0000000000000000
60 84 -1.0000000000000000
82 84 -1.0000000000000000
83 84 -1.0000000000000000
84 84 3.0000000000000000
86 84 -0.7500000000000000
1 85 4.5000000000000000
2 85 0.2700000000000000
3 85 -0.9700000000000000
4 85 -1.0000000000000000
5 85 -97.9000000000000057
6 85 -100.2999999999999972
7 85 -95.0000000000000000
8 85 -98.0000000000000000
10 85 1.0000000000000000
21 85 4.5000000000000000
22 85 0.2700000000000000
23 85 -0.9700000000000000
24 85 -1.0000000000000000
25 85 -97.9000000000000057
26 85 -100.2999999999999972
27 85 -95.0000000000000000
28 85 -98.0000000000000000
30 85 1.0000000000000000
85 85 3.0000000000000000
11 86 2.7500000000000000
12 86 0.1250000000000000
13 86 -0.1250000000000000
14 86 -0.2250000000000000
15 86 -22.2500000000000000
16 86 -22.2500000000000000
17 86 -20.5000000000000000
18 86 -20.5000000000000000
19 86 0.7500000000000000
20 86 0.2500000000000000
82 86 1.2500000000000000
83 86 -0.7500000000000000
84 86 -0.7500000000000000
86 86 2.1875000000000000
71 87 10.5999999999999996
72 87 2.5000000000000000
73 87 11.5000000000000000
74 87 9.7800000000000011
75 87 3.6000000000000001
76 87 2.0000000000000000
77 87 14.5999999999999996
87 87 3754.1099999999996726
88 87 89.5700000000000074
89 87 -104.5029999999999859
90 87 -117.4609999999999843
91 87 -10886.0500000000010914
92 87 -11198.2500000000000000
93 87 -10320.4300000000002910
94 87 -10741.6700000000000728
95 87 30.0000000000000000
96 87 119.2999999999999829
71 88 0.3900000000000000
73 88 0.7300000000000000
74 88 0.1280000000000000
75 88 0.2700000000000000
77 88 1.0000000000000000
87 88 89.5700000000000074
88 88 4.0144000000000002
