356 356 12786
1 1 139.3659758001000171
2 1 1.0000000000000000
19 1 -6.7260000000000000
20 1 -3.0600000000000001
21 1 -5.1930000000000005
22 1 -2.7600000000000002
23 1 -2.4150000000000000
24 1 -4.1189999999999998
25 1 -3.8580000000000001
26 1 -4.0020000000000007
27 1 -5.2080000000000002
28 1 -2.9399999999999999
29 1 -0.6360000000000000
30 1 -13.6020000000000003
31 1 -1.4820000000000000
32 1 -28.0799699999999994
33 1 -9.0299999999999994
1 2 1.0000000000000000
2 2 2.0000000000000000
38 2 0.1608500000000000
52 2 -1.0000000000000000
3 3 3.0000000000000000
4 3 0.0932900000000000
5 3 0.0000200000000000
6 3 0.0191900000000000
7 3 0.1614100000000000
8 3 0.0685700000000000
9 3 0.0106800000000000
10 3 0.0376900000000000
11 3 0.0023000000000000
12 3 0.0002700000000000
13 3 0.0435900000000000
14 3 0.0002800000000000
15 3 0.0093800000000000
16 3 0.2772700000000000
17 3 0.0319900000000000
18 3 0.2357200000000000
45 3 0.0083500000000000
49 3 1.0000000000000000
50 3 1.2250399999999999
54 3 -1.0000000000000000
3 4 0.0932900000000000
4 4 3.9062656143000001
5 4 -0.0016444323000000
6 4 -0.0103390559000000
7 4 -0.2156254227000000
8 4 -0.0585557189000000
9 4 -0.0578982607000000
10 4 -0.0584843572000000
11 4 0.0026883590000000
12 4 0.0010734923000000
13 4 0.2406474030000000
14 4 0.6170554873000000
15 4 0.0025020264000000
16 4 0.2703015309000000
17 4 0.0052046353000000
18 4 0.0853833393000000
19 4 -0.9495600000000000
20 4 0.0026000000000000
21 4 0.0000800000000000
22 4 0.2186200000000000
23 4 0.0673600000000000
24 4 0.0743900000000000
25 4 0.0501100000000000
26 4 0.0003200000000000
27 4 0.0003400000000000
28 4 0.0021300000000000
29 4 0.0001700000000000
31 4 0.0000600000000000
33 4 0.0003600000000000
34 4 -0.0000676493000000
35 4 -0.0004162913000000
36 4 -0.0007630274000000
37 4 0.0047992978000000
38 4 -0.1620021542000000
44 4 -1.0000000000000000
45 4 0.2220852502000000
47 4 2.3173462913999998
49 4 0.0932900000000000
52 4 0.4033700000000000
54 4 -0.0932900000000000
70 4 -1.6864200000000000
71 4 -0.0026000000000000
72 4 -0.0000800000000000
73 4 -0.2186200000000000
74 4 -0.0673600000000000
75 4 -0.0743900000000000
76 4 -0.0501100000000000
77 4 -0.0003200000000000
78 4 -0.0003400000000000
79 4 -0.0021300000000000
80 4 -0.0001700000000000
82 4 -0.0000600000000000
84 4 -0.0003600000000000
3 5 0.0000200000000000
4 5 -0.0016444323000000
5 5 2.7430044727000000
6 5 -0.0300933871000000
7 5 -0.0023959938000000
8 5 -0.0020644583000000
9 5 -0.0051337896000000
10 5 -0.0278363996000000
11 5 -0.0256018136000000
12 5 -0.0612285893000000
13 5 0.0127754241000000
14 5 0.0234702315000000
15 5 -0.0310617671000000
16 5 0.0003069009000000
17 5 -0.0018856794000000
18 5 -0.0248689507000000
19 5 0.0000200000000000
20 5 -0.8516500000000000
21 5 0.0084400000000000
22 5 0.0005400000000000
23 5 0.0002000000000000
24 5 0.0009100000000000
25 5 0.0067300000000000
26 5 0.0273800000000000
27 5 0.0616100000000000
28 5 0.0086500000000000
29 5 0.0098400000000000
30 5 0.0014400000000000
31 5 0.0001200000000000
32 5 0.0005500000000000
33 5 0.0000900000000000
34 5 -0.0005849074000000
35 5 -0.0005651975000000
36 5 -0.0010079667000000
37 5 -0.0135230618000000
38 5 0.0000029566000000
44 5 -1.0000000000000000
45 5 0.0095620080000000
47 5 0.1157700600000000
49 5 0.0000200000000000
54 5 -0.0000200000000000
70 5 -0.0000200000000000
71 5 0.5114500000000000
72 5 -0.0084400000000000
73 5 -0.0005400000000000
74 5 -0.0002000000000000
75 5 -0.0009100000000000
76 5 -0.0067300000000000
77 5 -0.0273800000000000
78 5 -0.0616100000000000
79 5 -0.0086500000000000
80 5 -0.0098400000000000
81 5 -0.0014400000000000
82 5 -0.0001200000000000
83 5 -0.0005500000000000
84 5 -0.0000900000000000
3 6 0.0191900000000000
4 6 -0.0103390559000000
5 6 -0.0300933871000000
6 6 2.5162469049999996
7 6 -0.0078779664000000
8 6 -0.0089054689000000
9 6 -0.0125993685000000
10 6 -0.0031980985000000
11 6 -0.0781996648000000
12 6 -0.0424224801000000
13 6 -0.0050402085000000
14 6 -0.0035631285000000
15 6 -0.0855765135000000
16 6 0.0262369647000000
17 6 -0.1277278126000000
18 6 0.0020775758000000
19 6 0.0196200000000000
20 6 0.0363100000000000
21 6 -0.6891800000000000
22 6 0.0153600000000000
23 6 0.0145100000000000
24 6 0.0176000000000000
25 6 0.0145800000000000
26 6 0.0876500000000000
27 6 0.0596000000000000
28 6 0.0167400000000000
29 6 0.0090400000000000
30 6 0.0995700000000000
31 6 0.0030900000000000
32 6 0.1292000000000000
33 6 0.0023600000000000
34 6 -0.0000104234000000
35 6 0.0000245385000000
36 6 0.0011918661000000
37 6 0.0058902980000000
38 6 0.0029004246000000
44 6 -1.0000000000000000
45 6 -0.0104396307000000
47 6 0.0075132778000000
49 6 0.0191900000000000
54 6 -0.0191900000000000
70 6 -0.0196200000000000
71 6 -0.0363100000000000
72 6 0.6761600000000000
73 6 -0.0153600000000000
74 6 -0.0145100000000000
75 6 -0.0176000000000000
76 6 -0.0145800000000000
77 6 -0.0876500000000000
78 6 -0.0596000000000000
79 6 -0.0167400000000000
80 6 -0.0090400000000000
81 6 -0.0995700000000000
82 6 -0.0030900000000000
83 6 -0.1292000000000000
84 6 -0.0023600000000000
3 7 0.1614100000000000
4 7 -0.2156254227000000
5 7 -0.0023959938000000
6 7 -0.0078779664000000
7 7 3.0121411293999993
8 7 0.0542041591000000
9 7 0.0167606638000000
10 7 0.1171574931000000
11 7 0.0059062696000000
12 7 0.0368574317000000
13 7 0.1543444810000000
14 7 0.0107378600000000
15 7 -0.0056709212000000
16 7 -0.0075496576000000
17 7 0.0021971506000000
18 7 0.0407237704000000
19 7 0.0537200000000000
20 7 0.0029000000000000
21 7 0.0011900000000000
22 7 -0.8340200000000000
23 7 0.0043400000000000
24 7 0.0061300000000000
25 7 0.0154100000000000
26 7 0.0020600000000000
27 7 0.0046600000000000
28 7 0.0025800000000000
29 7 0.0030600000000000
30 7 0.0009400000000000
31 7 0.0010900000000000
32 7 0.0036200000000000
33 7 0.0028000000000000
34 7 -0.0000213137000000
35 7 -0.0000079890000000
36 7 -0.0004063809000000
37 7 -0.0038735234000000
38 7 0.0079414276000000
44 7 -1.5321500000000001
45 7 -0.0378083178000000
47 7 0.0450336814000000
49 7 0.1614100000000000
54 7 -0.1614100000000000
70 7 -0.0537200000000000
71 7 -0.0029000000000000
72 7 -0.0011900000000000
73 7 0.6870799999999999
74 7 -0.0043400000000000
75 7 -0.0061300000000000
76 7 -0.0154100000000000
77 7 -0.0020600000000000
78 7 -0.0046600000000000
79 7 -0.0025800000000000
80 7 -0.0030600000000000
81 7 -0.0009400000000000
82 7 -0.0010900000000000
83 7 -0.0036200000000000
84 7 -0.0028000000000000
3 8 0.0685700000000000
4 8 -0.0585557189000000
5 8 -0.0020644583000000
6 8 -0.0089054689000000
7 8 0.0542041591000000
8 8 2.6329574483999996
9 8 -0.0039111746000000
10 8 -0.0351190956000000
11 8 -0.0022036989000000
12 8 0.0000907488000000
13 8 0.0244430056000000
14 8 0.0020538200000000
15 8 -0.0121335902000000
16 8 -0.0431352935000000
17 8 0.0037386384000000
18 8 0.0504816521000000
19 8 0.0180300000000000
20 8 0.0030900000000000
21 8 0.0017300000000000
22 8 0.0035500000000000
23 8 -0.7800100000000000
24 8 0.0075400000000000
25 8 0.0119000000000000
26 8 0.0052700000000000
27 8 0.0059200000000000
28 8 0.0085700000000000
29 8 0.0030300000000000
30 8 0.0025200000000000
31 8 0.0018700000000000
32 8 0.0016600000000000
33 8 0.0023100000000000
34 8 -0.0000416786000000
35 8 -0.0001523742000000
36 8 -0.0007115212000000
37 8 -0.0177497994000000
38 8 0.0026653749000000
44 8 -1.0829200000000001
45 8 -0.1071493274000000
47 8 0.0383828750000000
49 8 0.0685700000000000
54 8 -0.0685700000000000
70 8 -0.0180300000000000
71 8 -0.0030900000000000
72 8 -0.0017300000000000
73 8 -0.0035500000000000
74 8 0.6352599999999999
75 8 -0.0075400000000000
76 8 -0.0119000000000000
77 8 -0.0052700000000000
78 8 -0.0059200000000000
79 8 -0.0085700000000000
80 8 -0.0030300000000000
81 8 -0.0025200000000000
82 8 -0.0018700000000000
83 8 -0.0016600000000000
84 8 -0.0023100000000000
3 9 0.0106800000000000
4 9 -0.0578982607000000
5 9 -0.0051337896000000
6 9 -0.0125993685000000
7 9 0.0167606638000000
8 9 -0.0039111746000000
9 9 2.7027234533000004
10 9 -0.0296628093000000
11 9 -0.0273402170000000
12 9 -0.0012751256000000
13 9 0.0483313146000000
14 9 0.0007203994000000
15 9 -0.0161263798000000
16 9 -0.0083936734000000
17 9 -0.0066516328000000
18 9 -0.0254062591000000
19 9 0.0037400000000000
20 9 0.0079300000000000
21 9 0.0075100000000000
22 9 0.0145300000000000
23 9 0.0075400000000000
24 9 -0.8190100000000000
25 9 0.0273700000000000
26 9 0.0355500000000000
27 9 0.0089600000000000
28 9 0.0169300000000000
29 9 0.0429700000000000
30 9 0.0057600000000000
31 9 0.0078100000000000
32 9 0.0058300000000000
33 9 0.0086100000000000
34 9 -0.0000567932000000
35 9 -0.0007047434000000
36 9 -0.0012185403000000
37 9 -0.0162236801000000
38 9 0.0005528842000000
44 9 -1.0572800000000000
45 9 -0.0036742418000000
47 9 0.2095656623000000
49 9 0.0106800000000000
54 9 -0.0106800000000000
70 9 -0.0037400000000000
71 9 -0.0079300000000000
72 9 -0.0075100000000000
73 9 -0.0145300000000000
74 9 -0.0075400000000000
75 9 0.3595000000000000
76 9 -0.0273700000000000
77 9 -0.0355500000000000
78 9 -0.0089600000000000
79 9 -0.0169300000000000
80 9 -0.0429700000000000
81 9 -0.0057600000000000
82 9 -0.0078100000000000
83 9 -0.0058300000000000
84 9 -0.0086100000000000
3 10 0.0376900000000000
4 10 -0.0584843572000000
5 10 -0.0278363996000000
6 10 -0.0031980985000000
7 10 0.1171574931000000
8 10 -0.0351190956000000
9 10 -0.0296628093000000
10 10 2.8174163940000003
11 10 -0.0185909306000000
12 10 0.0154643765000000
13 10 0.0397542733000000
14 10 0.0076719712000000
15 10 -0.0119678502000000
16 10 -0.0190169390000000
17 10 -0.0469399077000000
18 10 -0.0241961751000000
19 10 0.0282600000000000
20 10 0.0281800000000000
21 10 0.0068800000000000
22 10 0.0055800000000000
23 10 0.0625900000000000
24 10 0.0293400000000000
25 10 -0.8577600000000000
26 10 0.0237800000000000
27 10 0.0088900000000000
28 10 0.0502400000000000
29 10 0.0168100000000000
30 10 0.0061200000000000
31 10 0.0017900000000000
32 10 0.0463900000000000
33 10 0.0096400000000000
34 10 -0.0001828541000000
35 10 -0.0000725864000000
36 10 -0.0007552253000000
37 10 0.0027791290000000
38 10 0.0041776758000000
44 10 -1.2375499999999999
45 10 -0.0474270794000000
47 10 0.1366626637000000
49 10 0.0376900000000000
54 10 -0.0376900000000000
70 10 -0.0282600000000000
71 10 -0.0281800000000000
72 10 -0.0068800000000000
73 10 -0.0055800000000000
74 10 -0.0625900000000000
75 10 -0.0293400000000000
76 10 0.5342700000000000
77 10 -0.0237800000000000
78 10 -0.0088900000000000
79 10 -0.0502400000000000
80 10 -0.0168100000000000
81 10 -0.0061200000000000
82 10 -0.0017900000000000
83 10 -0.0463900000000000
84 10 -0.0096400000000000
3 11 0.0023000000000000
4 11 0.0026883590000000
5 11 -0.0256018136000000
6 11 -0.0781996648000000
7 11 0.0059062696000000
8 11 -0.0022036989000000
9 11 -0.0273402170000000
10 11 -0.0185909306000000
11 11 2.8638323398999992
12 11 -0.0112564125000000
13 11 0.0233190936000000
14 11 -0.0879279484000000
15 11 -0.0412387759000000
16 11 -0.0452935654000000
17 11 -0.0025351279000000
18 11 -0.0231727045000000
19 11 0.0001100000000000
20 11 0.0032700000000000
21 11 0.0008500000000000
22 11 0.0100500000000000
23 11 0.0007300000000000
24 11 0.0027300000000000
25 11 0.0074900000000000
26 11 -0.9163500000000000
27 11 0.0157800000000000
28 11 0.0057100000000000
29 11 0.1203700000000000
30 11 0.0005300000000000
31 11 0.0004400000000000
32 11 0.0002900000000000
33 11 0.0004900000000000
34 11 -0.0001219939000000
35 11 -0.0002306808000000
36 11 -0.0010540020000000
37 11 -0.0131733717000000
38 11 0.0000162613000000
44 11 -1.0285500000000001
45 11 -0.0123700091000000
47 11 0.1230143442000000
49 11 0.0023000000000000
54 11 -0.0023000000000000
70 11 -0.0001100000000000
71 11 -0.0032700000000000
72 11 -0.0008500000000000
73 11 -0.0100500000000000
74 11 -0.0007300000000000
75 11 -0.0027300000000000
76 11 -0.0074900000000000
77 11 0.6419400000000000
78 11 -0.0157800000000000
79 11 -0.0057100000000000
80 11 -0.1203700000000000
81 11 -0.0005300000000000
82 11 -0.0004400000000000
83 11 -0.0002900000000000
84 11 -0.0004900000000000
3 12 0.0002700000000000
4 12 0.0010734923000000
5 12 -0.0612285893000000
6 12 -0.0424224801000000
7 12 0.0368574317000000
8 12 0.0000907488000000
9 12 -0.0012751256000000
10 12 0.0154643765000000
11 12 -0.0112564125000000
12 12 2.7910493261000004
13 12 0.0069970612000000
14 12 0.0024226677000000
15 12 -0.0189157894000000
16 12 0.0948736433000000
17 12 -0.0038463722000000
18 12 -0.0347847295000000
19 12 0.0016800000000000
20 12 0.0178100000000000
21 12 0.0029300000000000
22 12 0.0055200000000000
23 12 0.0050500000000000
24 12 0.0078600000000000
25 12 0.0084900000000000
26 12 0.0147400000000000
27 12 -0.7898200000000000
28 12 0.1342900000000000
29 12 0.0944600000000000
30 12 0.0066600000000000
31 12 0.0027800000000000
32 12 0.0037900000000000
33 12 0.0041500000000000
34 12 0.0000360789000000
35 12 0.0001111581000000
36 12 0.0003050336000000
37 12 0.0005463530000000
38 12 0.0002483544000000
44 12 -1.0827800000000001
45 12 0.1480447810000000
47 12 0.6280567880000000
49 12 0.0002700000000000
54 12 -0.0002700000000000
70 12 -0.0016800000000000
71 12 -0.0178100000000000
72 12 -0.0029300000000000
73 12 -0.0055200000000000
74 12 -0.0050500000000000
75 12 -0.0078600000000000
76 12 -0.0084900000000000
77 12 -0.0147400000000000
78 12 -0.3026300000000000
79 12 -0.1342900000000000
80 12 -0.0944600000000000
81 12 -0.0066600000000000
82 12 -0.0027800000000000
83 12 -0.0037900000000000
84 12 -0.0041500000000000
3 13 0.0435900000000000
4 13 0.2406474030000000
5 13 0.0127754241000000
6 13 -0.0050402085000000
7 13 0.1543444810000000
8 13 0.0244430056000000
9 13 0.0483313146000000
10 13 0.0397542733000000
11 13 0.0233190936000000
12 13 0.0069970612000000
13 13 7.9197108689999993
14 13 12.8572940158999991
15 13 0.4512428360000000
16 13 3.9484861710999994
17 13 0.2592171158000000
18 13 0.4213672406000000
19 13 0.0106200000000000
20 13 0.0176900000000000
21 13 0.0076100000000000
22 13 0.0164200000000000
23 13 0.0134200000000000
24 13 0.0138800000000000
25 13 0.0165000000000000
26 13 0.0259500000000000
27 13 0.0185400000000000
28 13 -0.8687000000000000
29 13 0.0948800000000000
30 13 0.0359700000000000
31 13 0.0058700000000000
32 13 0.0184000000000000
33 13 0.0174400000000000
34 13 -0.0004795415000000
35 13 -0.0005995615000000
36 13 -0.0015053097000000
37 13 -0.0093146719000000
38 13 -0.0039882946000000
44 13 -1.2787700000000000
45 13 2.2866951784999996
47 13 26.0912522725999985
49 13 0.0435900000000000
52 13 0.1036600000000000
54 13 -0.0435900000000000
70 13 -0.6880200000000000
71 13 -0.8723000000000001
72 13 -1.3017500000000000
73 13 -0.6610900000000000
74 13 -0.5224299999999999
75 13 -0.9966499999999999
76 13 -0.6805200000000000
77 13 -1.0705199999999999
78 13 -0.8811300000000000
79 13 0.2922200000000000
80 13 -0.3737600000000000
81 13 -2.9394900000000002
82 13 -0.6235100000000000
83 13 -5.3760399999999997
84 13 -0.9139600000000000
3 14 0.0002800000000000
4 14 0.6170554873000000
5 14 0.0234702315000000
6 14 -0.0035631285000000
7 14 0.0107378600000000
8 14 0.0020538200000000
9 14 0.0007203994000000
10 14 0.0076719712000000
11 14 -0.0879279484000000
12 14 0.0024226677000000
13 14 12.8572940158999991
14 14 39.5679893527000033
15 14 1.0355706120000001
16 14 9.7585017916000005
17 14 0.7822225548000000
18 14 1.3582946589000002
19 14 0.0042300000000000
20 14 0.0054200000000000
21 14 0.0026300000000000
22 14 0.0014900000000000
23 14 0.0028500000000000
24 14 0.0027800000000000
25 14 0.0022200000000000
26 14 0.0096200000000000
27 14 0.0045600000000000
28 14 0.0010200000000000
29 14 -0.9958100000000000
30 14 0.0189700000000000
31 14 0.0015100000000000
32 14 0.0087100000000000
33 14 0.0088200000000000
34 14 -0.0003034612000000
35 14 -0.0006980059000000
36 14 -0.0023371711000000
37 14 -0.0203657193000000
38 14 -0.0137287531000000
45 14 5.6199749384000004
47 14 70.1892050219999959
49 14 0.0002800000000000
52 14 0.2677000000000000
54 14 -0.0002800000000000
70 14 -1.7536200000000000
71 14 -0.9910700000000000
72 14 -1.8338300000000001
73 14 -0.8928800000000000
74 14 -0.4351500000000000
75 14 -0.8832499999999999
76 14 -0.6927000000000000
77 14 -1.3410499999999999
78 14 -0.8237400000000000
79 14 -0.6996000000000000
80 14 0.9522499999999999
81 14 -6.3001899999999997
82 14 -0.5046400000000000
83 14 -15.4106500000000004
84 14 -6.9411300000000011
3 15 0.0093800000000000
4 15 0.0025020264000000
5 15 -0.0310617671000000
6 15 -0.0855765135000000
7 15 -0.0056709212000000
8 15 -0.0121335902000000
9 15 -0.0161263798000000
10 15 -0.0119678502000000
11 15 -0.0412387759000000
12 15 -0.0189157894000000
13 15 0.4512428360000000
14 15 1.0355706120000001
15 15 2.1509862916000002
16 15 0.3259207632000001
17 15 -0.0092948318000000
18 15 -0.0148016540000000
19 15 0.0035200000000000
20 15 0.0381400000000000
21 15 0.0004800000000000
22 15 0.0086900000000000
23 15 0.0146100000000000
24 15 0.0171700000000000
25 15 0.0132500000000000
26 15 0.0460200000000000
27 15 0.0205100000000000
28 15 0.0093100000000000
29 15 0.0054500000000000
30 15 -0.9437200000000000
31 15 0.0072400000000000
32 15 0.0057900000000000
33 15 0.0059800000000000
34 15 -0.0005744520000000
35 15 -0.0002777158000000
36 15 -0.0036394520000000
37 15 -0.0035554258000000
38 15 0.0005203616000000
45 15 0.1481979824000000
47 15 2.3276519784000000
49 15 0.0093800000000000
54 15 -0.0093800000000000
70 15 -0.0035200000000000
71 15 -0.0381400000000000
72 15 -0.0004800000000000
73 15 -0.0086900000000000
74 15 -0.0146100000000000
75 15 -0.0171700000000000
76 15 -0.0132500000000000
77 15 -0.0460200000000000
78 15 -0.0205100000000000
79 15 -0.0093100000000000
80 15 -0.0054500000000000
81 15 -0.5720600000000001
82 15 -0.0072400000000000
83 15 -0.0057900000000000
84 15 -0.0059800000000000
3 16 0.2772700000000000
4 16 0.2703015309000000
5 16 0.0003069009000000
6 16 0.0262369647000000
7 16 -0.0075496576000000
8 16 -0.0431352935000000
9 16 -0.0083936734000000
10 16 -0.0190169390000000
11 16 -0.0452935654000000
12 16 0.0948736433000000
13 16 3.9484861710999994
14 16 9.7585017916000005
15 16 0.3259207632000001
16 16 5.3132035464000005
17 16 0.1030143653000000
18 16 0.4304480781000001
19 16 0.0364700000000000
20 16 0.0374500000000000
21 16 0.0200200000000000
22 16 0.0874300000000000
23 16 0.1153000000000000
24 16 0.0843400000000000
25 16 0.0968200000000000
26 16 0.0963700000000000
27 16 0.0655000000000000
28 16 0.0506800000000000
29 16 0.1165200000000000
30 16 0.0412700000000000
31 16 -0.9935900000000000
32 16 0.0753300000000000
33 16 0.0309300000000000
34 16 0.0002160043000000
35 16 0.0003564319000000
36 16 -0.0008289122000000
37 16 0.0031261900000000
38 16 -0.0000821695000000
44 16 0.0974025000000000
45 16 1.8265346940999998
47 16 20.3834477087000003
49 16 0.2772700000000000
52 16 0.1020800000000000
54 16 -0.2772700000000000
70 16 -0.7035500000000000
71 16 -0.6454900000000000
72 16 -1.1461900000000000
73 16 -0.6622900000000000
74 16 -0.6938200000000000
75 16 -1.0006600000000001
76 16 -0.9741100000000001
77 16 -0.9276399999999999
78 16 -1.1038299999999999
79 16 -0.7472200000000000
80 16 -0.3262200000000000
81 16 -2.1503600000000000
82 16 0.6175400000000000
83 16 -4.1387700000000001
84 16 -0.6253200000000000
3 17 0.0319900000000000
4 17 0.0052046353000000
5 17 -0.0018856794000000
6 17 -0.1277278126000000
7 17 0.0021971506000000
8 17 0.0037386384000000
9 17 -0.0066516328000000
10 17 -0.0469399077000000
11 17 -0.0025351279000000
12 17 -0.0038463722000000
13 17 0.2592171158000000
14 17 0.7822225548000000
15 17 -0.0092948318000000
16 17 0.1030143653000000
17 17 2.0242025746000007
18 17 0.0333534395000000
19 17 0.0000300000000000
20 17 0.0018700000000000
21 17 0.0011200000000000
22 17 0.0017400000000000
23 17 0.0022200000000000
24 17 0.0033700000000000
25 17 0.0030700000000000
26 17 0.0028400000000000
27 17 0.0013400000000000
28 17 0.0039300000000000
29 17 0.0012900000000000
30 17 0.0048900000000000
31 17 0.0493500000000000
32 17 -0.9973200000000000
33 17 0.0028800000000000
34 17 -0.0001277476000000
35 17 -0.0004782460000000
36 17 -0.0074903665000000
37 17 -0.0251462061000000
38 17 0.0000044349000000
45 17 0.0330526613000000
47 17 1.4479401224999999
49 17 0.0319900000000000
54 17 -0.0319900000000000
70 17 -0.0000300000000000
71 17 -0.0018700000000000
72 17 -0.0011200000000000
73 17 -0.0017400000000000
74 17 -0.0022200000000000
75 17 -0.0033700000000000
76 17 -0.0030700000000000
77 17 -0.0028400000000000
78 17 -0.0013400000000000
79 17 -0.0039300000000000
80 17 -0.0012900000000000
81 17 -0.0048900000000000
82 17 -0.0493500000000000
83 17 0.5345700000000000
84 17 -0.0028800000000000
3 18 0.2357200000000000
4 18 0.0853833393000000
5 18 -0.0248689507000000
6 18 0.0020775758000000
7 18 0.0407237704000000
8 18 0.0504816521000000
9 18 -0.0254062591000000
10 18 -0.0241961751000000
11 18 -0.0231727045000000
12 18 -0.0347847295000000
13 18 0.4213672406000000
14 18 1.3582946589000002
15 18 -0.0148016540000000
16 18 0.4304480781000001
17 18 0.0333534395000000
18 18 7.9427560035999996
19 18 0.0049100000000000
20 18 0.0350100000000000
21 18 0.0234100000000000
22 18 0.0229500000000000
23 18 0.0258200000000000
24 18 0.0427000000000000
25 18 0.0392300000000000
26 18 0.0306300000000000
27 18 0.0505900000000000
28 18 0.0294900000000000
29 18 0.0247900000000000
30 18 0.0193600000000000
31 18 0.0298600000000000
32 18 0.0300100000000000
33 18 -0.8666400000000000
34 18 -0.0000442854000000
35 18 -0.0054482416000000
36 18 -0.0057492523000000
37 18 -0.0091135189000000
38 18 -0.0002280545000000
42 18 -2.3999999999999999
43 18 2.3999999999999999
44 18 0.0187878600000000
45 18 -0.3839405356000000
47 18 2.4049062332000002
49 18 0.2357200000000000
52 18 0.0177900000000000
54 18 -0.2357200000000000
70 18 -0.1211900000000000
71 18 -0.0350100000000000
72 18 -0.0234100000000000
73 18 -0.0229500000000000
74 18 -0.0258200000000000
75 18 -0.0427000000000000
76 18 -0.0392300000000000
77 18 -0.0306300000000000
78 18 -0.0505900000000000
79 18 -0.0294900000000000
80 18 -0.0247900000000000
81 18 -0.0193600000000000
82 18 -0.0298600000000000
83 18 -0.6180100000000001
84 18 0.4056000000000000
1 19 -6.7260000000000000
4 19 -0.9495600000000000
5 19 0.0000200000000000
6 19 0.0196200000000000
7 19 0.0537200000000000
8 19 0.0180300000000000
9 19 0.0037400000000000
10 19 0.0282600000000000
11 19 0.0001100000000000
12 19 0.0016800000000000
13 19 0.0106200000000000
14 19 0.0042300000000000
15 19 0.0035200000000000
16 19 0.0364700000000000
17 19 0.0000300000000000
18 19 0.0049100000000000
19 19 10.0000000000000000
34 19 0.0001200000000000
35 19 0.0005900000000000
36 19 0.0013300000000000
38 19 0.1478300000000000
45 19 0.0112500000000000
70 19 -1.0000000000000000
1 20 -3.0600000000000001
4 20 0.0026000000000000
5 20 -0.8516500000000000
6 20 0.0363100000000000
7 20 0.0029000000000000
8 20 0.0030900000000000
9 20 0.0079300000000000
10 20 0.0281800000000000
11 20 0.0032700000000000
12 20 0.0178100000000000
13 20 0.0176900000000000
14 20 0.0054200000000000
15 20 0.0381400000000000
16 20 0.0374500000000000
17 20 0.0018700000000000
18 20 0.0350100000000000
20 20 10.0000000000000000
34 20 0.0007200000000000
35 20 0.0007200000000000
36 20 0.0013800000000000
37 20 0.0174300000000000
45 20 0.0093400000000000
71 20 -1.0000000000000000
1 21 -5.1930000000000005
4 21 0.0000800000000000
5 21 0.0084400000000000
6 21 -0.6891800000000000
7 21 0.0011900000000000
8 21 0.0017300000000000
9 21 0.0075100000000000
10 21 0.0068800000000000
11 21 0.0008500000000000
12 21 0.0029300000000000
13 21 0.0076100000000000
14 21 0.0026300000000000
15 21 0.0004800000000000
16 21 0.0200200000000000
17 21 0.0011200000000000
18 21 0.0234100000000000
21 21 10.0000000000000000
34 21 0.0002500000000000
35 21 0.0003500000000000
36 21 0.0009800000000000
37 21 0.0031500000000000
45 21 0.0482900000000000
72 21 -1.0000000000000000
1 22 -2.7600000000000002
4 22 0.2186200000000000
5 22 0.0005400000000000
6 22 0.0153600000000000
7 22 -0.8340200000000000
8 22 0.0035500000000000
9 22 0.0145300000000000
10 22 0.0055800000000000
11 22 0.0100500000000000
12 22 0.0055200000000000
13 22 0.0164200000000000
14 22 0.0014900000000000
15 22 0.0086900000000000
16 22 0.0874300000000000
17 22 0.0017400000000000
18 22 0.0229500000000000
22 22 10.0000000000000000
34 22 0.0000500000000000
35 22 0.0001000000000000
36 22 0.0007300000000000
37 22 0.0054700000000000
45 22 0.0127100000000000
73 22 -1.0000000000000000
1 23 -2.4150000000000000
4 23 0.0673600000000000
5 23 0.0002000000000000
6 23 0.0145100000000000
7 23 0.0043400000000000
8 23 -0.7800100000000000
9 23 0.0075400000000000
10 23 0.0625900000000000
11 23 0.0007300000000000
12 23 0.0050500000000000
13 23 0.0134200000000000
14 23 0.0028500000000000
15 23 0.0146100000000000
16 23 0.1153000000000000
17 23 0.0022200000000000
18 23 0.0258200000000000
23 23 10.0000000000000000
34 23 0.0000800000000000
35 23 0.0002700000000000
36 23 0.0011200000000000
37 23 0.0237200000000000
45 23 0.0305300000000000
74 23 -1.0000000000000000
1 24 -4.1189999999999998
4 24 0.0743900000000000
5 24 0.0009100000000000
6 24 0.0176000000000000
7 24 0.0061300000000000
8 24 0.0075400000000000
9 24 -0.8190100000000000
10 24 0.0293400000000000
11 24 0.0027300000000000
12 24 0.0078600000000000
13 24 0.0138800000000000
14 24 0.0027800000000000
15 24 0.0171700000000000
16 24 0.0843400000000000
17 24 0.0033700000000000
18 24 0.0427000000000000
24 24 10.0000000000000000
34 24 0.0001400000000000
35 24 0.0010500000000000
36 24 0.0020700000000000
37 24 0.0232600000000000
45 24 0.0518600000000000
75 24 -1.0000000000000000
1 25 -3.8580000000000001
4 25 0.0501100000000000
5 25 0.0067300000000000
6 25 0.0145800000000000
7 25 0.0154100000000000
8 25 0.0119000000000000
9 25 0.0273700000000000
10 25 -0.8577600000000000
11 25 0.0074900000000000
12 25 0.0084900000000000
13 25 0.0165000000000000
14 25 0.0022200000000000
15 25 0.0132500000000000
16 25 0.0968200000000000
17 25 0.0030700000000000
18 25 0.0392300000000000
25 25 10.0000000000000000
34 25 0.0003200000000000
35 25 0.0003800000000000
36 25 0.0019400000000000
37 25 0.0035300000000000
45 25 0.1251500000000000
76 25 -1.0000000000000000
1 26 -4.0020000000000007
4 26 0.0003200000000000
5 26 0.0273800000000000
6 26 0.0876500000000000
7 26 0.0020600000000000
8 26 0.0052700000000000
9 26 0.0355500000000000
10 26 0.0237800000000000
11 26 -0.9163500000000000
12 26 0.0147400000000000
13 26 0.0259500000000000
14 26 0.0096200000000000
15 26 0.0460200000000000
16 26 0.0963700000000000
17 26 0.0028400000000000
18 26 0.0306300000000000
26 26 10.0000000000000000
34 26 0.0001900000000000
35 26 0.0003800000000000
36 26 0.0015700000000000
37 26 0.0176700000000000
45 26 0.0407500000000000
77 26 -1.0000000000000000
1 27 -5.2080000000000002
4 27 0.0003400000000000
5 27 0.0616100000000000
6 27 0.0596000000000000
7 27 0.0046600000000000
8 27 0.0059200000000000
9 27 0.0089600000000000
10 27 0.0088900000000000
11 27 0.0157800000000000
12 27 -0.7898200000000000
13 27 0.0185400000000000
14 27 0.0045600000000000
15 27 0.0205100000000000
16 27 0.0655000000000000
17 27 0.0013400000000000
18 27 0.0505900000000000
27 27 10.0000000000000000
34 27 0.0001400000000000
35 27 0.0002100000000000
36 27 0.0006400000000000
37 27 0.0061500000000000
45 27 0.0515400000000000
78 27 -1.0000000000000000
1 28 -2.9399999999999999
4 28 0.0021300000000000
5 28 0.0086500000000000
6 28 0.0167400000000000
7 28 0.0025800000000000
8 28 0.0085700000000000
9 28 0.0169300000000000
10 28 0.0502400000000000
11 28 0.0057100000000000
12 28 0.1342900000000000
13 28 -0.8687000000000000
14 28 0.0010200000000000
15 28 0.0093100000000000
16 28 0.0506800000000000
17 28 0.0039300000000000
18 28 0.0294900000000000
28 28 10.0000000000000000
34 28 0.0006600000000000
35 28 0.0010100000000000
36 28 0.0027500000000000
37 28 0.0162800000000000
45 28 0.1216200000000000
79 28 -1.0000000000000000
1 29 -0.6360000000000000
4 29 0.0001700000000000
5 29 0.0098400000000000
6 29 0.0090400000000000
7 29 0.0030600000000000
8 29 0.0030300000000000
9 29 0.0429700000000000
10 29 0.0168100000000000
11 29 0.1203700000000000
12 29 0.0944600000000000
13 29 0.0948800000000000
14 29 -0.9958100000000000
15 29 0.0054500000000000
16 29 0.1165200000000000
17 29 0.0012900000000000
18 29 0.0247900000000000
29 29 10.0000000000000000
34 29 0.0003300000000000
35 29 0.0007900000000000
36 29 0.0026200000000000
37 29 0.0214500000000000
45 29 0.0436400000000000
80 29 -1.0000000000000000
1 30 -13.6020000000000003
5 30 0.0014400000000000
6 30 0.0995700000000000
7 30 0.0009400000000000
8 30 0.0025200000000000
9 30 0.0057600000000000
10 30 0.0061200000000000
11 30 0.0005300000000000
12 30 0.0066600000000000
13 30 0.0359700000000000
14 30 0.0189700000000000
15 30 -0.9437200000000000
16 30 0.0412700000000000
17 30 0.0048900000000000
18 30 0.0193600000000000
30 30 10.0000000000000000
34 30 0.0006700000000000
35 30 0.0004400000000000
36 30 0.0042600000000000
37 30 0.0070000000000000
45 30 0.0320500000000000
81 30 -1.0000000000000000
1 31 -1.4820000000000000
4 31 0.0000600000000000
5 31 0.0001200000000000
6 31 0.0030900000000000
7 31 0.0010900000000000
8 31 0.0018700000000000
9 31 0.0078100000000000
10 31 0.0017900000000000
11 31 0.0004400000000000
12 31 0.0027800000000000
13 31 0.0058700000000000
14 31 0.0015100000000000
15 31 0.0072400000000000
16 31 -0.9935900000000000
17 31 0.0493500000000000
18 31 0.0298600000000000
31 31 10.0000000000000000
34 31 0.0000200000000000
35 31 0.0003200000000000
36 31 0.0031600000000000
37 31 0.0114000000000000
45 31 0.0014700000000000
82 31 -1.0000000000000000
1 32 -28.0799699999999994
5 32 0.0005500000000000
6 32 0.1292000000000000
7 32 0.0036200000000000
8 32 0.0016600000000000
9 32 0.0058300000000000
10 32 0.0463900000000000
11 32 0.0002900000000000
12 32 0.0037900000000000
13 32 0.0184000000000000
14 32 0.0087100000000000
15 32 0.0057900000000000
16 32 0.0753300000000000
17 32 -0.9973200000000000
18 32 0.0300100000000000
32 32 10.0000000000000000
34 32 0.0001400000000000
35 32 0.0005300000000000
36 32 0.0077500000000000
37 32 0.0262000000000000
45 32 0.0395900000000000
83 32 -1.0000000000000000
1 33 -9.0299999999999994
4 33 0.0003600000000000
5 33 0.0000900000000000
6 33 0.0023600000000000
7 33 0.0028000000000000
8 33 0.0023100000000000
9 33 0.0086100000000000
10 33 0.0096400000000000
11 33 0.0004900000000000
12 33 0.0041500000000000
13 33 0.0174400000000000
14 33 0.0088200000000000
15 33 0.0059800000000000
16 33 0.0309300000000000
17 33 0.0028800000000000
18 33 -0.8666400000000000
33 33 10.0000000000000000
34 33 0.0001800000000000
35 33 0.0065300000000000
36 33 0.0077000000000000
37 33 0.0170700000000000
45 33 0.0070000000000000
84 33 -1.0000000000000000
4 34 -0.0000676493000000
5 34 -0.0005849074000000
6 34 -0.0000104234000000
7 34 -0.0000213137000000
8 34 -0.0000416786000000
9 34 -0.0000567932000000
10 34 -0.0001828541000000
11 34 -0.0001219939000000
12 34 0.0000360789000000
13 34 -0.0004795415000000
14 34 -0.0003034612000000
15 34 -0.0005744520000000
16 34 0.0002160043000000
17 34 -0.0001277476000000
18 34 -0.0000442854000000
19 34 0.0001200000000000
20 34 0.0007200000000000
21 34 0.0002500000000000
22 34 0.0000500000000000
23 34 0.0000800000000000
24 34 0.0001400000000000
25 34 0.0003200000000000
26 34 0.0001900000000000
27 34 0.0001400000000000
28 34 0.0006600000000000
29 34 0.0003300000000000
30 34 0.0006700000000000
31 34 0.0000200000000000
32 34 0.0001400000000000
33 34 0.0001800000000000
34 34 1.0000018277000007
35 34 0.0000035516000000
36 34 0.0000108908000000
37 34 0.0000535944000000
38 34 0.0000177396000000
39 34 -1.0000000000000000
45 34 0.0002084676000000
70 34 -0.0001200000000000
71 34 -0.0007200000000000
72 34 -0.0002500000000000
73 34 -0.0000500000000000
74 34 -0.0000800000000000
75 34 -0.0001400000000000
76 34 -0.0003200000000000
77 34 -0.0001900000000000
78 34 -0.0001400000000000
79 34 -0.0006600000000000
80 34 -0.0003300000000000
81 34 -0.0006700000000000
82 34 -0.0000200000000000
83 34 -0.0001400000000000
84 34 -0.0001800000000000
4 35 -0.0004162913000000
5 35 -0.0005651975000000
6 35 0.0000245385000000
7 35 -0.0000079890000000
8 35 -0.0001523742000000
9 35 -0.0007047434000000
10 35 -0.0000725864000000
11 35 -0.0002306808000000
12 35 0.0001111581000000
13 35 -0.0005995615000000
14 35 -0.0006980059000000
15 35 -0.0002777158000000
16 35 0.0003564319000000
17 35 -0.0004782460000000
18 35 -0.0054482416000000
19 35 0.0005900000000000
20 35 0.0007200000000000
21 35 0.0003500000000000
22 35 0.0001000000000000
23 35 0.0002700000000000
24 35 0.0010500000000000
25 35 0.0003800000000000
26 35 0.0003800000000000
27 35 0.0002100000000000
28 35 0.0010100000000000
29 35 0.0007900000000000
30 35 0.0004400000000000
31 35 0.0003200000000000
32 35 0.0005300000000000
33 35 0.0065300000000000
34 35 0.0000035516000000
35 35 1.0000473692999998
36 35 0.0000682598000000
37 35 0.0002198434000000
38 35 0.0000872197000000
40 35 -1.0000000000000000
45 35 0.0004066732000000
70 35 -0.0005900000000000
71 35 -0.0007200000000000
72 35 -0.0003500000000000
73 35 -0.0001000000000000
74 35 -0.0002700000000000
75 35 -0.0010500000000000
76 35 -0.0003800000000000
77 35 -0.0003800000000000
78 35 -0.0002100000000000
79 35 -0.0010100000000000
80 35 -0.0007900000000000
81 35 -0.0004400000000000
82 35 -0.0003200000000000
83 35 -0.0005300000000000
84 35 -0.0065300000000000
4 36 -0.0007630274000000
5 36 -0.0010079667000000
6 36 0.0011918661000000
7 36 -0.0004063809000000
8 36 -0.0007115212000000
9 36 -0.0012185403000000
10 36 -0.0007552253000000
11 36 -0.0010540020000000
12 36 0.0003050336000000
13 36 -0.0015053097000000
14 36 -0.0023371711000000
15 36 -0.0036394520000000
16 36 -0.0008289122000000
17 36 -0.0074903665000000
18 36 -0.0057492523000000
19 36 0.0013300000000000
20 36 0.0013800000000000
21 36 0.0009800000000000
22 36 0.0007300000000000
23 36 0.0011200000000000
24 36 0.0020700000000000
25 36 0.0019400000000000
26 36 0.0015700000000000
27 36 0.0006400000000000
28 36 0.0027500000000000
29 36 0.0026200000000000
30 36 0.0042600000000000
31 36 0.0031600000000000
32 36 0.0077500000000000
33 36 0.0077000000000000
34 36 0.0000108908000000
35 36 0.0000682598000000
36 36 1.0001792566000001
37 36 0.0006456762000000
38 36 0.0001966139000000
41 36 -1.0000000000000000
45 36 0.0015164446000000
70 36 -0.0013300000000000
71 36 -0.0013800000000000
72 36 -0.0009800000000000
73 36 -0.0007300000000000
74 36 -0.0011200000000000
75 36 -0.0020700000000000
76 36 -0.0019400000000000
77 36 -0.0015700000000000
78 36 -0.0006400000000000
79 36 -0.0027500000000000
80 36 -0.0026200000000000
81 36 -0.0042600000000000
82 36 -0.0031600000000000
83 36 -0.0077500000000000
84 36 -0.0077000000000000
4 37 0.0047992978000000
5 37 -0.0135230618000000
6 37 0.0058902980000000
7 37 -0.0038735234000000
8 37 -0.0177497994000000
9 37 -0.0162236801000000
10 37 0.0027791290000000
11 37 -0.0131733717000000
12 37 0.0005463530000000
13 37 -0.0093146719000000
14 37 -0.0203657193000000
15 37 -0.0035554258000000
16 37 0.0031261900000000
17 37 -0.0251462061000000
18 37 -0.0091135189000000
20 37 0.0174300000000000
21 37 0.0031500000000000
22 37 0.0054700000000000
23 37 0.0237200000000000
24 37 0.0232600000000000
25 37 0.0035300000000000
26 37 0.0176700000000000
27 37 0.0061500000000000
28 37 0.0162800000000000
29 37 0.0214500000000000
30 37 0.0070000000000000
31 37 0.0114000000000000
32 37 0.0262000000000000
33 37 0.0170700000000000
34 37 0.0000535944000000
35 37 0.0002198434000000
36 37 0.0006456762000000
37 37 1.0036917523999997
42 37 -1.0000000000000000
45 37 0.0081075792000000
71 37 -0.0174300000000000
72 37 -0.0031500000000000
73 37 -0.0054700000000000
74 37 -0.0237200000000000
75 37 -0.0232600000000000
76 37 -0.0035300000000000
77 37 -0.0176700000000000
78 37 -0.0061500000000000
79 37 -0.0162800000000000
80 37 -0.0214500000000000
81 37 -0.0070000000000000
82 37 -0.0114000000000000
83 37 -0.0262000000000000
84 37 -0.0170700000000000
2 38 0.1608500000000000
4 38 -0.1620021542000000
5 38 0.0000029566000000
6 38 0.0029004246000000
7 38 0.0079414276000000
8 38 0.0026653749000000
9 38 0.0005528842000000
10 38 0.0041776758000000
11 38 0.0000162613000000
12 38 0.0002483544000000
13 38 -0.0039882946000000
14 38 -0.0137287531000000
15 38 0.0005203616000000
16 38 -0.0000821695000000
17 38 0.0000044349000000
18 38 -0.0002280545000000
19 38 0.1478300000000000
34 38 0.0000177396000000
35 38 0.0000872197000000
36 38 0.0001966139000000
38 38 1.0506015358000000
43 38 -1.0000000000000000
45 38 -0.0039884605000000
47 38 -0.0536200000000000
52 38 -0.2144700000000000
70 38 -0.1478300000000000
34 39 -1.0000000000000000
39 39 4.0293000000000001
40 39 -1.9810999999999999
41 39 -0.1220000000000000
42 39 -4.0000000000000000
104 39 0.0200000000000000
106 39 0.1700000000000000
35 40 -1.0000000000000000
39 40 -1.9810999999999999
40 40 6.0660999999999996
41 40 -0.9716000000000000
42 40 2.3199999999999998
104 40 0.1800000000000000
105 40 0.1600000000000000
106 40 0.0900000000000000
36 41 -1.0000000000000000
39 41 -0.1220000000000000
40 41 -0.9716000000000000
41 41 13.8615999999999993
42 41 0.0800000000000000
104 41 1.8999999999999999
105 41 0.0400000000000000
106 41 2.0000000000000000
18 42 -2.3999999999999999
37 42 -1.0000000000000000
39 42 -4.0000000000000000
40 42 2.3199999999999998
41 42 0.0800000000000000
42 42 38.0000000000000000
43 42 -2.0000000000000000
105 42 2.0000000000000000
18 43 2.3999999999999999
38 43 -1.0000000000000000
42 43 -2.0000000000000000
43 43 4.0000000000000000
4 44 -1.0000000000000000
5 44 -1.0000000000000000
6 44 -1.0000000000000000
7 44 -1.5321500000000001
8 44 -1.0829200000000001
9 44 -1.0572800000000000
10 44 -1.2375499999999999
11 44 -1.0285500000000001
12 44 -1.0827800000000001
13 44 -1.2787700000000000
16 44 0.0974025000000000
18 44 0.0187878600000000
44 44 11.7496096399999992
45 44 -0.8658000000000000
3 45 0.0083500000000000
4 45 0.2220852502000000
5 45 0.0095620080000000
6 45 -0.0104396307000000
7 45 -0.0378083178000000
8 45 -0.1071493274000000
9 45 -0.0036742418000000
10 45 -0.0474270794000000
11 45 -0.0123700091000000
12 45 0.1480447810000000
13 45 2.2866951784999996
14 45 5.6199749384000004
15 45 0.1481979824000000
16 45 1.8265346940999998
17 45 0.0330526613000000
18 45 -0.3839405356000000
19 45 0.0112500000000000
20 45 0.0093400000000000
21 45 0.0482900000000000
22 45 0.0127100000000000
23 45 0.0305300000000000
24 45 0.0518600000000000
25 45 0.1251500000000000
26 45 0.0407500000000000
27 45 0.0515400000000000
28 45 0.1216200000000000
29 45 0.0436400000000000
30 45 0.0320500000000000
31 45 0.0014700000000000
32 45 0.0395900000000000
33 45 0.0070000000000000
34 45 0.0002084676000000
35 45 0.0004066732000000
36 45 0.0015164446000000
37 45 0.0081075792000000
38 45 -0.0039884605000000
44 45 -0.8658000000000000
45 45 4.5883689526000015
46 45 -1.0000000000000000
47 45 12.7009823055000002
48 45 1.0000000000000000
49 45 0.0083500000000000
52 45 0.1054000000000000
54 45 -0.0083500000000000
70 45 -0.7000200000000000
71 45 -0.2835400000000000
72 45 -0.9772399999999999
73 45 -0.5131400000000000
74 45 -0.7524800000000000
75 45 -0.9173600000000000
76 45 -1.3720100000000000
77 45 -0.5936199999999999
78 45 -1.4131499999999999
79 45 -1.0415400000000001
80 45 -0.1585700000000000
81 45 -1.0429599999999999
82 45 -0.0302700000000000
83 45 -2.3267899999999999
84 45 -0.1579000000000000
45 46 -1.0000000000000000
46 46 4.0000000000000000
48 46 -1.0000000000000000
53 46 -1.0000000000000000
4 47 2.3173462913999998
5 47 0.1157700600000000
6 47 0.0075132778000000
7 47 0.0450336814000000
8 47 0.0383828750000000
9 47 0.2095656623000000
10 47 0.1366626637000000
11 47 0.1230143442000000
12 47 0.6280567880000000
13 47 26.0912522725999985
14 47 70.1892050219999959
15 47 2.3276519784000000
16 47 20.3834477087000003
17 47 1.4479401224999999
18 47 2.4049062332000002
38 47 -0.0536200000000000
45 47 12.7009823055000002
47 47 140.1665196451999975
48 47 -1.0000000000000000
52 47 1.0000000000000000
70 47 -6.5348699999999997
71 47 -3.0626999999999995
72 47 -5.1935099999999998
73 47 -2.7582899999999997
74 47 -2.3864999999999998
75 47 -4.1045699999999998
76 47 -3.8021700000000003
77 47 -4.0345800000000001
78 47 -5.1741600000000005
